   30662920.879368909     
   69544480.604669765     
   28231335.596559789     
   48523634.756766215     
   89262177.634408191     
   218114142.55479053     
   1024254881.6903801     
   9351715.1604227889     
   39467504151.439621     
   29762295982.144367     
   326338624008.53229     
   5752598589178.8994     
   20921588538234.156     
   246904972355012.84     
   109858502115630.05     
   887930773039912.88     
   1743029339061265.8     
   61030364988890848.     
   61030364988890848.     
   26570.405055651798     
   9352.8241539736409     
   27596.037502903266     
   1175.9764618229785     
   1175.9764618229785     
   16584.441594128839     
   113080.56761564789     
   5276.3296902257644     
   6058.7591032926512     
   8788.5462337959325     
   8788.5462337959325     
   604641.07015715085     
   589971.13175842981     
   731212.46311874280     
   545.44527890667086     
   524.25879828074437     
   6529.0049767729215     
   118054.04378266733     
   63393.486569614346     
   8204.8380314845508     
   7346.0142123808955     
   2326.0803428712725     
   2336.5782008090573     
   3017.7542218589651     
   49984.787881123855     
   37699.013917611679     
   671.26277084746312     
   17239.856908867379     
   5489.6604351560500     
   87954.624027406797     
   73415.560463841917     
   33333.754983256207     
   2433.9186151581152     
   196384.94271910432     
   88975.783138938714     
   26485.018009836087     
   14076.632917524845     
   5084.0995582658988     
   3949.3412084962911     
   14066.664971205739     
   43794.108420606106     
   12365.684902647617     
   19869.961063942836     
   24073.725059422224     
   60541.994517692481     
   1.1357880242060770E+026
   1106.4934991744828     
   10430.492259219094     
   1183158.6148801474     
   88624.741014571060     
   179692.77025424971     
   72152.080461232865     
   18424.592519140482     
   1534.1293915673898     
   3705.5311613475837     
   243.81774803487207     
   42448.527298553672     
   42448.527298553672     
   2.8061785086626817E+035
   212.29817249316139     
   1925.9478665778099     
   175292.00359761022     
   300081.55221934489     
   1008213.7965774433     
   6.0710256483235209E+039
   6.0710256483235209E+039
   1.6916518659298556E+041
   441.88442899759860     
   1052.2116198870758     
   1368.3677902416528     
   404465.37310502556     
   6.9331932144510277E+044
   2868.0599589169092     
   134.37771622444274     
   120754.72282773009     
   29255.527142201187     
   287069.12306915614     
   741154.63945764571     
   7.9178002092914579E+049
   2371.4837522097355     
   17168.478793871502     
   76096.639335631000     
   3377.0070537156125     
   8201.2046516664141     
   7056518.3018130362     
   5608210.6271984233     
   5588858.9677072894     
   4615964.8186115017     
   4107045.9622196718     
   4107045.9622196718     
   7768276.3693402698     
   133541.92924664219     
   4243.8172797406041     
   748.66274626883182     
   268688.95703161013     
   1337.7520054090439     
   2306.1034786775872     
   4.2322305856773267E+063
   4.2322305856773267E+063
   1.1792835645956300E+065
   752.62609120042441     
   1309.0241349437451     
   898.14330741825881     
   4237932.6158065582     
   4144071.5138775385     
   11887.719318990694     
   164821.78690556018     
   30771.675239161319     
   5645107.6968813352     
   119113.29308734664     
   7035490.6975069353     
   5.5196532115292916E+073
   4114046.9277994703     
   60367.773139938276     
   4848051.7592208935     
   97962.703926051705     
   5955170.9223731924     
   5326174.9888775181     
   108495.11515331708     
   162081.01589163768     
   6602762.9936414175     
   9.2716368971603795E+080
   1273.0810771260783     
   4298285.1308425320     
   147226.56478378721     
   10845.459253961239     
   196176.45308707340     
   168096.81232989446     
   6825806.5108425878     
   6359133.1642980902     
   83237.598787600858     
   234798.57686645968     
   39164.227490383724     
   59929.518718969164     
   7195158.3140026135     
   1.2092020824369739E+091
   4094033.9841148197     
   4091590.1765971202     
   4390711.3164305054     
   4885331.7282468006     
   67370.349284310301     
   155899.71949624459     
   6046833.4117296822     
   108784.07189298708     
   3.8478580881332969E+097
   4254529.9950648248     
   4196085.2156052683     
   188681.56162715174     
   2.9875617844594660E+100
   1.5770350935741816E+101
   8.3246468719123174E+101
   4.3943058606881778E+102
   2.3196087827377880E+103
   1.2244447873074647E+104
   6.4634392157925435E+104
   3.4118358728211678E+105
   1.8009953578007018E+106
   9.5068590627650402E+106
   5.0183565908601999E+107
   2.6490245313161662E+108
   1.3983324700949534E+109
   7.3813348038356890E+109
   3.8963626069997729E+110
   2.0567610017278957E+111
   1.0856961337810574E+112
   5.7310309458263423E+112
   3.0252217614180696E+113
   1.5969145503257875E+114
   8.4295839517128130E+114
   4.4496986757668173E+115
   2.3488488184636710E+116
   1.2398796354558600E+117
   6.5449146762185852E+117
   3.4548440747018298E+118
   1.8236979656698136E+119
   9.6266986239466013E+119
   5.0816159331656660E+120
   2.6824170466880924E+121
   1.4159592749624455E+122
   7.4743808790941731E+122
   3.9454785539118205E+123
   2.0826876862695632E+124
   1.0993819733827429E+125
   5.8032739683778928E+125
   3.0633564645804609E+126
   1.6170445993453447E+127
   8.5358438252469561E+127
   4.5057897499242734E+128
   2.3784574420719638E+129
   1.2555090489614137E+130
   6.6274171828393829E+130
   3.4983944203133007E+131
   1.8466867532904851E+132
   9.7480488334221264E+132
   5.1456726967616382E+133
   2.7162304943955552E+134
