tried moves    experiment_1   _ coord. constraints_1 _                                                                                                                                                                                                                                                                                                                                                                                                                                                                          
        0  1890374   0.000E+00   0.000E+00
  OPTIMIZATION STUFF
     1890374  -303057331512567.88        7.5044902225678566E+029
   811544993252541.25       -1114602324765109.1     
        0  1662721   0.000E+00   0.000E+00
  OPTIMIZATION STUFF
     1662721  -190707009775021.88        2.3518240432338301E+029
   445884784160721.00       -636591793935742.88     
        0  1589115   0.000E+00   0.000E+00
  OPTIMIZATION STUFF
     1589115  -196169534615260.00        2.4261183268606501E+029
   451806757779138.69       -647976292394398.75     
        0  1633337   0.000E+00   0.000E+00
  OPTIMIZATION STUFF
     1633337  -193340565970230.19        2.3901784200014330E+029
   449040385211012.38       -642380951181242.50     
        0  1657402   0.000E+00   0.000E+00
  OPTIMIZATION STUFF
     1657402  -196153075717366.78        2.4214393068133689E+029
   451295802736912.12       -647448878454278.88     
        0  1651217   0.000E+00   0.000E+00
  OPTIMIZATION STUFF
     1651217  -187061391688714.66        2.2153006691341159E+029
   431900570331752.25       -618961962020466.88     
        0  1535459   0.000E+00   0.000E+00
  OPTIMIZATION STUFF
     1535459  -135356496005512.27        1.1377667687703853E+029
   308958404750782.38       -444314900756294.62     
        0  1647015   0.000E+00   0.000E+00
  OPTIMIZATION STUFF
     1647015  -132294089610679.41        1.1127784051817764E+029
   306228859469938.19       -438522949080617.62     
        0  1706435   0.000E+00   0.000E+00
  OPTIMIZATION STUFF
     1706435  -131904760509567.23        1.1088861574047943E+029
   305760935855764.88       -437665696365332.12     
        0  1692621   0.000E+00   0.000E+00
  OPTIMIZATION STUFF
     1692621  -132389589872834.92        1.1147393893913281E+029
   306507643350757.88       -438897233223592.81     
        0  1705411   0.000E+00   0.000E+00
  OPTIMIZATION STUFF
     1705411  -132500142194544.66        1.1141622752586928E+029
   306365696259053.69       -438865838453598.38     
        0  1708182   0.000E+00   0.000E+00
  OPTIMIZATION STUFF
     1708182  -130508253804419.34        1.0973783677681303E+029
   304475668101302.12       -434983921905721.50     
        0  1706473   0.000E+00   0.000E+00
  OPTIMIZATION STUFF
     1706473  -132076452425640.53        1.1120717116597642E+029
   306207416436365.75       -438283868862006.25     
        0  1676085   0.000E+00   0.000E+00
  OPTIMIZATION STUFF
     1676085  -132971806322559.09        1.1181066443591898E+029
   306804763912222.88       -439776570234782.00     
        0  1604410   0.000E+00   0.000E+00
  OPTIMIZATION STUFF
     1604410  -133525034124784.34        1.1207643619834492E+029
   306997559371927.38       -440522593496711.75     
        0  1626243   0.000E+00   0.000E+00
  OPTIMIZATION STUFF
     1626243  -128713943734196.80        1.0832249085835265E+029
   302911227171827.81       -431625170906024.62     
        0  1697533   0.000E+00   0.000E+00
  OPTIMIZATION STUFF
     1697533  -131208583279469.11        1.1024912328719364E+029
   305013820934377.06       -436222404213846.19     
        0  1629401   0.000E+00   0.000E+00
  OPTIMIZATION STUFF
     1629401  -134434095719924.36        1.1323149887660804E+029
   308478480261710.06       -442912575981634.44     
        0  1647867   0.000E+00   0.000E+00
  OPTIMIZATION STUFF
     1647867  -129115547553371.67        1.0858677763496167E+029
   303176438753005.12       -432291986306376.81     
        0  1633592   0.000E+00   0.000E+00
  OPTIMIZATION STUFF
     1633592  -131582396338940.42        1.1080927336876163E+029
   305770087389959.75       -437352483728900.19     
        0  1667386   0.000E+00   0.000E+00
  OPTIMIZATION STUFF
     1667386  -129901774394252.31        1.0937295863167177E+029
   304135640201697.75       -434037414595950.06     
        0  1699999   0.000E+00   0.000E+00
  OPTIMIZATION STUFF
     1699999  -129904664649886.22        1.0903284060817768E+029
   303574733320113.88       -433479397970000.12     
        0  1586503   0.000E+00   0.000E+00
  OPTIMIZATION STUFF
     1586503  -130016772738612.84        1.0930783616603911E+029
   303979398928077.06       -433996171666689.88     
        0  1642686   0.000E+00   0.000E+00
  OPTIMIZATION STUFF
     1642686  -128362632907404.67        1.0793518359624022E+029
   302420597958074.06       -430783230865478.75     
        0  1680646   0.000E+00   0.000E+00
  OPTIMIZATION STUFF
     1680646  -129772748098138.98        1.0906864830608820E+029
   303690108757504.94       -433462856855643.94     
        0  1810988   0.000E+00   0.000E+00
  OPTIMIZATION STUFF
     1810988  -134171954756279.97        1.1302900405815830E+029
   308264319399824.56       -442436274156104.50     
        0  1700917   0.000E+00   0.000E+00
  OPTIMIZATION STUFF
     1700917  -131782209243687.73        1.1076936146860621E+029
   305618734365972.94       -437400943609660.69     
        0  1645883   0.000E+00   0.000E+00
  OPTIMIZATION STUFF
     1645883  -135964342544484.33        1.1426237466520808E+029
   309477094825536.69       -445441437370021.00     
        0  1668978   0.000E+00   0.000E+00
  OPTIMIZATION STUFF
     1668978  -134323130682456.42        1.1284801986670710E+029
   307904719727338.44       -442227850409794.88     
        0  1606878   0.000E+00   0.000E+00
  OPTIMIZATION STUFF
     1606878  -132490269952130.27        1.1158694997441289E+029
   306648460525117.50       -439138730477247.75     
        0  1622693   0.000E+00   0.000E+00
  OPTIMIZATION STUFF
     1622693  -132804942154884.83        1.1169077422594205E+029
   306681628998510.06       -439486571153394.88     
        0  1541725   0.000E+00   0.000E+00
  OPTIMIZATION STUFF
     1541725  -134165658596787.25        1.1310152751037741E+029
   308384668172183.50       -442550326768970.75     
        0  1556788   0.000E+00   0.000E+00
  OPTIMIZATION STUFF
     1556788  -132753624771086.20        1.1176898042696320E+029
   306831314466272.94       -439584939237359.12     
        0  1794039   0.000E+00   0.000E+00
  OPTIMIZATION STUFF
     1794039  -134494010442448.39        1.1331713245991823E+029
   308591143124725.50       -443085153567173.88     
        0  1775748   0.000E+00   0.000E+00
  OPTIMIZATION STUFF
     1775748  -132571203797029.64        1.1121499644160324E+029
   306006327329043.44       -438577531126073.06     
        0  1903164   0.000E+00   0.000E+00
  OPTIMIZATION STUFF
     1903164  -132277670237652.59        1.1103910908432204E+029
   305845920425335.88       -438123590662988.50     
        0  1922324   0.000E+00   0.000E+00
  OPTIMIZATION STUFF
     1922324  -133646357221873.55        1.1230621893156204E+029
   307318841161562.06       -440965198383435.62     
        0  1895889   0.000E+00   0.000E+00
  OPTIMIZATION STUFF
     1895889  -132113773538525.88        1.1122927423563830E+029
   306227407455716.44       -438341180994242.31     
        0  1856610   0.000E+00   0.000E+00
  OPTIMIZATION STUFF
     1856610  -132821648057574.83        1.1176005730945055E+029
   306787332066890.06       -439608980124464.88     
        0  1799789   0.000E+00   0.000E+00
  OPTIMIZATION STUFF
     1799789  -132565789656546.19        1.1165272568130255E+029
   306723062540199.12       -439288852196745.31     
        0  1667352   0.000E+00   0.000E+00
  OPTIMIZATION STUFF
     1667352  -132421318353976.23        1.1135836494097719E+029
   306305336855844.00       -438726655209820.25     
        0  1697559   0.000E+00   0.000E+00
  OPTIMIZATION STUFF
     1697559  -134161227975077.92        1.1291529189921214E+029
   308084496213995.38       -442245724189073.31     
        0  1630102   0.000E+00   0.000E+00
  OPTIMIZATION STUFF
     1630102  -131858251814999.59        1.1094548684745889E+029
   305873974498895.62       -437732226313895.25     
        0  1679236   0.000E+00   0.000E+00
  OPTIMIZATION STUFF
     1679236  -134365777055847.25        1.1315502258235639E+029
   308384274142724.00       -442750051198571.25     
        0  1587965   0.000E+00   0.000E+00
  OPTIMIZATION STUFF
     1587965  -134677433066935.14        1.1317301546381462E+029
   308277479693726.31       -442954912760661.44     
        0  1572300   0.000E+00   0.000E+00
  OPTIMIZATION STUFF
     1572300  -137789766584073.80        1.1598255263055424E+029
   311442663832784.31       -449232430416858.12     
        0  1574010   0.000E+00   0.000E+00
  OPTIMIZATION STUFF
     1574010  -135020552601401.89        1.1350317660052268E+029
   308662642663045.25       -443683195264447.12     
        0  1638780   0.000E+00   0.000E+00
  OPTIMIZATION STUFF
     1638780  -131055724380411.08        1.1015700399139336E+029
   304928518014499.75       -435984242394910.81     
        0  1564722   0.000E+00   0.000E+00
  OPTIMIZATION STUFF
     1564722  -130722262485047.94        1.0995859967515191E+029
   304746271127215.19       -435468533612263.12     
        0  1570627   0.000E+00   0.000E+00
  OPTIMIZATION STUFF
     1570627  -133359257162995.06        1.1200436354458522E+029
   306952230931002.31       -440311488093997.38     
        0  1552999   0.000E+00   0.000E+00
  OPTIMIZATION STUFF
     1552999  -130270335009955.02        1.0952102673658479E+029
   304221410411855.94       -434491745421810.94     
        0  1694921   0.000E+00   0.000E+00
  OPTIMIZATION STUFF
     1694921  -129798438983373.77        1.0930480240734859E+029
   304067702403310.19       -433866141386683.94     
        0  1660146   0.000E+00   0.000E+00
  OPTIMIZATION STUFF
     1660146  -132890992720000.22        1.1210828897041069E+029
   307324377530165.25       -440215370250165.50     
        0  1723055   0.000E+00   0.000E+00
  OPTIMIZATION STUFF
     1723055  -134119514467126.44        1.1297505012965794E+029
   308199620325464.06       -442319134792590.50     
        0  1790677   0.000E+00   0.000E+00
  OPTIMIZATION STUFF
     1790677  -134012834252169.62        1.1275641838323308E+029
   307891179865441.38       -441904014117611.00     
        0  1759191   0.000E+00   0.000E+00
  OPTIMIZATION STUFF
     1759191  -129914972279957.39        1.0939947254228970E+029
   304173589451463.69       -434088561731421.06     
        0  1634402   0.000E+00   0.000E+00
  OPTIMIZATION STUFF
     1634402  -131378602082069.09        1.1053360648176217E+029
   305406727818369.31       -436785329900438.38     
        0  1566505   0.000E+00   0.000E+00
  OPTIMIZATION STUFF
     1566505  -132325176108681.92        1.1132514578691913E+029
   306292659975268.50       -438617836083950.44     
        0  1683037   0.000E+00   0.000E+00
  OPTIMIZATION STUFF
     1683037  -130856243802212.31        1.1003296124865715E+029
   304810768685479.88       -435667012487692.19     
        0  1605707   0.000E+00   0.000E+00
  OPTIMIZATION STUFF
     1605707  -131360111153606.52        1.1065573451506540E+029
   305614554157320.06       -436974665310926.56     
        0  1591593   0.000E+00   0.000E+00
  OPTIMIZATION STUFF
     1591593  -130231943719358.42        1.0959591271194733E+029
   304360893590200.25       -434592837309558.69     
        0  1709901   0.000E+00   0.000E+00
  OPTIMIZATION STUFF
     1709901  -130353628660457.23        1.0928513990054389E+029
   303797747515671.19       -434151376176128.44     
        0  1737426   0.000E+00   0.000E+00
  OPTIMIZATION STUFF
     1737426  -129600311034913.66        1.0896518326599561E+029
   303593383731676.94       -433193694766590.62     
        0  1530191   0.000E+00   0.000E+00
  OPTIMIZATION STUFF
     1530191  -129259778681301.47        1.0856356657492246E+029
   303076683679532.56       -432336462360834.00     
        0  1519313   0.000E+00   0.000E+00
  OPTIMIZATION STUFF
     1519313  -130763641198440.77        1.0984698676365658E+029
   304545328160164.06       -435308969358604.81     
        0  1530104   0.000E+00   0.000E+00
  OPTIMIZATION STUFF
     1530104  -134600621918597.09        1.1328409212767428E+029
   308491109607394.00       -443091731525991.12     
        0  1698377   0.000E+00   0.000E+00
  OPTIMIZATION STUFF
     1698377  -131248656805968.44        1.1033366855596880E+029
   305135148159955.38       -436383804965923.81     
        0  1818739   0.000E+00   0.000E+00
  OPTIMIZATION STUFF
     1818739  -134823990688147.42        1.1340027761063299E+029
   308581867817205.56       -443405858505353.00     
        0  1654540   0.000E+00   0.000E+00
  OPTIMIZATION STUFF
     1654540  -133678665973710.45        1.1254681361651350E+029
   307695999129014.75       -441374665102725.19     
        0  1582187   0.000E+00   0.000E+00
  OPTIMIZATION STUFF
     1582187  -132178307621114.75        1.1151243184336609E+029
   306661583570202.06       -438839891191316.81     
        0  1645315   0.000E+00   0.000E+00
  OPTIMIZATION STUFF
     1645315  -130143711082760.61        1.0957746085157225E+029
   304368321803007.56       -434512032885768.19     
        0  1724767   0.000E+00   0.000E+00
  OPTIMIZATION STUFF
     1724767  -131463728144237.62        1.1066902080171641E+029
   305591735791618.56       -437055463935856.19     
        0  1623166   0.000E+00   0.000E+00
  OPTIMIZATION STUFF
     1623166  -131776232375577.22        1.1068136284335685E+029
   305477310817439.81       -437253543193017.00     
        0  1633309   0.000E+00   0.000E+00
  OPTIMIZATION STUFF
     1633309  -132648414966263.98        1.1180399269276976E+029
   306933853948546.38       -439582268914810.38     
        0  1863629   0.000E+00   0.000E+00
  OPTIMIZATION STUFF
     1863629  -132733822021541.58        1.1158781066472650E+029
   306544520675676.44       -439278342697218.00     
        0  1778213   0.000E+00   0.000E+00
  OPTIMIZATION STUFF
     1778213  -131831647839801.86        1.1083296686122075E+029
   305701461378684.31       -437533109218486.19     
        0  1723463   0.000E+00   0.000E+00
  OPTIMIZATION STUFF
     1723463  -135511757432657.52        1.1415817165856122E+029
   309507245886221.25       -445019003318878.75     
        0  1676232   0.000E+00   0.000E+00
  OPTIMIZATION STUFF
     1676232  -136353708794576.91        1.1469172972544056E+029
   309999025520088.19       -446352734314665.12     
        0  1630284   0.000E+00   0.000E+00
  OPTIMIZATION STUFF
     1630284  -131464640516706.61        1.1055894862551599E+029
   305411193179505.31       -436875833696211.94     
        0  1826741   0.000E+00   0.000E+00
  OPTIMIZATION STUFF
     1826741  -132501159168249.23        1.1134445167719931E+029
   306248093049196.94       -438749252217446.19     
        0  1744015   0.000E+00   0.000E+00
  OPTIMIZATION STUFF
     1744015  -132875204628487.20        1.1183201549365588E+029
   306881402969605.69       -439756607598092.88     
        0  1750176   0.000E+00   0.000E+00
  OPTIMIZATION STUFF
     1750176  -131831912904844.78        1.1115421391972298E+029
   306226322610536.56       -438058235515381.38     
        0  1668539   0.000E+00   0.000E+00
  OPTIMIZATION STUFF
     1668539  -134361348461227.80        1.1282675592304942E+029
   307853510557748.75       -442214859018976.56     
        0  1713839   0.000E+00   0.000E+00
  OPTIMIZATION STUFF
     1713839  -131892727379961.92        1.1101219834600092E+029
   305968146724909.88       -437860874104871.81     
        0  1711799   0.000E+00   0.000E+00
  OPTIMIZATION STUFF
     1711799  -132437424020081.25        1.1117816256529693E+029
   306004070698777.00       -438441494718858.25     
        0  1615359   0.000E+00   0.000E+00
  OPTIMIZATION STUFF
     1615359  -134926415738009.94        1.1337388159600406E+029
   308494317503739.06       -443420733241749.00     
        0  1568007   0.000E+00   0.000E+00
  OPTIMIZATION STUFF
     1568007  -136508191608923.47        1.1493226114488296E+029
   310318827608871.31       -446827019217794.75     
        0  1757281   0.000E+00   0.000E+00
  OPTIMIZATION STUFF
     1757281  -135002085608481.94        1.1364288352358933E+029
   308896941397854.31       -443899027006336.25     
        0  1696076   0.000E+00   0.000E+00
  OPTIMIZATION STUFF
     1696076  -131382644409889.19        1.1053370986976947E+029
   305405158138552.19       -436787802548441.38     
        0  1659082   0.000E+00   0.000E+00
  OPTIMIZATION STUFF
     1659082  -132624005323515.61        1.1170414422014762E+029
   306781709741789.75       -439405715065305.38     
        0  1828587   0.000E+00   0.000E+00
  OPTIMIZATION STUFF
     1828587  -131399353708714.34        1.1063135771021645E+029
   305557797405251.31       -436957151113965.62     
        0  1638773   0.000E+00   0.000E+00
  OPTIMIZATION STUFF
     1638773  -129890564465079.77        1.0940514793750872E+029
   304193341808218.56       -434083906273298.31     
        0  1543861   0.000E+00   0.000E+00
  OPTIMIZATION STUFF
     1543861  -131753117670645.61        1.1102822404407504E+029
   306054472321742.19       -437807589992387.81     
        0  1619873   0.000E+00   0.000E+00
  OPTIMIZATION STUFF
     1619873  -133119263053422.80        1.1202885349716495E+029
   307096263899902.50       -440215526953325.31     
        0  1567131   0.000E+00   0.000E+00
  OPTIMIZATION STUFF
     1567131  -132616769115117.17        1.1134935592552490E+029
   306206055581846.06       -438822824696963.25     
        0  1564297   0.000E+00   0.000E+00
  OPTIMIZATION STUFF
     1564297  -130593039557148.94        1.0987936114491511E+029
   304671657960073.56       -435264697517222.50     
        0  1855106   0.000E+00   0.000E+00
  OPTIMIZATION STUFF
     1855106  -130285762646537.20        1.0972716653455787E+029
   304553421563718.50       -434839184210255.69     
        0  1793909   0.000E+00   0.000E+00
  OPTIMIZATION STUFF
     1793909  -132263983290212.64        1.1163273192855184E+029
   306820746776938.44       -439084730067151.06     
        0  1774325   0.000E+00   0.000E+00
  OPTIMIZATION STUFF
     1774325  -130672988319588.61        1.1006231242932658E+029
   304937505979430.56       -435610494299019.19     
        0  1706485   0.000E+00   0.000E+00
  OPTIMIZATION STUFF
     1706485  -130938449503006.25        1.1043125196008309E+029
   305428182068766.81       -436366631571773.06     
        0  1660664   0.000E+00   0.000E+00
  OPTIMIZATION STUFF
     1660664  -130890896653469.31        1.1026391250790959E+029
   305174516762393.50       -436065413415862.81     
        0  1625704   0.000E+00   0.000E+00
  OPTIMIZATION STUFF
     1625704  -130071402912298.47        1.0918512226147665E+029
   303754098582888.50       -433825501495187.00     
        0  1615647   0.000E+00   0.000E+00
  OPTIMIZATION STUFF
     1615647  -129900374277385.56        1.0888461557565230E+029
   303332339750062.69       -433232714027448.25     
        0  1623337   0.000E+00   0.000E+00
  OPTIMIZATION STUFF
     1623337  -129676154735664.94        1.0898392940034303E+029
   303591871256980.31       -433268025992645.25     
        0  1739701   0.000E+00   0.000E+00
  OPTIMIZATION STUFF
     1739701  -130424078620494.41        1.0964068250872809E+029
   304352168095979.19       -434776246716473.62     
        0  1716860   0.000E+00   0.000E+00
  OPTIMIZATION STUFF
     1716860  -133606991834014.08        1.1243546066723872E+029
   307546146781754.38       -441153138615768.44     
        0  1704307   0.000E+00   0.000E+00
  OPTIMIZATION STUFF
     1704307  -132334696741928.44        1.1113536029665394E+029
   305978574960528.50       -438313271702456.94     
        0  1698166   0.000E+00   0.000E+00
  OPTIMIZATION STUFF
     1698166  -134726875935654.67        1.1356595291693921E+029
   308892573263841.88       -443619449199496.56     
        0  1714791   0.000E+00   0.000E+00
  OPTIMIZATION STUFF
     1714791  -130920706955039.00        1.1005187075340949E+029
   304814106044655.19       -435734812999694.19     
        0  1716266   0.000E+00   0.000E+00
  OPTIMIZATION STUFF
     1716266  -129794565644334.75        1.0924976081859740E+029
   303978834045720.81       -433773399690055.56     
        0  1705716   0.000E+00   0.000E+00
  OPTIMIZATION STUFF
     1705716  -130678172685336.47        1.0991751704333183E+029
   304697771942876.56       -435375944628213.00     
        0  1700126   0.000E+00   0.000E+00
  OPTIMIZATION STUFF
     1700126  -133762085869017.56        1.1264907424574856E+029
   307825890122514.12       -441587975991531.69     
        0  1695730   0.000E+00   0.000E+00
  OPTIMIZATION STUFF
     1695730  -133223980232789.75        1.1196611194064336E+029
   306948665140568.06       -440172645373357.81     
        0  1687469   0.000E+00   0.000E+00
  OPTIMIZATION STUFF
     1687469  -131987343174978.95        1.1121704902495319E+029
   306261963466839.19       -438249306641818.12     
        0  1692193   0.000E+00   0.000E+00
  OPTIMIZATION STUFF
     1692193  -132296641104260.78        1.1099899804637661E+029
   305772132148937.06       -438068773253197.88     
        0  1686644   0.000E+00   0.000E+00
  OPTIMIZATION STUFF
     1686644  -129585348182625.80        1.0884304127074114E+029
   303398547799966.88       -432983895982592.69     
        0  1685896   0.000E+00   0.000E+00
  OPTIMIZATION STUFF
     1685896  -133187960586034.06        1.1182466623153880E+029
   306733815198898.25       -439921775784932.31     
        0  1684275   0.000E+00   0.000E+00
  OPTIMIZATION STUFF
     1684275  -132507102462570.06        1.1125033619870978E+029
   306091822817408.38       -438598925279978.44     
        0  1690880   0.000E+00   0.000E+00
  OPTIMIZATION STUFF
     1690880  -131006310323703.62        1.1000339616120971E+029
   304697789320137.94       -435704099643841.56     
        0  1687044   0.000E+00   0.000E+00
  OPTIMIZATION STUFF
     1687044  -133536410431589.86        1.1222884524713093E+029
   307240740033246.44       -440777150464836.31     
        0  1687855   0.000E+00   0.000E+00
  OPTIMIZATION STUFF
     1687855  -131951530196693.08        1.1076607143450457E+029
   305540283945105.62       -437491814141798.69     
        0  1694361   0.000E+00   0.000E+00
  OPTIMIZATION STUFF
     1694361  -131233397133279.03        1.1022927375044711E+029
   304970603874055.69       -436204001007334.75     
        0  1696602   0.000E+00   0.000E+00
  OPTIMIZATION STUFF
     1696602  -134536178785683.94        1.1315468949178060E+029
   308309432371971.25       -442845611157655.19     
        0  1693826   0.000E+00   0.000E+00
  OPTIMIZATION STUFF
     1693826  -132133465893277.12        1.1109074072607643E+029
   305992627226713.75       -438126093119990.88     
        0  1694377   0.000E+00   0.000E+00
  OPTIMIZATION STUFF
     1694377  -134040387706011.27        1.1251915158263005E+029
   307493619521206.06       -441534007227217.31     
        0  1702098   0.000E+00   0.000E+00
  OPTIMIZATION STUFF
     1702098  -137340975666588.97        1.1555042071677749E+029
   310946743220968.50       -448287718887557.50     
        0  1701443   0.000E+00   0.000E+00
  OPTIMIZATION STUFF
     1701443  -133588988876000.05        1.1233947155510240E+029
   307397875084051.81       -440986863960051.88     
        0  1704136   0.000E+00   0.000E+00
  OPTIMIZATION STUFF
     1704136  -131934716478110.41        1.1090881537688595E+029
   305781042520177.50       -437715758998287.88     
        0  1703113   0.000E+00   0.000E+00
  OPTIMIZATION STUFF
     1703113  -131001524854863.27        1.1019510155878618E+029
   305014265313094.50       -436015790167957.75     
        0  1701385   0.000E+00   0.000E+00
  OPTIMIZATION STUFF
     1701385  -134965866044519.39        1.1361403503683134E+029
   308866071363761.44       -443831937408280.81     
        0  1698898   0.000E+00   0.000E+00
  OPTIMIZATION STUFF
     1698898  -130969340125268.92        1.1002472338014783E+029
   304748675677679.44       -435718015802948.38     
        0  1734202   0.000E+00   0.000E+00
  OPTIMIZATION STUFF
     1734202  -130891845356046.08        1.1021206583842403E+029
   305089151983011.25       -435980997339057.31     
        0  1729241   0.000E+00   0.000E+00
  OPTIMIZATION STUFF
     1729241  -130644947696785.00        1.0990682617467796E+029
   304694476182260.75       -435339423879045.75     
        0  1726275   0.000E+00   0.000E+00
  OPTIMIZATION STUFF
     1726275  -133760235188572.58        1.1240761900690950E+029
   307434250676802.81       -441194485865375.38     
        0  1732053   0.000E+00   0.000E+00
  OPTIMIZATION STUFF
     1732053  -131709191347003.44        1.1080493784031580E+029
   305708401512019.69       -437417592859023.12     
        0  1363306   0.000E+00   0.000E+00
  OPTIMIZATION STUFF
     1363306  -131799867381279.86        1.1094533619061398E+029
   305898890401536.12       -437698757782816.00     
        0  1332926   0.000E+00   0.000E+00
  OPTIMIZATION STUFF
     1332926  -131904134213079.70        1.1099115592361431E+029
   305928840257194.69       -437832974470274.38     
        0  1449610   0.000E+00   0.000E+00
  OPTIMIZATION STUFF
     1449610  -133964825021983.88        1.1281842185195372E+029
   308012739198856.75       -441977564220840.62     
        0  1664416   0.000E+00   0.000E+00
  OPTIMIZATION STUFF
     1664416  -131269856814725.89        1.1036684789202037E+029
   305180393511545.44       -436450250326271.31     
        0  1653732   0.000E+00   0.000E+00
  OPTIMIZATION STUFF
     1653732  -131875237342040.95        1.1113837369117459E+029
   306181801332402.75       -438057038674443.69     
        0  1640400   0.000E+00   0.000E+00
  OPTIMIZATION STUFF
     1640400  -130673555230511.25        1.1004975310961532E+029
   304916669063916.25       -435590224294427.50     
        0  1650078   0.000E+00   0.000E+00
  OPTIMIZATION STUFF
     1650078  -129403882725624.38        1.0867543534366094E+029
   303199720447090.44       -432603603172714.81     
        0  1640477   0.000E+00   0.000E+00
  OPTIMIZATION STUFF
     1640477  -130027668781783.53        1.0936380089510229E+029
   304066779254618.81       -434094448036402.38     
        0  1656763   0.000E+00   0.000E+00
  OPTIMIZATION STUFF
     1656763  -129329028955942.23        1.0855674136916545E+029
   303035878467350.00       -432364907423292.25     
        0  1684642   0.000E+00   0.000E+00
  OPTIMIZATION STUFF
     1684642  -129743678478956.73        1.0889328860436461E+029
   303413688714127.88       -433157367193084.62     
        0  1749632   0.000E+00   0.000E+00
  OPTIMIZATION STUFF
     1749632  -133479268783472.17        1.1221531156333103E+029
   307243545690321.44       -440722814473793.62     
        0  1752551   0.000E+00   0.000E+00
  OPTIMIZATION STUFF
     1752551  -133125483937503.86        1.1210901708491246E+029
   307224059297636.81       -440349543235140.69     
        0  1730957   0.000E+00   0.000E+00
  OPTIMIZATION STUFF
     1730957  -133701588196675.08        1.1230175850766993E+029
   307287558845711.56       -440989147042386.62     
        0  1705716   0.000E+00   0.000E+00
  OPTIMIZATION STUFF
     1705716  -132385842660878.42        1.1140578355430679E+029
   306398061706134.06       -438783904367012.50     
        0  1696096   0.000E+00   0.000E+00
  OPTIMIZATION STUFF
     1696096  -130476488359232.62        1.0979413753765591E+029
   304581718957489.25       -435058207316721.88     
        0  1697376   0.000E+00   0.000E+00
  OPTIMIZATION STUFF
     1697376  -130708428774852.70        1.1007432796332295E+029
   304942018440444.19       -435650447215296.88     
        0  1705552   0.000E+00   0.000E+00
  OPTIMIZATION STUFF
     1705552  -133178789037302.41        1.1219773568974893E+029
   307345320186116.75       -440524109223419.12     
        0  1662342   0.000E+00   0.000E+00
  OPTIMIZATION STUFF
     1662342  -133281899873876.42        1.1203246684561325E+029
   307031597741377.81       -440313497615254.25     
        0  1565626   0.000E+00   0.000E+00
  OPTIMIZATION STUFF
     1565626  -132727643766853.06        1.1160475586183957E+029
   306574833347323.06       -439302477114176.12     
        0  1562440   0.000E+00   0.000E+00
  OPTIMIZATION STUFF
     1562440  -133173817874691.06        1.1190866529335270E+029
   306876847491027.44       -440050665365718.50     
        0  1558340   0.000E+00   0.000E+00
  OPTIMIZATION STUFF
     1558340  -129660087015745.83        1.0868512327277443E+029
   303106227431644.25       -432766314447390.06     
        0  1550367   0.000E+00   0.000E+00
  OPTIMIZATION STUFF
     1550367  -131755029615649.23        1.1076873250069884E+029
   305629423766230.69       -437384453381879.94     
        0  1532861   0.000E+00   0.000E+00
  OPTIMIZATION STUFF
     1532861  -131622991256304.34        1.1039305749241258E+029
   305071214088047.69       -436694205344352.00     
        0  1619631   0.000E+00   0.000E+00
  OPTIMIZATION STUFF
     1619631  -132077399111365.38        1.1093406924231010E+029
   305760739609072.75       -437838138720438.12     
        0  1643127   0.000E+00   0.000E+00
  OPTIMIZATION STUFF
     1643127  -133329316601908.78        1.1217210842560824E+029
   307238346825516.25       -440567663427425.00     
        0  1557381   0.000E+00   0.000E+00
  OPTIMIZATION STUFF
     1557381  -133038222503119.62        1.1175054787552553E+029
   306677973171755.44       -439716195674875.06     
        0  1551492   0.000E+00   0.000E+00
  OPTIMIZATION STUFF
     1551492  -132608547127619.09        1.1151208965365456E+029
   306475223929042.25       -439083771056661.38     
        0  1533819   0.000E+00   0.000E+00
  OPTIMIZATION STUFF
     1533819  -132042568256174.47        1.1114477001582321E+029
   306120123781721.88       -438162692037896.38     
        0  1525078   0.000E+00   0.000E+00
  OPTIMIZATION STUFF
     1525078  -134101567264183.55        1.1272062969953736E+029
   307794410860280.25       -441895978124463.81     
        0  1529656   0.000E+00   0.000E+00
  OPTIMIZATION STUFF
     1529656  -133306965749244.70        1.1218001302312640E+029
   307260908522148.50       -440567874271393.19     
        0  1509352   0.000E+00   0.000E+00
  OPTIMIZATION STUFF
     1509352  -133522134001959.05        1.1218559024063259E+029
   307176545283319.88       -440698679285278.94     
        0  1504640   0.000E+00   0.000E+00
  OPTIMIZATION STUFF
     1504640  -135351346501569.34        1.1368761796901874E+029
   308816500480837.12       -444167846982406.50     
        0  1519164   0.000E+00   0.000E+00
  OPTIMIZATION STUFF
     1519164  -137206779518294.78        1.1534896824895014E+029
   310681940098178.50       -447888719616473.25     
        0  1511094   0.000E+00   0.000E+00
  OPTIMIZATION STUFF
     1511094  -134463309364023.52        1.1300992856890880E+029
   308106389099258.56       -442569698463282.06     
        0  1548350   0.000E+00   0.000E+00
  OPTIMIZATION STUFF
     1548350  -131115025672568.25        1.1007464236180563E+029
   304767932047791.75       -435882957720360.00     
        0  1556232   0.000E+00   0.000E+00
  OPTIMIZATION STUFF
     1556232  -133894432192712.72        1.1274560605420462E+029
   307925132267562.19       -441819564460274.88     
        0  1531064   0.000E+00   0.000E+00
  OPTIMIZATION STUFF
     1531064  -131775125011182.56        1.1072023279294087E+029
   305541403448416.56       -437316528459599.12     
        0  1523939   0.000E+00   0.000E+00
  OPTIMIZATION STUFF
     1523939  -130507126597661.02        1.0987177636432271E+029
   304696022736669.12       -435203149334330.12     
        0  1510463   0.000E+00   0.000E+00
  OPTIMIZATION STUFF
     1510463  -130035922760184.67        1.0940700798420355E+029
   304134290694276.75       -434170213454461.44     
        0  1495464   0.000E+00   0.000E+00
  OPTIMIZATION STUFF
     1495464  -131018566812783.70        1.1028679560379811E+029
   305157223008275.31       -436175789821059.00     
        0  1503255   0.000E+00   0.000E+00
  OPTIMIZATION STUFF
     1503255  -133497211052098.45        1.1223901633513683E+029
   307274325280275.12       -440771536332373.56     
        0  1488432   0.000E+00   0.000E+00
  OPTIMIZATION STUFF
     1488432  -132560540219592.19        1.1130798887744349E+029
   306162852178596.88       -438723392398189.06     
        0  1483124   0.000E+00   0.000E+00
  OPTIMIZATION STUFF
     1483124  -129442447158911.94        1.0886387786914544E+029
   303493872660812.94       -432936319819724.88     
        0  1492200   0.000E+00   0.000E+00
  OPTIMIZATION STUFF
     1492200  -132498358129019.72        1.1134563563921978E+029
   306251237927838.94       -438749596056858.62     
        0  1454969   0.000E+00   0.000E+00
  OPTIMIZATION STUFF
     1454969  -132705404720041.47        1.1173199394681687E+029
   306791899346946.38       -439497304066987.88     
        0  1481909   0.000E+00   0.000E+00
  OPTIMIZATION STUFF
     1481909  -132007633397269.88        1.1092328543846577E+029
   305773233235543.00       -437780866632812.88     
        0  1485165   0.000E+00   0.000E+00
  OPTIMIZATION STUFF
     1485165  -131082909979772.27        1.1012842512503970E+029
   304869965454576.44       -435952875434348.69     
        0  1480308   0.000E+00   0.000E+00
  OPTIMIZATION STUFF
     1480308  -132358873964145.22        1.1134834439915954E+029
   306315969028882.12       -438674842993027.38     
        0  1470142   0.000E+00   0.000E+00
  OPTIMIZATION STUFF
     1470142  -128436878886606.31        1.0810301147832295E+029
   302666449445904.31       -431103328332510.62     
        0  1449281   0.000E+00   0.000E+00
  OPTIMIZATION STUFF
     1449281  -129705522945590.86        1.0891970742786134E+029
   303473532198892.31       -433179055144483.19     
        0  1490592   0.000E+00   0.000E+00
  OPTIMIZATION STUFF
     1490592  -128825191601801.47        1.0824523410886268E+029
   302736360745817.62       -431561552347619.12     
        0  1477634   0.000E+00   0.000E+00
  OPTIMIZATION STUFF
     1477634  -129718962882629.45        1.0921995061076952E+029
   303962072106742.50       -433681034989371.94     
        0  1457599   0.000E+00   0.000E+00
  OPTIMIZATION STUFF
     1457599  -131980537857199.02        1.1088324360870073E+029
   305719448572748.12       -437699986429947.12     
        0  1453972   0.000E+00   0.000E+00
  OPTIMIZATION STUFF
     1453972  -133982394434089.03        1.1274159853203126E+029
   307880360714579.25       -441862755148668.25     
        0  1429453   0.000E+00   0.000E+00
  OPTIMIZATION STUFF
     1429453  -133749972891810.91        1.1240115274918322E+029
   307428198935333.62       -441178171827144.50     
        0  1465465   0.000E+00   0.000E+00
  OPTIMIZATION STUFF
     1465465  -132702555161752.22        1.1141194945004934E+029
   306271091197963.81       -438973646359716.00     
        0  1460920   0.000E+00   0.000E+00
  OPTIMIZATION STUFF
     1460920  -135892314432083.73        1.1425177285604879E+029
   309491602041704.00       -445383916473787.75     
        0  1399681   0.000E+00   0.000E+00
  OPTIMIZATION STUFF
     1399681  -132275890006440.62        1.1123152882745183E+029
   306161097709124.12       -438436987715564.75     
        0  1469306   0.000E+00   0.000E+00
  OPTIMIZATION STUFF
     1469306  -130764183907313.00        1.1007484485926382E+029
   304918961473894.31       -435683145381207.31     
        0  1415338   0.000E+00   0.000E+00
  OPTIMIZATION STUFF
     1415338  -131345304089984.52        1.1038202888690525E+029
   305172803474383.56       -436518107564368.06     
        0  1470597   0.000E+00   0.000E+00
  OPTIMIZATION STUFF
     1470597  -131154354320129.41        1.1024970811228168E+029
   305038101644944.75       -436192455965074.12     
        0  1362509   0.000E+00   0.000E+00
  OPTIMIZATION STUFF
     1362509  -134268140614193.70        1.1293019899370252E+029
   308062112908597.75       -442330253522791.44     
        0  1419995   0.000E+00   0.000E+00
  OPTIMIZATION STUFF
     1419995  -133558568868278.58        1.1245278680613368E+029
   307595343735874.81       -441153912604153.38     
        0  1461076   0.000E+00   0.000E+00
  OPTIMIZATION STUFF
     1461076  -132627939956658.11        1.1176221154875711E+029
   306874634161264.94       -439502574117923.06     
        0  1464758   0.000E+00   0.000E+00
  OPTIMIZATION STUFF
     1464758  -134388103700487.53        1.1280231785785611E+029
   307802136837357.12       -442190240537844.62     
        0  1424686   0.000E+00   0.000E+00
  OPTIMIZATION STUFF
     1424686  -129159021707309.94        1.0855391117813048E+029
   303103708802352.19       -432262730509662.12     
        0  1453556   0.000E+00   0.000E+00
  OPTIMIZATION STUFF
     1453556  -132467101370785.41        1.1122247268134286E+029
   306063620405570.12       -438530721776355.50     
        0  1435387   0.000E+00   0.000E+00
  OPTIMIZATION STUFF
     1435387  -132057835273776.44        1.1073781844252535E+029
   305448107843753.88       -437505943117530.31     
        0  1342971   0.000E+00   0.000E+00
  OPTIMIZATION STUFF
     1342971  -132093321449316.91        1.1088595732941718E+029
   305675173604113.00       -437768495053429.88     
        0  1466961   0.000E+00   0.000E+00
  OPTIMIZATION STUFF
     1466961  -132774456853398.09        1.1145763418442684E+029
   306314507968055.56       -439088964821453.62     
        0  1432044   0.000E+00   0.000E+00
  OPTIMIZATION STUFF
     1432044  -131356753004875.38        1.1053267043523592E+029
   305414593422207.12       -436771346427082.50     
        0  1432097   0.000E+00   0.000E+00
  OPTIMIZATION STUFF
     1432097  -133456113657185.11        1.1206727267830760E+029
   307012603008130.75       -440468716665315.88     
        0  1440783   0.000E+00   0.000E+00
  OPTIMIZATION STUFF
     1440783  -131799341052826.84        1.1086896326564870E+029
   305774258176991.31       -437573599229818.12     
        0  1440273   0.000E+00   0.000E+00
  OPTIMIZATION STUFF
     1440273  -133832856687664.03        1.1266462504039577E+029
   307820388394295.56       -441653245081959.62     
        0  1434903   0.000E+00   0.000E+00
  OPTIMIZATION STUFF
     1434903  -133808243484130.91        1.1245524436202433E+029
   307490810167907.06       -441299053652038.00     
        0  1586285   0.000E+00   0.000E+00
  OPTIMIZATION STUFF
     1586285  -134273664568560.27        1.1294818081302243E+029
   308088889472425.12       -442362554040985.38     
        0  1625332   0.000E+00   0.000E+00
  OPTIMIZATION STUFF
     1625332  -134845342367064.09        1.1343830522074485E+029
   308634150512632.25       -443479492879696.38     
        0  1635946   0.000E+00   0.000E+00
  OPTIMIZATION STUFF
     1635946  -138313489565151.62        1.1640929468399891E+029
   311895292186832.50       -450208781751984.12     
        0  1730916   0.000E+00   0.000E+00
  OPTIMIZATION STUFF
     1730916  -136373197775142.92        1.1503868616455347E+029
   310549572682261.50       -446922770457404.44     
        0  1781726   0.000E+00   0.000E+00
  OPTIMIZATION STUFF
     1781726  -132784670594782.02        1.1158028507256894E+029
   306510222223670.94       -439294892818452.94     
        0  1733582   0.000E+00   0.000E+00
  OPTIMIZATION STUFF
     1733582  -132178200973563.72        1.1140919927707108E+029
   306493266589110.06       -438671467562673.75     
        0  1634773   0.000E+00   0.000E+00
  OPTIMIZATION STUFF
     1634773  -132988983791721.55        1.1195996019082220E+029
   307040535403499.12       -440029519195220.69     
        0  1905962   0.000E+00   0.000E+00
  OPTIMIZATION STUFF
     1905962  -129717302863415.72        1.0936467647378129E+029
   304200752483655.38       -433918055347071.12     
        0  1806766   0.000E+00   0.000E+00
  OPTIMIZATION STUFF
     1806766  -132111629286888.97        1.1140785801882464E+029
   306519779828297.94       -438631409115186.88     
        0  1674126   0.000E+00   0.000E+00
  OPTIMIZATION STUFF
     1674126  -132162155058902.94        1.1128956542164305E+029
   306304962728045.81       -438467117786948.75     
        0  1605041   0.000E+00   0.000E+00
  OPTIMIZATION STUFF
     1605041  -133064139794649.34        1.1193621845235645E+029
   306969303274882.00       -440033443069531.38     
        0  1732279   0.000E+00   0.000E+00
  OPTIMIZATION STUFF
     1732279  -132009912952904.86        1.1127114627675085E+029
   306340544425509.12       -438350457378414.00     
        0  1653044   0.000E+00   0.000E+00
  OPTIMIZATION STUFF
     1653044  -133091042948728.53        1.1222260417814951E+029
   307423776674754.31       -440514819623482.88     
        0  1615086   0.000E+00   0.000E+00
  OPTIMIZATION STUFF
     1615086  -131639956014807.22        1.1095415816928158E+029
   305982156587114.06       -437622112601921.25     
        0  1690129   0.000E+00   0.000E+00
  OPTIMIZATION STUFF
     1690129  -131094875006666.61        1.1030964352488708E+029
   305161886990943.75       -436256761997610.38     
        0  1673140   0.000E+00   0.000E+00
  OPTIMIZATION STUFF
     1673140  -133450398651718.16        1.1253875348213746E+029
   307781975726056.69       -441232374377774.88     
        0  1641312   0.000E+00   0.000E+00
  OPTIMIZATION STUFF
     1641312  -130577154130436.66        1.0992727007479613E+029
   304757078496943.75       -435334232627380.38     
        0  1649715   0.000E+00   0.000E+00
  OPTIMIZATION STUFF
     1649715  -128568055694550.89        1.0796929621236419E+029
   302389734063984.12       -430957789758535.00     
        0  1608784   0.000E+00   0.000E+00
  OPTIMIZATION STUFF
     1608784  -129850899810127.95        1.0911190532784139E+029
   303727919602959.00       -433578819413086.94     
        0  1634855   0.000E+00   0.000E+00
  OPTIMIZATION STUFF
     1634855  -130057680956498.31        1.0929562407735595E+029
   303941809729385.00       -433999490685883.31     
        0  1602325   0.000E+00   0.000E+00
  OPTIMIZATION STUFF
     1602325  -130945345045568.30        1.1009631629098146E+029
   304876422344986.38       -435821767390554.69     
        0  1497546   0.000E+00   0.000E+00
  OPTIMIZATION STUFF
     1497546  -132333564378073.98        1.1112681680619015E+029
   305965103476171.44       -438298667854245.44     
        0  1491866   0.000E+00   0.000E+00
  OPTIMIZATION STUFF
     1491866  -131278244829035.64        1.1029992807720702E+029
   305067124600168.56       -436345369429204.19     
        0  1457472   0.000E+00   0.000E+00
  OPTIMIZATION STUFF
     1457472  -133000428138662.31        1.1170425915613726E+029
   306618892554046.25       -439619320692708.56     
        0  1483947   0.000E+00   0.000E+00
  OPTIMIZATION STUFF
     1483947  -135120560235723.06        1.1364368976848662E+029
   308846440759920.31       -443967000995643.38     
        0  1461749   0.000E+00   0.000E+00
  OPTIMIZATION STUFF
     1461749  -131587536574411.44        1.1075620540927610E+029
   305681084837701.44       -437268621412112.88     
        0  1440160   0.000E+00   0.000E+00
  OPTIMIZATION STUFF
     1440160  -131626173480801.36        1.1069793807686263E+029
   305569122346588.88       -437195295827390.25     
        0  1442336   0.000E+00   0.000E+00
  OPTIMIZATION STUFF
     1442336  -130909268020843.67        1.1006194291813100E+029
   304835540028353.50       -435744808049197.19     
        0  1423542   0.000E+00   0.000E+00
  OPTIMIZATION STUFF
     1423542  -133412572302126.78        1.1228270750056908E+029
   307382161246060.06       -440794733548186.88     
        0  1470888   0.000E+00   0.000E+00
  OPTIMIZATION STUFF
     1470888  -133225711271095.33        1.1195215067416969E+029
   306925170897533.94       -440150882168629.25     
        0  1446313   0.000E+00   0.000E+00
  OPTIMIZATION STUFF
     1446313  -134650279711318.11        1.1324563044155829E+029
   308407089113110.50       -443057368824428.62     
        0  1443265   0.000E+00   0.000E+00
  OPTIMIZATION STUFF
     1443265  -131699445354879.86        1.1095037986840731E+029
   305950381535346.88       -437649826890226.75     
        0  1431930   0.000E+00   0.000E+00
  OPTIMIZATION STUFF
     1431930  -133824907642215.72        1.1226709755419834E+029
   307177459538864.56       -441002367181080.25     
        0  1406060   0.000E+00   0.000E+00
  OPTIMIZATION STUFF
     1406060  -130561960371608.83        1.0973992041642376E+029
   304456064022949.31       -435018024394558.12     
        0  1411141   0.000E+00   0.000E+00
  OPTIMIZATION STUFF
     1411141  -134196759926973.86        1.1294417956871589E+029
   308115902208597.50       -442312662135571.38     
        0  1416427   0.000E+00   0.000E+00
  OPTIMIZATION STUFF
     1416427  -135624568015238.00        1.1397896608917315E+029
   309168146224434.38       -444792714239672.38     
        0  1409865   0.000E+00   0.000E+00
  OPTIMIZATION STUFF
     1409865  -132183294145264.45        1.1093460012181011E+029
   305715843342664.56       -437899137487929.00     
        0  1402086   0.000E+00   0.000E+00
  OPTIMIZATION STUFF
     1402086  -133838509192813.17        1.1230913439029542E+029
   307239951580748.50       -441078460773561.69     
        0  1389700   0.000E+00   0.000E+00
  OPTIMIZATION STUFF
     1389700  -133325789738874.58        1.1196506979975975E+029
   306902759176689.62       -440228548915564.19     
        0  1358572   0.000E+00   0.000E+00
  OPTIMIZATION STUFF
     1358572  -134124654416625.58        1.1268755722972858E+029
   307730619710404.06       -441855274127029.62     
        0  1388301   0.000E+00   0.000E+00
  OPTIMIZATION STUFF
     1388301  -131995006846576.86        1.1092637691733278E+029
   305783739078625.50       -437778745925202.38     
        0  1412245   0.000E+00   0.000E+00
  OPTIMIZATION STUFF
     1412245  -131359466664854.28        1.1037330102123635E+029
   305152407066962.81       -436511873731817.12     
        0  1405423   0.000E+00   0.000E+00
  OPTIMIZATION STUFF
     1405423  -133670040977065.06        1.1234913083161362E+029
   307378351509671.81       -441048392486736.88     
        0  1403539   0.000E+00   0.000E+00
  OPTIMIZATION STUFF
     1403539  -134006607582765.56        1.1295996406281815E+029
   308224257946996.81       -442230865529762.38     
        0  1405605   0.000E+00   0.000E+00
  OPTIMIZATION STUFF
     1405605  -133949117995529.08        1.1245293841496290E+029
   307425718187634.25       -441374836183163.31     
        0  1417471   0.000E+00   0.000E+00
  OPTIMIZATION STUFF
     1417471  -133056937320131.17        1.1182957005876902E+029
   306798666049505.00       -439855603369636.19     
        0  1422269   0.000E+00   0.000E+00
  OPTIMIZATION STUFF
     1422269  -137501063441662.67        1.1582243935629493E+029
   311313181392479.44       -448814244834142.12     
        0  1377579   0.000E+00   0.000E+00
  OPTIMIZATION STUFF
     1377579  -132625424748847.08        1.1210670313697219E+029
   307436497259450.44       -440061922008297.50     
        0  1370693   0.000E+00   0.000E+00
  OPTIMIZATION STUFF
     1370693  -130870625296905.45        1.1032756970429616E+029
   305287486049941.31       -436158111346846.75     
        0  1403198   0.000E+00   0.000E+00
  OPTIMIZATION STUFF
     1403198  -131165630224748.03        1.1055611717000813E+029
   305535095558190.81       -436700725782938.88     
        0  1409836   0.000E+00   0.000E+00
  OPTIMIZATION STUFF
     1409836  -132457214881811.28        1.1167245161901157E+029
   306802115124334.25       -439259330006145.50     
        0  1423789   0.000E+00   0.000E+00
  OPTIMIZATION STUFF
     1423789  -131481174528046.09        1.1048957921486114E+029
   305290484554606.81       -436771659082652.88     
        0  1420500   0.000E+00   0.000E+00
  OPTIMIZATION STUFF
     1420500  -129931714185219.31        1.0960653291146263E+029
   304506621537780.50       -434438335722999.81     
        0  1413314   0.000E+00   0.000E+00
  OPTIMIZATION STUFF
     1413314  -133730614711318.02        1.1280238680206112E+029
   308088476725427.25       -441819091436745.25     
        0  1414616   0.000E+00   0.000E+00
  OPTIMIZATION STUFF
     1414616  -130591764832365.81        1.1003883032620580E+029
   304933798199172.81       -435525563031538.62     
        0  1404449   0.000E+00   0.000E+00
  OPTIMIZATION STUFF
     1404449  -135221214867980.03        1.1384549029602895E+029
   309128959086101.38       -444350173954081.38     
        0  1404637   0.000E+00   0.000E+00
  OPTIMIZATION STUFF
     1404637  -135033962511400.91        1.1373262629473642E+029
   309028243471702.75       -444062205983103.62     
        0  1432635   0.000E+00   0.000E+00
  OPTIMIZATION STUFF
     1432635  -130295085629006.25        1.0981371040128718E+029
   304691485050398.31       -434986570679404.56     
        0  1449403   0.000E+00   0.000E+00
  OPTIMIZATION STUFF
     1449403  -133297605979921.25        1.1219398780105118E+029
   307287708900100.38       -440585314880021.62     
        0  1323403   0.000E+00   0.000E+00
  OPTIMIZATION STUFF
     1323403  -131431544284014.56        1.1068371841428909E+029
   305629624842566.94       -437061169126581.50     
        0  1387629   0.000E+00   0.000E+00
  OPTIMIZATION STUFF
     1387629  -131240590964952.55        1.1048963195544783E+029
   305394072042366.00       -436634663007318.56     
        0  1333910   0.000E+00   0.000E+00
  OPTIMIZATION STUFF
     1333910  -130402313499484.16        1.0976692018249371E+029
   304568804732979.81       -434971118232464.00     
        0  1373067   0.000E+00   0.000E+00
  OPTIMIZATION STUFF
     1373067  -132189215821292.77        1.1160576832791890E+029
   306809027814486.88       -438998243635779.62     
        0  1395418   0.000E+00   0.000E+00
  OPTIMIZATION STUFF
     1395418  -130293646778312.36        1.0970032277117620E+029
   304505974293419.38       -434799621071731.75     
        0  1423423   0.000E+00   0.000E+00
  OPTIMIZATION STUFF
     1423423  -129117697269263.97        1.0835690796110394E+029
   302796182626179.50       -431913879895443.50     
        0  1405645   0.000E+00   0.000E+00
  OPTIMIZATION STUFF
     1405645  -129515560472317.39        1.0896001835505938E+029
   303621043326382.25       -433136603798699.62     
        0  1407945   0.000E+00   0.000E+00
  OPTIMIZATION STUFF
     1407945  -130249654638577.06        1.0955816633512516E+029
   304291297610787.00       -434540952249364.06     
        0  1419375   0.000E+00   0.000E+00
  OPTIMIZATION STUFF
     1419375  -130249793042790.88        1.0976294143600130E+029
   304627531336731.69       -434877324379522.56     
        0  1433529   0.000E+00   0.000E+00
  OPTIMIZATION STUFF
     1433529  -129742335174325.30        1.0905329435311790E+029
   303677824044876.44       -433420159219201.75     
        0  1412091   0.000E+00   0.000E+00
  OPTIMIZATION STUFF
     1412091  -133774877114941.02        1.1265030723994967E+029
   307822334298263.81       -441597211413204.81     
        0  1398636   0.000E+00   0.000E+00
  OPTIMIZATION STUFF
     1398636  -131501226909726.08        1.1074780893721893E+029
   305704491721099.31       -437205718630825.38     
        0  1422133   0.000E+00   0.000E+00
  OPTIMIZATION STUFF
     1422133  -136587998450301.91        1.1496116397046609E+029
   310330279943492.50       -446918278393794.38     
        0  1434512   0.000E+00   0.000E+00
  OPTIMIZATION STUFF
     1434512  -134717869212746.14        1.1345881386897288E+029
   308723030536677.50       -443440899749423.62     
        0  1420742   0.000E+00   0.000E+00
  OPTIMIZATION STUFF
     1420742  -130075587263629.88        1.0953367149048512E+029
   304325505156086.00       -434401092419715.88     
        0  1447502   0.000E+00   0.000E+00
  OPTIMIZATION STUFF
     1447502  -130439474349684.23        1.0977667042999721E+029
   304568898545756.44       -435008372895440.69     
        0  1271304   0.000E+00   0.000E+00
  OPTIMIZATION STUFF
     1271304  -132122529308562.36        1.1130136065061581E+029
   306341309489471.06       -438463838798033.44     
        0  1279481   0.000E+00   0.000E+00
  OPTIMIZATION STUFF
     1279481  -131312266458113.45        1.1066409935010508E+029
   305648798505308.19       -436961064963421.62     
        0  1335185   0.000E+00   0.000E+00
  OPTIMIZATION STUFF
     1335185  -131704969723369.94        1.1080240191482723E+029
   305706072666202.44       -437411042389572.38     
        0  1286130   0.000E+00   0.000E+00
  OPTIMIZATION STUFF
     1286130  -131445771422868.92        1.1059620917059723E+029
   305480307623329.69       -436926079046198.62     
        0  1241337   0.000E+00   0.000E+00
  OPTIMIZATION STUFF
     1241337  -130077529309191.84        1.0956938969877781E+029
   304383353795167.56       -434460883104359.38     
        0  1241789   0.000E+00   0.000E+00
  OPTIMIZATION STUFF
     1241789  -132605217150492.59        1.1133870166391926E+029
   306193661019280.38       -438798878169773.00     
        0  1330886   0.000E+00   0.000E+00
  OPTIMIZATION STUFF
     1330886  -132637205590940.89        1.1136828398573809E+029
   306228110529984.75       -438865316120925.62     
        0  1117021   0.000E+00   0.000E+00
  OPTIMIZATION STUFF
     1117021  -131968960297141.80        1.1089056069704956E+029
   305736412968983.75       -437705373266125.56     
        0  1261564   0.000E+00   0.000E+00
  OPTIMIZATION STUFF
     1261564  -134255891892993.28        1.1306209593852296E+029
   308281448404765.12       -442537340297758.38     
        0  1377695   0.000E+00   0.000E+00
  OPTIMIZATION STUFF
     1377695  -132792853280378.23        1.1158709837860016E+029
   306517791484044.38       -439310644764422.62     
        0  1368698   0.000E+00   0.000E+00
  OPTIMIZATION STUFF
     1368698  -131036174525065.44        1.1007886509709820E+029
   304808769662119.12       -435844944187184.56     
        0  1379961   0.000E+00   0.000E+00
  OPTIMIZATION STUFF
     1379961  -132900096452079.59        1.1163004787867950E+029
   306541371174768.94       -439441467626848.50     
        0  1230408   0.000E+00   0.000E+00
  OPTIMIZATION STUFF
     1230408  -132218134147444.45        1.1127778549921726E+029
   306261572029181.69       -438479706176626.12     
        0  1283286   0.000E+00   0.000E+00
  OPTIMIZATION STUFF
     1283286  -132264125066502.98        1.1114373958773734E+029
   306022778250459.31       -438286903316962.31     
        0  1254282   0.000E+00   0.000E+00
  OPTIMIZATION STUFF
     1254282  -132256183218838.98        1.1136373837825279E+029
   306385444136365.06       -438641627355204.06     
