   2415663850.1232805     
   2415654390.2741871     
   2415656746.6590567     
   2415672156.5201521     
   2435763945.9242792     
   2435760537.7549558     
   2435763598.0416765     
   2435754881.4510484     
   2435759757.3004780     
   2435764536.4390254     
   2435760182.0621200     
   2435757195.5052652     
   2435756033.1046209     
   2435755723.6060772     
   2435756070.1911254     
   2435756389.2459311     
   2435762341.4008322     
   2435762101.5363836     
   2435764175.5467167     
   2435761541.2292318     
   2435753938.2013712     
   2435762053.5522237     
   2435771052.0357823     
   2435759363.8703656     
   2435760427.3147874     
   2435756798.5450706     
   2435754363.2161283     
   2435761173.0978889     
   2435759231.2357707     
   2435758695.9718032     
   2435758027.2731876     
   2435769625.7120686     
   2435758585.7944489     
   2435759024.3722172     
   2435762346.3953772     
   2435754408.8799143     
   2435755804.6740389     
   2435757026.4153457     
   2435757367.1062903     
   2435757159.3068705     
   2435761270.7215490     
   2435757705.9543166     
   2435754962.4327679     
   2435764195.8547611     
   2435756941.5910335     
   2435762116.5199547     
   2435755508.9125896     
   2435763409.7075286     
   2435762863.2777462     
   2435762190.5186577     
   2551304924.5021443     
   2435756136.1938629     
   2435764323.4602594     
   2435758540.3032498     
   2435760425.3413615     
   2435762825.0782113     
   2416127476.0441642     
   2416129854.4169645     
   2416132629.2293935     
   2416131398.6315193     
   2416125539.1333880     
   2416128485.2803893     
   2416132186.1786213     
   2511126984.4424825     
   2511121260.2768154     
   2511133187.4584789     
   2511127900.0921206     
   2511129706.5163174     
   2511133201.4751749     
   2511124807.5305896     
   2492415450.2921166     
   2492414249.9580016     
   2491942110.1495533     
   2491939689.4540820     
   2491940529.2078967     
   2492407339.2811623     
   2491948781.4712582     
   2492409880.9905972     
   2492407832.6815147     
   2492413452.0500035     
   2492412138.6449556     
   2492410424.1584349     
   2492408216.7432628     
   2491937219.9246550     
   2491935184.9535513     
   2491942145.6114922     
   2491945968.1723814     
   2491941201.9758205     
   2491939603.1258602     
   2491941818.1362739     
   2491942601.2098322     
   2491936268.6703591     
   2491948877.7713866     
   2491938664.3568788     
   2491939579.6149297     
   2491938712.9520321     
   2491941726.7276926     
   2491489461.4732428     
   2491492937.9260268     
   2491486962.4052567     
   2491486576.6514959     
   2491490709.2219906     
   2491059903.4995880     
   2491063877.7958317     
   2491061845.6671767     
   2491063412.3342614     
   2491058456.3991289     
   2491069555.6225729     
   2491067500.9394789     
   2491060135.0888476     
   2491057312.6790466     
   2491068694.9680414     
   2491062624.4760466     
   2491075638.0103068     
   2491061361.1965671     
   2491064476.2985945     
   2491059480.4257360     
   2491063163.7718883     
   2491067730.1595106     
   2491062518.4172516     
   2491063426.0892515     
   2491056814.7892666     
   2607215566.3891878     
   2607211858.8379993     
   2607208185.3958969     
   2607216577.7966595     
   2606777916.9311786     
   2606775622.1701770     
   2606364855.9545913     
   2606371494.6852722     
   2606370421.3854799     
   2606372898.9909253     
   2606386229.6868377     
   2605983271.4506788     
   2605985365.1254048     
   2605981528.1479678     
   2605981188.6785307     
   2605973777.4829268     
   2605978061.8954239     
   2605990740.7911339     
   2605981418.1560464     
   2605985168.2526217     
   2605978799.8471260     
   2605976186.8057556     
   2605978885.4087982     
   2605983689.2953954     
   2605981420.7100053     
   2605976648.1842108     
   2605619244.7285857     
   2605613202.4347172     
