 1.000000 0.05000000 20.00000
 O       8    1.40000     1    12  1.000  0.000  0.000
 H       7    0.60000     6    15  1.000  1.000  1.000
 N       8    1.00000     3    15  0.000  0.000  1.000
 C       8    1.95000     8     8  0.400  0.400  0.400
 S       8    1.40000     5    14  1.000  1.000  0.000
 Cl      8    1.20000     2    10  0.000  1.000  0.000
 Si      8    1.00000     5    14  1.000  1.000  0.000
 F       8    1.00000     2    10  0.000  1.000  0.000
 Ni      8    1.00000     2    15  0.000  1.000  0.000
 W       8    1.20000     2    15  0.000  1.000  0.000
 Zr      8    1.20000     3    15  0.000  0.000  1.000
 Ge      8    1.00000     2    15  0.000  1.000  0.000
 P       8    1.00000     1    15  1.000  0.000  0.000
