tried moves    experiment_1   _ coord. constraints_1 _                                                                                                                                                                                                                                                                                                                                                                                                                                                                          
        0     9900   0.000E+00   0.000E+00
  OPTIMIZATION STUFF
        9900  -28763.510101009957        7908234690.6565170     
   84148.055101265505       -112911.56520227547     
        0    11676   0.000E+00   0.000E+00
  OPTIMIZATION STUFF
       11676  -28899.880095923130        7964701096.2657919     
   84436.354887613765       -113336.23498353690     
        0    12263   0.000E+00   0.000E+00
  OPTIMIZATION STUFF
       12263  -27201.337356274838        7478447361.9831533     
   82088.577816973295       -109289.91517324813     
        0    10475   0.000E+00   0.000E+00
  OPTIMIZATION STUFF
       10475  -27659.307875894818        7638951223.1502953     
   82909.070136968483       -110568.37801286331     
        0     7835   0.000E+00   0.000E+00
  OPTIMIZATION STUFF
        7835  -28889.278876834574        7993836550.7338343     
   84612.328396695913       -113501.60727353049     
        0     9650   0.000E+00   0.000E+00
  OPTIMIZATION STUFF
        9650  -28142.098445595671        7757750809.5854244     
   83461.207184319021       -111603.30562991468     
        0    12378   0.000E+00   0.000E+00
  OPTIMIZATION STUFF
       12378  -29099.713200840106        8112324411.2537823     
   85238.084814727234       -114337.79801556734     
        0     7543   0.000E+00   0.000E+00
  OPTIMIZATION STUFF
        7543  -29499.204560519549        8192987289.5399122     
   85573.268138108033       -115072.47269862758     
        0    10802   0.000E+00   0.000E+00
  OPTIMIZATION STUFF
       10802  -28438.715052767868        7853664830.5868807     
   83933.928281323490       -112372.64333409135     
        0     6169   0.000E+00   0.000E+00
  OPTIMIZATION STUFF
        6169  -29625.749716323415        8210703973.4964552     
   85633.048102016182       -115258.79781833960     
        0    13138   0.000E+00   0.000E+00
  OPTIMIZATION STUFF
       13138  -28698.241741513051        7910682990.1811037     
   84184.879349719224       -112883.12109123227     
        0     9930   0.000E+00   0.000E+00
  OPTIMIZATION STUFF
        9930  -28974.068479355345        8070824836.3544197     
   85037.216511995779       -114011.28499135113     
        0    14506   0.000E+00   0.000E+00
  OPTIMIZATION STUFF
       14506  -27946.194678064097        7730188154.9013577     
   83361.851934305654       -111308.04661236976     
        0    12267   0.000E+00   0.000E+00
  OPTIMIZATION STUFF
       12267  -28039.964946604578        7816232702.5759544     
   83845.053929072892       -111885.01887567747     
        0     9876   0.000E+00   0.000E+00
  OPTIMIZATION STUFF
        9876  -27610.748278655181        7630558772.5293102     
   82874.636361326193       -110485.38463998138     
        0     9714   0.000E+00   0.000E+00
  OPTIMIZATION STUFF
        9714  -27025.813259213381        7501899159.7178860     
   82289.152246186204       -109314.96550539958     
        0     7845   0.000E+00   0.000E+00
  OPTIMIZATION STUFF
        7845  -29920.809432759579        8264059711.5996885     
   85841.743193438087       -115762.55262619766     
        0    10692   0.000E+00   0.000E+00
  OPTIMIZATION STUFF
       10692  -29042.040778151728        8053886375.3272800     
   84914.346507333219       -113956.38728548495     
        0    10032   0.000E+00   0.000E+00
  OPTIMIZATION STUFF
       10032  -30939.369019138579        8585319321.9197845     
   87338.850270754949       -118278.21928989353     
        0    13031   0.000E+00   0.000E+00
  OPTIMIZATION STUFF
       13031  -29986.378635561272        8223500450.8479471     
   85582.226818263516       -115568.60545382478     
        0     9774   0.000E+00   0.000E+00
  OPTIMIZATION STUFF
        9774  -28277.573153263565        7797350112.5434208     
   83652.429546936939       -111930.00270020051     
        0    13116   0.000E+00   0.000E+00
  OPTIMIZATION STUFF
       13116  -29103.956999084952        8041494882.2048855     
   84820.130683702082       -113924.08768278704     
        0    11334   0.000E+00   0.000E+00
  OPTIMIZATION STUFF
       11334  -30446.334039174024        8504068372.8162441     
   87046.476760356454       -117492.81079953047     
        0    10812   0.000E+00   0.000E+00
  OPTIMIZATION STUFF
       10812  -29833.980762116025        8193629185.1645832     
   85460.884485536852       -115294.86524765288     
        0     5588   0.000E+00   0.000E+00
  OPTIMIZATION STUFF
        5588  -29477.451682175917        8097608715.1037264     
   85021.694628069556       -114499.14631024547     
        0     7551   0.000E+00   0.000E+00
  OPTIMIZATION STUFF
        7551  -27660.409217322052        7614082364.9184952     
   82758.589444533078       -110418.99866185513     
        0    11541   0.000E+00   0.000E+00
  OPTIMIZATION STUFF
       11541  -28740.577073043849        7967861320.5094442     
   84509.411014501049       -113249.98808754490     
        0    12592   0.000E+00   0.000E+00
  OPTIMIZATION STUFF
       12592  -28731.635165184143        7938199725.0237846     
   84336.782401029137       -113068.41756621328     
        0     7962   0.000E+00   0.000E+00
  OPTIMIZATION STUFF
        7962  -29553.661140416760        8219261217.3448067     
   85707.889546658582       -115261.55068707535     
        0     9947   0.000E+00   0.000E+00
  OPTIMIZATION STUFF
        9947  -27816.929727555875        7725405901.2766981     
   83376.401468334647       -111193.33119589053     
        0     9453   0.000E+00   0.000E+00
  OPTIMIZATION STUFF
        9453  -28787.554215592769        7947867575.1083746     
   84375.021762324192       -113162.57597791696     
        0    11787   0.000E+00   0.000E+00
  OPTIMIZATION STUFF
       11787  -28864.851107151866        8014599770.9340477     
   84743.260153808107       -113608.11126095997     
        0    12191   0.000E+00   0.000E+00
  OPTIMIZATION STUFF
       12191  -28411.635632843772        7821949209.4577408     
   83753.974055708328       -112165.60968855210     
        0    11346   0.000E+00   0.000E+00
  OPTIMIZATION STUFF
       11346  -28103.186144896743        7727786637.3611364     
   83294.643080251088       -111397.82922514783     
        0     9670   0.000E+00   0.000E+00
  OPTIMIZATION STUFF
        9670  -27416.235780765091        7567229188.2109022     
   82556.521267701188       -109972.75704846627     
        0    16401   0.000E+00   0.000E+00
  OPTIMIZATION STUFF
       16401  -28358.179379306057        7876317945.5520554     
   84095.966656214587       -112454.14603552065     
        0    12934   0.000E+00   0.000E+00
  OPTIMIZATION STUFF
       12934  -29388.626874903232        8161554091.9281893     
   85427.528949021493       -114816.15582392472     
        0     9859   0.000E+00   0.000E+00
  OPTIMIZATION STUFF
        9859  -29331.701998174110        8099624866.8728514     
   85083.935762064750       -114415.63776023887     
        0    11221   0.000E+00   0.000E+00
  OPTIMIZATION STUFF
       11221  -27891.899117725519        7709906091.2573957     
   83258.321234961360       -111150.22035268688     
        0     9588   0.000E+00   0.000E+00
  OPTIMIZATION STUFF
        9588  -26760.012515644386        7363786764.7058249     
   81533.358172397027       -108293.37068804141     
        0     6515   0.000E+00   0.000E+00
  OPTIMIZATION STUFF
        6515  -29509.593246354438        8192144090.5601978     
   85564.759083368612       -115074.35232972304     
        0     7413   0.000E+00   0.000E+00
  OPTIMIZATION STUFF
        7413  -30570.281937137301        8447584058.4108353     
   86677.805236950779       -117248.08717408808     
        0     9942   0.000E+00   0.000E+00
  OPTIMIZATION STUFF
        9942  -31063.669281834504        8561907815.3288507     
   87160.520111330581       -118224.18939316508     
        0     6549   0.000E+00   0.000E+00
  OPTIMIZATION STUFF
        6549  -31284.928996793289        8630580050.3893242     
   87474.757890804860       -118759.68688759815     
        0    12977   0.000E+00   0.000E+00
  OPTIMIZATION STUFF
       12977  -30088.907297526282        8401937442.2053871     
   86582.879946593690       -116671.78724411997     
        0     9876   0.000E+00   0.000E+00
  OPTIMIZATION STUFF
        9876  -28448.131834750766        7891673469.7751541     
   84156.861068410784       -112604.99290316155     
        0    15119   0.000E+00   0.000E+00
  OPTIMIZATION STUFF
       15119  -28151.250082677339        7802959748.4952297     
   83728.530784182454       -111879.78086685980     
        0    14807   0.000E+00   0.000E+00
  OPTIMIZATION STUFF
       14807  -30946.174106841256        8589152512.3251934     
   87358.381512447115       -118304.55561928837     
        0    13863   0.000E+00   0.000E+00
  OPTIMIZATION STUFF
       13863  -28884.981605712932        7984691489.9371948     
   84559.738218461978       -113444.71982417491     
        0     9476   0.000E+00   0.000E+00
  OPTIMIZATION STUFF
        9476  -29056.563951034041        8100884471.2958393     
   85185.682850202647       -114242.24680123669     
        0    12136   0.000E+00   0.000E+00
  OPTIMIZATION STUFF
       12136  -29303.930454844962        8136413614.4528074     
   85309.397339041243       -114613.32779388620     
        0     8105   0.000E+00   0.000E+00
  OPTIMIZATION STUFF
        8105  -30525.755706353924        8492743869.5249138     
   86953.562940692165       -117479.31864704609     
        0     6598   0.000E+00   0.000E+00
  OPTIMIZATION STUFF
        6598  -30740.565322824910        8491166120.4152040     
   86868.773238997324       -117609.33856182224     
        0     6866   0.000E+00   0.000E+00
  OPTIMIZATION STUFF
        6866  -30807.966792892374        8595724857.9958630     
   87444.805678118486       -118252.77247101086     
        0    11635   0.000E+00   0.000E+00
  OPTIMIZATION STUFF
       11635  -30080.038676407257        8335328346.5835276     
   86200.461830603730       -116280.50050701099     
        0     8019   0.000E+00   0.000E+00
  OPTIMIZATION STUFF
        8019  -28004.271106122833        7760592226.2750473     
   83524.565404974244       -111528.83651109708     
        0     6355   0.000E+00   0.000E+00
  OPTIMIZATION STUFF
        6355  -31226.789929189468        8675230379.6222878     
   87750.316069747350       -118977.10599893682     
        0     8849   0.000E+00   0.000E+00
  OPTIMIZATION STUFF
        8849  -29586.958978415496        8166283619.6179829     
   85386.740645298909       -114973.69962371440     
        0    10555   0.000E+00   0.000E+00
  OPTIMIZATION STUFF
       10555  -29744.789199431438        8247236647.3234949     
   85804.919222646451       -115549.70842207789     
        0    13212   0.000E+00   0.000E+00
  OPTIMIZATION STUFF
       13212  -27067.249470178522        7579684425.1437559     
   82746.893786189205       -109814.14325636772     
        0    11396   0.000E+00   0.000E+00
  OPTIMIZATION STUFF
       11396  -26872.038434538310        7423321094.0241795     
   81860.947004031637       -108732.98543856994     
        0    10867   0.000E+00   0.000E+00
  OPTIMIZATION STUFF
       10867  -27788.027974601897        7677046620.5023956     
   83095.560180945511       -110883.58815554740     
        0     9802   0.000E+00   0.000E+00
  OPTIMIZATION STUFF
        9802  -28202.662721893368        7867538831.3608990     
   84096.067962515503       -112298.73068440887     
        0    12934   0.000E+00   0.000E+00
  OPTIMIZATION STUFF
       12934  -27271.242461728700        7548603124.5167379     
   82491.711457032725       -109762.95391876143     
        0    16371   0.000E+00   0.000E+00
  OPTIMIZATION STUFF
       16371  -29346.176165170036        8206398223.2300501     
   85704.143235393567       -115050.31940056360     
        0    12966   0.000E+00   0.000E+00
  OPTIMIZATION STUFF
       12966  -29405.560697208006        8236638371.5100451     
   85860.068551060802       -115265.62924826881     
        0    12588   0.000E+00   0.000E+00
  OPTIMIZATION STUFF
       12588  -28658.345249443839        7993799278.0822630     
   84690.604707050850       -113348.94995649469     
        0     7624   0.000E+00   0.000E+00
  OPTIMIZATION STUFF
        7624  -30452.190451206625        8515359801.2853708     
   87109.264134240118       -117561.45458544674     
        0     7273   0.000E+00   0.000E+00
  OPTIMIZATION STUFF
        7273  -28971.194830193755        8093519266.4649534     
   85171.527734190066       -114142.72256438382     
        0    11543   0.000E+00   0.000E+00
  OPTIMIZATION STUFF
       11543  -28214.718877241503        7875089610.5864534     
   84136.907770993610       -112351.62664823511     
        0    10968   0.000E+00   0.000E+00
  OPTIMIZATION STUFF
       10968  -28688.229394602349        7968306949.7628908     
   84529.831680688716       -113218.06107529107     
        0    13984   0.000E+00   0.000E+00
  OPTIMIZATION STUFF
       13984  -31199.048913043407        8736939314.5737476     
   88111.058678779213       -119310.10759182263     
        0     8333   0.000E+00   0.000E+00
  OPTIMIZATION STUFF
        8333  -30083.253330133084        8316465971.1388016     
   86089.859102067523       -116173.11243220061     
        0    11573   0.000E+00   0.000E+00
  OPTIMIZATION STUFF
       11573  -29390.499438347753        8219354451.0929976     
   85764.520600639269       -115155.02003898702     
        0     8404   0.000E+00   0.000E+00
  OPTIMIZATION STUFF
        8404  -29574.756068538682        8292207021.9537783     
   86125.146301415429       -115699.90236995411     
        0    11010   0.000E+00   0.000E+00
  OPTIMIZATION STUFF
       11010  -27742.620345140687        7714458588.7828808     
   83335.500269502591       -111078.12061464328     
        0    10894   0.000E+00   0.000E+00
  OPTIMIZATION STUFF
       10894  -28330.044060950808        7906188899.8530560     
   84282.842283335718       -112612.88634428653     
        0    11350   0.000E+00   0.000E+00
  OPTIMIZATION STUFF
       11350  -29346.696035242174        8156161894.2730770     
   85410.381840196569       -114757.07787543874     
        0    48469   0.000E+00   0.000E+00
  OPTIMIZATION STUFF
       48469  -27872.764034743828        7722511166.9314203     
   83340.387520066826       -111213.15155481065     
        0   118949   0.000E+00   0.000E+00
  OPTIMIZATION STUFF
      118949  -27493.169341482477        7597705739.4345427     
   82715.363621246986       -110208.53296272946     
        0   123158   0.000E+00   0.000E+00
  OPTIMIZATION STUFF
      123158  -28030.751148930634        7712328079.0732174     
   83226.228252275978       -111256.97940120661     
        0   101616   0.000E+00   0.000E+00
  OPTIMIZATION STUFF
      101616  -29421.584691387168        8143477389.7565269     
   85310.302683814560       -114731.88737520172     
        0   118944   0.000E+00   0.000E+00
  OPTIMIZATION STUFF
      118944  -28911.693738229744        8026285715.3366222     
   84796.224447338624       -113707.91818556837     
        0   123385   0.000E+00   0.000E+00
  OPTIMIZATION STUFF
      123385  -28241.175993840410        7806172827.9369402     
   83717.434303864517       -111958.61029770493     
        0   124301   0.000E+00   0.000E+00
  OPTIMIZATION STUFF
      124301  -29357.587630027105        8136982078.7845573     
   85294.279569791994       -114651.86719981910     
        0   111470   0.000E+00   0.000E+00
  OPTIMIZATION STUFF
      111470  -28965.125145779122        8041752629.6312838     
   84869.159032717173       -113834.28417849629     
        0   115906   0.000E+00   0.000E+00
  OPTIMIZATION STUFF
      115906  -28285.474867565088        7824859328.3565931     
   83814.027703439584       -112099.50257100468     
        0   115149   0.000E+00   0.000E+00
  OPTIMIZATION STUFF
      115149  -28301.190197049025        7856150170.1056805     
   83995.195121721918       -112296.38531877095     
        0   132534   0.000E+00   0.000E+00
  OPTIMIZATION STUFF
      132534  -29494.026061237106        8176314344.3380518     
   85477.580516981863       -114971.60657821897     
        0    87132   0.000E+00   0.000E+00
  OPTIMIZATION STUFF
       87132  -28316.189803975562        7854958443.0806046     
   83983.044943999470       -112299.23474797503     
        0   100345   0.000E+00   0.000E+00
  OPTIMIZATION STUFF
      100345  -28179.692560665688        7796284708.3810778     
   83679.087205630058       -111858.77976629575     
        0   129234   0.000E+00   0.000E+00
  OPTIMIZATION STUFF
      129234  -27827.255211476844        7695575830.4703035     
   83193.868150637398       -111021.12336211425     
        0   136148   0.000E+00   0.000E+00
  OPTIMIZATION STUFF
      136148  -28492.366762640642        7890034776.0341635     
   84132.156826610211       -112624.52358925085     
        0   138619   0.000E+00   0.000E+00
  OPTIMIZATION STUFF
      138619  -27785.422633260943        7668653354.6988459     
   83045.912866256796       -110831.33549951774     
        0   123289   0.000E+00   0.000E+00
  OPTIMIZATION STUFF
      123289  -27962.267517783406        7733723000.4298782     
   83377.662450405711       -111339.92996818911     
        0   139002   0.000E+00   0.000E+00
  OPTIMIZATION STUFF
      139002  -28103.471532783689        7785893357.1998892     
   83642.622179161175       -111746.09371194486     
        0   115232   0.000E+00   0.000E+00
  OPTIMIZATION STUFF
      115232  -27310.870678283794        7567668499.7439871     
   82594.096898858610       -109904.96757714241     
        0    90863   0.000E+00   0.000E+00
  OPTIMIZATION STUFF
       90863  -27541.270924358640        7621685910.3815565     
   82844.217096020860       -110385.48802037950     
        0   106836   0.000E+00   0.000E+00
  OPTIMIZATION STUFF
      106836  -27794.938035868050        7694586913.5871744     
   83198.727954034432       -110993.66598990248     
        0    98650   0.000E+00   0.000E+00
  OPTIMIZATION STUFF
       98650  -27739.609731373530        7673239578.0537186     
   83088.829754695704       -110828.43948606923     
        0   111529   0.000E+00   0.000E+00
  OPTIMIZATION STUFF
      111529  -26779.055223305135        7406896986.9944077     
   81791.070345983258       -108570.12556928839     
        0   148018   0.000E+00   0.000E+00
  OPTIMIZATION STUFF
      148018  -27567.947817157365        7624795822.9742260     
   82854.113211866046       -110422.06102902340     
        0   123406   0.000E+00   0.000E+00
  OPTIMIZATION STUFF
      123406  -28261.764014715645        7808438976.3261042     
   83724.020872761641       -111985.78488747729     
        0   149681   0.000E+00   0.000E+00
  OPTIMIZATION STUFF
      149681  -27710.948617392976        7679335031.6673393     
   83135.060945376987       -110846.00956276996     
        0   132634   0.000E+00   0.000E+00
  OPTIMIZATION STUFF
      132634  -27161.757166337429        7513912368.8119135     
   82317.381618032712       -109479.13878437014     
        0   115382   0.000E+00   0.000E+00
  OPTIMIZATION STUFF
      115382  -26662.239344091795        7399045642.9512367     
   81781.236455005986       -108443.47579909778     
        0   128851   0.000E+00   0.000E+00
  OPTIMIZATION STUFF
      128851  -27737.997764860182        7668825123.1073046     
   83062.799152833250       -110800.79691769343     
        0   134785   0.000E+00   0.000E+00
  OPTIMIZATION STUFF
      134785  -28020.133916978881        7770757537.4670715     
   83580.079162092457       -111600.21307907134     
        0   119348   0.000E+00   0.000E+00
  OPTIMIZATION STUFF
      119348  -30602.115242819305        8512469953.9372196     
   87040.108551187048       -117642.22379400635     
        0   122109   0.000E+00   0.000E+00
  OPTIMIZATION STUFF
      122109  -28666.160970935794        7929990380.0088396     
   84310.388418019022       -112976.54938895482     
        0   124759   0.000E+00   0.000E+00
  OPTIMIZATION STUFF
      124759  -27896.624692406949        7683258246.9000168     
   83096.549733854816       -110993.17442626177     
        0   125431   0.000E+00   0.000E+00
  OPTIMIZATION STUFF
      125431  -27708.919645063819        7531880750.1734095     
   82244.127585358976       -109953.04723042279     
        0   136114   0.000E+00   0.000E+00
  OPTIMIZATION STUFF
      136114  -26760.592224165041        7264765460.8453264     
   80923.644039658044       -107684.23626382308     
        0   102853   0.000E+00   0.000E+00
  OPTIMIZATION STUFF
      102853  -27654.237115106029        7510513290.2054472     
   82132.554202258558       -109786.79131736458     
        0   103436   0.000E+00   0.000E+00
  OPTIMIZATION STUFF
      103436  -28473.065470435831        7728024938.1259995     
   83170.364198086056       -111643.42966852189     
        0    80781   0.000E+00   0.000E+00
  OPTIMIZATION STUFF
       80781  -28606.742303264389        7793735435.1580305     
   83518.798662053639       -112125.54096531802     
        0    67504   0.000E+00   0.000E+00
  OPTIMIZATION STUFF
       67504  -27658.768369281825        7537906411.1015749     
   82297.624166168913       -109956.39253545074     
        0   106294   0.000E+00   0.000E+00
  OPTIMIZATION STUFF
      106294  -27789.785876907445        7557354630.7881975     
   82371.611807125839       -110161.39768403329     
        0    69438   0.000E+00   0.000E+00
  OPTIMIZATION STUFF
       69438  -27065.025634378875        7370713239.6886530     
   81475.135023509269       -108540.16065788815     
        0     8394   0.000E+00   0.000E+00
  OPTIMIZATION STUFF
        8394  -28341.672623302438        7709712294.4961281     
   83105.125518283632       -111446.79814158607     
        0     6838   0.000E+00   0.000E+00
  OPTIMIZATION STUFF
        6838  -26340.669786487339        7174795718.7774591     
   80504.439840152249       -106845.10962663959     
        0     9546   0.000E+00   0.000E+00
  OPTIMIZATION STUFF
        9546  -27484.155667295257        7517086508.7471848     
   82229.603525756262       -109713.75919305152     
        0    12598   0.000E+00   0.000E+00
  OPTIMIZATION STUFF
       12598  -25647.622638514102        6994212002.8973370     
   79601.579481124092       -105249.20211963820     
        0    16183   0.000E+00   0.000E+00
  OPTIMIZATION STUFF
       16183  -27460.838534264392        7523093002.6880512     
   82273.904427121422       -109734.74296138581     
        0    10383   0.000E+00   0.000E+00
  OPTIMIZATION STUFF
       10383  -27348.189347972690        7461883457.3341532     
   81938.757598108510       -109286.94694608120     
        0    10903   0.000E+00   0.000E+00
  OPTIMIZATION STUFF
       10903  -26213.542144363975        7095885736.7238750     
   80054.581036749732       -106268.12318111371     
        0    15167   0.000E+00   0.000E+00
  OPTIMIZATION STUFF
       15167  -27434.067383134461        7433678998.8132668     
   81737.695989249085       -109171.76337238355     
        0    10537   0.000E+00   0.000E+00
  OPTIMIZATION STUFF
       10537  -26345.259561545070        7173415701.8127031     
   80494.366265270524       -106839.62582681559     
        0    16528   0.000E+00   0.000E+00
  OPTIMIZATION STUFF
       16528  -28691.009196515035        7827366438.7706108     
   83691.053464848330       -112382.06266136336     
        0    14424   0.000E+00   0.000E+00
  OPTIMIZATION STUFF
       14424  -28785.271075984496        7853231701.5044880     
   83813.124691700752       -112598.39576768524     
        0    10530   0.000E+00   0.000E+00
  OPTIMIZATION STUFF
       10530  -27359.211775878499        7394531398.3856049     
   81523.033121862172       -108882.24489774067     
        0    13201   0.000E+00   0.000E+00
  OPTIMIZATION STUFF
       13201  -27943.148246345001        7613890756.3821278     
   82662.393036161942       -110605.54128250695     
        0      742   0.000E+00   0.000E+00
  OPTIMIZATION STUFF
         742  -29300.876010781802        8042299107.1429167     
   84757.051459708702       -114057.92747049051     
        0      760   0.000E+00   0.000E+00
  OPTIMIZATION STUFF
         760  -30370.065789473811        8130672286.1842480     
   84901.892735835281       -115271.95852530909     
        0      426   0.000E+00   0.000E+00
  OPTIMIZATION STUFF
         426  -32632.042253521213        8682317341.5493069     
   87278.102407841754       -119910.14466136297     
        0     1068   0.000E+00   0.000E+00
  OPTIMIZATION STUFF
        1068  -28827.247191011313        7891476474.7191381     
   84026.580878359367       -112853.82806937068     
        0      616   0.000E+00   0.000E+00
  OPTIMIZATION STUFF
         616  -21698.457792207948        5894802658.2792826     
   73647.671977592428       -95346.129769800376     
        0      776   0.000E+00   0.000E+00
  OPTIMIZATION STUFF
         776  -28530.927835051614        7705984213.9175472     
   83017.891871503365       -111548.81970655498     
        0     1386   0.000E+00   0.000E+00
  OPTIMIZATION STUFF
        1386  -26686.507936508126        7184958964.6465321     
   80453.646647005517       -107140.15458351365     
        0      726   0.000E+00   0.000E+00
  OPTIMIZATION STUFF
         726  -28288.567493113060        8003404786.5014553     
   84871.442403726367       -113160.00989683943     
        0     1815   0.000E+00   0.000E+00
  OPTIMIZATION STUFF
        1815  -25962.121212121332        7065605199.7245674     
   79947.316789819073       -105909.43800194041     
        0     1648   0.000E+00   0.000E+00
  OPTIMIZATION STUFF
        1648  -23684.010922330155        6547139525.1820650     
   77370.583245914662       -101054.59416824482     
        0      675   0.000E+00   0.000E+00
  OPTIMIZATION STUFF
         675  -27996.296296296328        7505004629.6296301     
   81982.998379661716       -109979.29467595805     
        0     1797   0.000E+00   0.000E+00
  OPTIMIZATION STUFF
        1797  -31483.722871452508        8597561039.2320938     
   87214.312090308158       -118698.03496176067     
        0     1617   0.000E+00   0.000E+00
  OPTIMIZATION STUFF
        1617  -28802.566481138027        7769214788.1880445     
   83304.423365675306       -112106.98984681333     
        0     1830   0.000E+00   0.000E+00
  OPTIMIZATION STUFF
        1830  -28474.043715847070        7670309084.6994791     
   82822.327419407316       -111296.37113525439     
        0     1490   0.000E+00   0.000E+00
  OPTIMIZATION STUFF
        1490  -31708.053691275243        8513624161.0738468     
   86650.005725245355       -118358.05941652060     
        0     1737   0.000E+00   0.000E+00
  OPTIMIZATION STUFF
        1737  -30628.957973517674        8381791522.7404118     
   86276.639110461983       -116905.59708397966     
        0      421   0.000E+00   0.000E+00
  OPTIMIZATION STUFF
         421  -27894.893111638972        7488335065.3206577     
   81915.871500038949       -109810.76461167792     
        0     2595   0.000E+00   0.000E+00
  OPTIMIZATION STUFF
        2595  -28203.275529865223        7721089836.2235489     
   83220.580901661902       -111423.85643152712     
        0      480   0.000E+00   0.000E+00
  OPTIMIZATION STUFF
         480  -26442.708333333379        7219720052.0833521     
   80749.632990383383       -107192.34132371677     
        0      332   0.000E+00   0.000E+00
  OPTIMIZATION STUFF
         332  -24792.921686747100        6529419239.4578457     
   76907.283619255919       -101700.20530600302     
        0     1411   0.000E+00   0.000E+00
  OPTIMIZATION STUFF
        1411  -24684.620836286402        6667744507.4415598     
   77835.814389073712       -102520.43522536011     
        0     1479   0.000E+00   0.000E+00
  OPTIMIZATION STUFF
        1479  -25376.943881000730        6879181457.0656061     
   78963.233066574379       -104340.17694757511     
        0      516   0.000E+00   0.000E+00
  OPTIMIZATION STUFF
         516  -28250.968992248221        7561088905.0388069     
   82237.288720128883       -110488.25771237710     
        0     1256   0.000E+00   0.000E+00
  OPTIMIZATION STUFF
        1256  -26015.127388535122        7087002388.5350704     
   80063.821639323214       -106078.94902785834     
        0      532   0.000E+00   0.000E+00
  OPTIMIZATION STUFF
         532  -17502.349624060222        4622870653.1954975     
   65700.368422351006       -83202.718046411232     
        0      768   0.000E+00   0.000E+00
  OPTIMIZATION STUFF
         768  -29531.250000000069        7976098632.8125219     
   84285.253195621466       -113816.50319562154     
        0     2353   0.000E+00   0.000E+00
  OPTIMIZATION STUFF
        2353  -29555.354866128422        8102197327.8793449     
   85021.634462156537       -114576.98932828495     
        0     2760   0.000E+00   0.000E+00
  OPTIMIZATION STUFF
        2760  -26125.905797101521        7153110280.7971325     
   80439.712375655028       -106565.61817275654     
        0      559   0.000E+00   0.000E+00
  OPTIMIZATION STUFF
         559  -28497.316636851614        7697931574.2397413     
   82980.928644711865       -111478.24528156348     
        0     2322   0.000E+00   0.000E+00
  OPTIMIZATION STUFF
        2322  -31224.698535745098        8489126426.5719461     
   86684.165958517391       -117908.86449426250     
        0     1316   0.000E+00   0.000E+00
  OPTIMIZATION STUFF
        1316  -26259.498480243223        7063922397.4164314     
   79839.596297717682       -106099.09477796091     
        0     2325   0.000E+00   0.000E+00
  OPTIMIZATION STUFF
        2325  -27813.440860215171        7521862231.1828413     
   82147.883348861491       -109961.32420907666     
        0     1443   0.000E+00   0.000E+00
  OPTIMIZATION STUFF
        1443  -23855.682605682694        6431238089.0506191     
   76564.642600011837       -100420.32520569453     
        0     2170   0.000E+00   0.000E+00
  OPTIMIZATION STUFF
        2170  -25691.820276497794        6914423243.0875921     
   79084.471383247728       -104776.29165974552     
        0     1215   0.000E+00   0.000E+00
  OPTIMIZATION STUFF
        1215  -28548.353909465150        7604746656.3786364     
   82399.867387263206       -110948.22129672836     
        0     1264   0.000E+00   0.000E+00
  OPTIMIZATION STUFF
        1264  -28515.625000000102        7688035255.1424389     
   82914.982880067022       -111430.60788006712     
        0      639   0.000E+00   0.000E+00
  OPTIMIZATION STUFF
         639  -23863.458528951593        6300540395.1486883     
   75703.868739884725       -99567.327268836321     
        0      303   0.000E+00   0.000E+00
  OPTIMIZATION STUFF
         303  -28065.181518151840        7517455651.8151684     
   82035.365777013256       -110100.54729516510     
        0      610   0.000E+00   0.000E+00
  OPTIMIZATION STUFF
         610  -29659.836065573807        8071255122.9508343     
   84803.002585487047       -114462.83865106085     
        0     1214   0.000E+00   0.000E+00
  OPTIMIZATION STUFF
        1214  -26241.762767710115        7056937294.0692120     
   79801.674048308254       -106043.43681601837     
        0      412   0.000E+00   0.000E+00
  OPTIMIZATION STUFF
         412  -24241.504854368985        6456743021.8446598     
   76610.002377237033       -100851.50723160603     
        0     1241   0.000E+00   0.000E+00
  OPTIMIZATION STUFF
        1241  -25559.024979855010        6827514353.3440866     
   78576.399735691855       -104135.42471554686     
        0     1488   0.000E+00   0.000E+00
  OPTIMIZATION STUFF
        1488  -30397.345430107671        8275385374.6640387     
   85740.228396399500       -116137.57382650717     
        0     2077   0.000E+00   0.000E+00
  OPTIMIZATION STUFF
        2077  -28082.571015888396        7641843704.8628168     
   82784.134409924227       -110866.70542581263     
        0     1170   0.000E+00   0.000E+00
  OPTIMIZATION STUFF
        1170  -29424.145299145330        7961841613.2478733     
   84238.122525746367       -113662.26782489169     
        0     1084   0.000E+00   0.000E+00
  OPTIMIZATION STUFF
        1084  -32142.527675276884        8856022255.5351219     
   88447.047266594382       -120589.57494187127     
        0      402   0.000E+00   0.000E+00
  OPTIMIZATION STUFF
         402  -27549.751243781226        7629928482.5871258     
   82891.131546100281       -110440.88278988151     
        0     1562   0.000E+00   0.000E+00
  OPTIMIZATION STUFF
        1562  -30865.076824584004        8494397207.1063423     
   86843.216428912114       -117708.29325349611     
        0     1419   0.000E+00   0.000E+00
  OPTIMIZATION STUFF
        1419  -28838.090204369386        7961877862.9316998     
   84440.762764771105       -113278.85296914048     
        0      666   0.000E+00   0.000E+00
  OPTIMIZATION STUFF
         666  -30609.984984985131        8298195852.1021576     
   85797.579635565140       -116407.56462055027     
        0      483   0.000E+00   0.000E+00
  OPTIMIZATION STUFF
         483  -27663.043478260948        7355832686.3354139     
   81182.440908457895       -108845.48438671885     
        0      513   0.000E+00   0.000E+00
  OPTIMIZATION STUFF
         513  -21042.884990253511        5539485867.4464092     
   71391.055873501216       -92433.940863754731     
        0      763   0.000E+00   0.000E+00
  OPTIMIZATION STUFF
         763  -23546.854521625213        6586048083.2241316     
   77663.335785694580       -101210.19030731979     
        0     1363   0.000E+00   0.000E+00
  OPTIMIZATION STUFF
        1363  -29922.964049890117        8250137564.1967049     
   85759.861162817237       -115682.82521270735     
        0      843   0.000E+00   0.000E+00
  OPTIMIZATION STUFF
         843  -25951.957295373693        7141581405.6939688     
   80424.357742123553       -106376.31503749725     
        0     1218   0.000E+00   0.000E+00
  OPTIMIZATION STUFF
        1218  -32153.119868637179        8841058600.1642284     
   88358.562023593826       -120511.68189223100     
        0     1594   0.000E+00   0.000E+00
  OPTIMIZATION STUFF
        1594  -26004.548306148117        7084824929.4228525     
   80053.659484223841       -106058.20779037196     
        0     1324   0.000E+00   0.000E+00
  OPTIMIZATION STUFF
        1324  -28877.454682779506        8130519495.8459482     
   85420.209007529149       -114297.66369030866     
        0     1472   0.000E+00   0.000E+00
  OPTIMIZATION STUFF
        1472  -28154.721467391431        7593559994.9049368     
   82467.397521678504       -110622.11898906993     
        0      974   0.000E+00   0.000E+00
  OPTIMIZATION STUFF
         974  -23420.174537987779        6269415746.9199467     
   75636.705186900726       -99056.879724888509     
        0     1648   0.000E+00   0.000E+00
  OPTIMIZATION STUFF
        1648  -26881.067961165118        7444758798.5437222     
   81988.822310184114       -108869.89027134923     
        0     1017   0.000E+00   0.000E+00
  OPTIMIZATION STUFF
        1017  -25218.780727630423        6777252335.2999487     
   78366.226360031171       -103585.00708766159     
        0     1000   0.000E+00   0.000E+00
  OPTIMIZATION STUFF
        1000  -26866.250000000098        7276198437.5000372     
   80959.267835359846       -107825.51783535995     
        0     1015   0.000E+00   0.000E+00
  OPTIMIZATION STUFF
        1015  -24738.916256157689        6681520935.9606075     
   77907.040493343244       -102645.95674950094     
        0      900   0.000E+00   0.000E+00
  OPTIMIZATION STUFF
         900  -29540.277777777887        7834137152.7777996     
   83435.658693328005       -112975.93647110589     
        0      699   0.000E+00   0.000E+00
  OPTIMIZATION STUFF
         699  -30532.904148784095        8516286659.5136604     
   87086.327421443275       -117619.23157022736     
        0      937   0.000E+00   0.000E+00
  OPTIMIZATION STUFF
         937  -26523.479188900834        7364551093.9168062     
   81615.293576833690       -108138.77276573452     
        0      618   0.000E+00   0.000E+00
  OPTIMIZATION STUFF
         618  -27540.453074433644        7685113268.6084032     
   83226.418360177689       -110766.87143461133     
        0      405   0.000E+00   0.000E+00
  OPTIMIZATION STUFF
         405  -30330.246913580413        8149216820.9877052     
   85025.248856730497       -115355.49577031091     
        0     1056   0.000E+00   0.000E+00
  OPTIMIZATION STUFF
        1056  -26846.590909090959        7250514914.7727432     
   80807.026126028533       -107653.61703511949     
        0      967   0.000E+00   0.000E+00
  OPTIMIZATION STUFF
         967  -29766.028955532645        8493596496.8976603     
   87221.442415933780       -116987.47137146642     
        0     4367   0.000E+00   0.000E+00
  OPTIMIZATION STUFF
        4367  -27822.876116327057        7522862520.0366621     
   82150.776531035779       -109973.65264736283     
        0     2584   0.000E+00   0.000E+00
  OPTIMIZATION STUFF
        2584  -29003.966718266380        7958871299.3421688     
   84366.114133269555       -113370.08085153594     
        0      552   0.000E+00   0.000E+00
  OPTIMIZATION STUFF
         552  -27633.605072463783        7428059895.8333263     
   81636.044530173254       -109269.64960263704     
        0     1005   0.000E+00   0.000E+00
  OPTIMIZATION STUFF
        1005  -30368.159203980151        8354670398.0099659     
   86211.630912375636       -116579.79011635578     
        0      706   0.000E+00   0.000E+00
  OPTIMIZATION STUFF
         706  -24282.932011331541        6533474238.6685839     
   77096.131236279514       -101379.06324761105     
        0     1410   0.000E+00   0.000E+00
  OPTIMIZATION STUFF
        1410  -29392.730496453991        7926011746.4539309     
   84036.177569049119       -113428.90806550311     
        0     1474   0.000E+00   0.000E+00
  OPTIMIZATION STUFF
        1474  -33808.514246947125        9323478841.5875416     
   90445.913152566020       -124254.42739951314     
        0      967   0.000E+00   0.000E+00
  OPTIMIZATION STUFF
         967  -28059.720785935955        7559392774.0434542     
   82292.434910256285       -110352.15569619223     
        0      497   0.000E+00   0.000E+00
  OPTIMIZATION STUFF
         497  -27173.038229376361        7491612173.0382795     
   82178.088116134284       -109351.12634551065     
        0     1036   0.000E+00   0.000E+00
  OPTIMIZATION STUFF
        1036  -29734.555984556035        8395951978.7645168     
   86670.688004456388       -116405.24398901242     
        0      625   0.000E+00   0.000E+00
  OPTIMIZATION STUFF
         625  -25484.000000000036        6822365000.0000000     
   78568.000763669668       -104052.00076366970     
        0      876   0.000E+00   0.000E+00
  OPTIMIZATION STUFF
         876  -30228.310502283231        8513199200.9133043     
   87174.815429061040       -117403.12593134427     
        0      596   0.000E+00   0.000E+00
  OPTIMIZATION STUFF
         596  -30572.567114094021        8162864408.5570555     
   85018.718813043000       -115591.28592713703     
        0     2883   0.000E+00   0.000E+00
  OPTIMIZATION STUFF
        2883  -31802.375997225186        8699769662.6778049     
   87683.399475664264       -119485.77547288945     
        0     1099   0.000E+00   0.000E+00
  OPTIMIZATION STUFF
        1099  -29247.042766151120        8073711897.1792803     
   84960.710841036445       -114207.75360718757     
        0     2330   0.000E+00   0.000E+00
  OPTIMIZATION STUFF
        2330  -29844.957081545115        8148557537.5536766     
   85192.934415680313       -115037.89149722543     
        0      699   0.000E+00   0.000E+00
  OPTIMIZATION STUFF
         699  -26865.164520743929        7555045153.7911386     
   82663.825758698717       -109528.99027944265     
        0     2473   0.000E+00   0.000E+00
  OPTIMIZATION STUFF
        2473  -24895.875454913141        6770232258.3906546     
   78424.662216193872       -103320.53767110701     
        0     1192   0.000E+00   0.000E+00
  OPTIMIZATION STUFF
        1192  -27634.228187919558        7464670721.4765425     
   81859.759063501609       -109493.98725142117     
        0     2396   0.000E+00   0.000E+00
  OPTIMIZATION STUFF
        2396  -26203.568447412457        7133321812.3957033     
   80291.312188912896       -106494.88063632535     
        0      599   0.000E+00   0.000E+00
  OPTIMIZATION STUFF
         599  -22773.372287145303        6314636373.1218777     
   76131.530181607144       -98904.902468752451     
        0     1362   0.000E+00   0.000E+00
  OPTIMIZATION STUFF
        1362  -24890.785609398059        6903454249.2658472     
   79271.073166778995       -104161.85877617705     
        0     1529   0.000E+00   0.000E+00
  OPTIMIZATION STUFF
        1529  -24099.901896664571        6448717503.2701340     
   76602.299128950937       -100702.20102561550     
        0     1706   0.000E+00   0.000E+00
  OPTIMIZATION STUFF
        1706  -29521.541617819534        8050381924.0914764     
   84728.156504191837       -114249.69812201137     
        0      687   0.000E+00   0.000E+00
  OPTIMIZATION STUFF
         687  -25152.838427947587        6791266375.5458403     
   78476.755122541887       -103629.59355048947     
        0     1953   0.000E+00   0.000E+00
  OPTIMIZATION STUFF
        1953  -32492.319508448643        8834144585.2535000     
   88195.202580494064       -120687.52208894270     
        0     1707   0.000E+00   0.000E+00
  OPTIMIZATION STUFF
        1707  -28629.173989455248        7732271528.9982662     
   83142.299256634506       -111771.47324608975     
        0     1212   0.000E+00   0.000E+00
  OPTIMIZATION STUFF
        1212  -27846.534653465438        7521936881.1881514     
   82137.125521785216       -109983.66017525065     
        0     1380   0.000E+00   0.000E+00
  OPTIMIZATION STUFF
        1380  -27594.202898550848        7563482789.8551302     
   82474.497611375235       -110068.70050992609     
        0      959   0.000E+00   0.000E+00
  OPTIMIZATION STUFF
         959  -31390.771637122070        8458636926.4859428     
   86447.998140570009       -117838.76977769208     
        0     1133   0.000E+00   0.000E+00
  OPTIMIZATION STUFF
        1133  -29674.536628420210        8097957579.4351664     
   84955.161440160387       -114629.69806858059     
        0     1129   0.000E+00   0.000E+00
  OPTIMIZATION STUFF
        1129  -28228.520814880525        7758071302.0372496     
   83433.937427410841       -111662.45824229137     
        0      713   0.000E+00   0.000E+00
  OPTIMIZATION STUFF
         713  -30475.105189340906        8100484309.2566786     
   84686.198834020688       -115161.30402336159     
        0     1442   0.000E+00   0.000E+00
  OPTIMIZATION STUFF
        1442  -25000.866851595114        6819091322.8155813     
   78702.274296772346       -103703.14114836746     
        0      752   0.000E+00   0.000E+00
  OPTIMIZATION STUFF
         752  -25337.433510638388        7223680601.7287693     
   81127.646735393151       -106465.08024603155     
        0     1865   0.000E+00   0.000E+00
  OPTIMIZATION STUFF
        1865  -25559.651474530867        7015185154.1555109     
   79761.452912143111       -105321.10438667398     
        0      704   0.000E+00   0.000E+00
  OPTIMIZATION STUFF
         704  -23982.599431818278        6671069335.9375296     
   78076.272070523963       -102058.87150234224     
        0      906   0.000E+00   0.000E+00
  OPTIMIZATION STUFF
         906  -25191.777041942743        6951602166.1148567     
   79479.409507015735       -104671.18654895847     
        0      385   0.000E+00   0.000E+00
  OPTIMIZATION STUFF
         385  -30863.636363636422        8433157467.5324907     
   86490.423851116080       -117354.06021475251     
        0      852   0.000E+00   0.000E+00
  OPTIMIZATION STUFF
         852  -29163.732394366292        8009738116.1972303     
   84612.143508051027       -113775.87590241732     
        0      847   0.000E+00   0.000E+00
  OPTIMIZATION STUFF
         847  -31725.206611570364        8685491071.4286022     
   87629.916905596649       -119355.12351716701     
        0     1938   0.000E+00   0.000E+00
  OPTIMIZATION STUFF
        1938  -26469.298245614107        7130013222.3942451     
   80183.473813367396       -106652.77205898150     
        0     1363   0.000E+00   0.000E+00
  OPTIMIZATION STUFF
        1363  -27438.554658840931        7454517837.4908838     
   81863.566717586174       -109302.12137642711     
        0      598   0.000E+00   0.000E+00
  OPTIMIZATION STUFF
         598  -35217.391304348013        9515530936.4549160     
   90968.490622694997       -126185.88192704301     
        0      430   0.000E+00   0.000E+00
  OPTIMIZATION STUFF
         430  -35168.604651162845        9585036337.2093201     
   91368.515277963932       -126537.11992912678     
        0     2276   0.000E+00   0.000E+00
  OPTIMIZATION STUFF
        2276  -29064.147627416594        7850013730.2284985     
   83697.604821883840       -112761.75244930043     
        0     1901   0.000E+00   0.000E+00
  OPTIMIZATION STUFF
        1901  -24928.327196212616        6763707423.7243948     
   78372.737140685349       -103301.06433689797     
        0     1101   0.000E+00   0.000E+00
  OPTIMIZATION STUFF
        1101  -29794.504995458734        8029820901.4532423     
   84510.995577669222       -114305.50057312795     
        0     2197   0.000E+00   0.000E+00
  OPTIMIZATION STUFF
        2197  -28396.677287209925        7789740270.8238974     
   83566.554253899652       -111963.23154110958     
        0     1000   0.000E+00   0.000E+00
  OPTIMIZATION STUFF
        1000  -29155.000000000113        7801000000.0000324     
   83372.573278027266       -112527.57327802738     
        0     1022   0.000E+00   0.000E+00
  OPTIMIZATION STUFF
        1022  -29455.724070450164        7937214102.2505083     
   84080.761305640015       -113536.48537609018     
        0     1506   0.000E+00   0.000E+00
  OPTIMIZATION STUFF
        1506  -26731.407702523375        7498645003.3201208     
   82365.507620372227       -109096.91532289560     
        0      979   0.000E+00   0.000E+00
  OPTIMIZATION STUFF
         979  -28272.471910112490        7695673199.6936178     
   83044.208297662262       -111316.68020777476     
        0      903   0.000E+00   0.000E+00
  OPTIMIZATION STUFF
         903  -26756.644518272533        7166014327.2425566     
   80312.491564920041       -107069.13608319257     
        0     1691   0.000E+00   0.000E+00
  OPTIMIZATION STUFF
        1691  -25545.535186280391        6878158264.3406544     
   78902.369396534385       -104447.90458281478     
        0      691   0.000E+00   0.000E+00
  OPTIMIZATION STUFF
         691  -25405.209840810494        6970812228.6541586     
   79532.305018769228       -104937.51485957972     
        0      647   0.000E+00   0.000E+00
  OPTIMIZATION STUFF
         647  -26079.984544049563        7016588581.9165678     
   79601.651918152449       -105681.63646220200     
        0     1473   0.000E+00   0.000E+00
  OPTIMIZATION STUFF
        1473  -29607.094365241112        8061323616.7685452     
   84762.866751993788       -114369.96111723490     
        0     1145   0.000E+00   0.000E+00
  OPTIMIZATION STUFF
        1145  -30185.589519650726        8185510371.1790667     
   85289.744732471911       -115475.33425212264     
        0      767   0.000E+00   0.000E+00
  OPTIMIZATION STUFF
         767  -30454.693611473362        8299374592.5684872     
   85859.689200461071       -116314.38281193443     
        0     1971   0.000E+00   0.000E+00
  OPTIMIZATION STUFF
        1971  -25213.089802131046        6926778919.3303576     
   79316.322544354218       -104529.41234648526     
        0     1636   0.000E+00   0.000E+00
  OPTIMIZATION STUFF
        1636  -26737.469437652897        7245142496.9437990     
   80809.963649381607       -107547.43308703450     
        0      411   0.000E+00   0.000E+00
  OPTIMIZATION STUFF
         411  -22354.014598540205        6311564781.0219402     
   76235.574454123402       -98589.589052663607     
        0      995   0.000E+00   0.000E+00
  OPTIMIZATION STUFF
         995  -27678.391959799046        7475219849.2462473     
   81909.257521759893       -109587.64948155894     
        0     1297   0.000E+00   0.000E+00
  OPTIMIZATION STUFF
        1297  -24354.279105628437        6549130204.3176746     
   77175.120949453805       -101529.40005508224     
        0     6244   0.000E+00   0.000E+00
  OPTIMIZATION STUFF
        6244  -26360.706278026955        7195930843.6098967     
   80629.051886608999       -106989.75816463595     
        0    12303   0.000E+00   0.000E+00
  OPTIMIZATION STUFF
       12303  -27334.694789888679        7400490860.9688997     
   81567.795861556369       -108902.49065144506     
        0    11151   0.000E+00   0.000E+00
  OPTIMIZATION STUFF
       11151  -27143.978118554438        7349248666.0389719     
   81316.991569649268       -108460.96968820371     
        0    15665   0.000E+00   0.000E+00
  OPTIMIZATION STUFF
       15665  -28337.535908075359        7681825526.6518068     
   82938.589241138805       -111276.12514921416     
        0    13602   0.000E+00   0.000E+00
  OPTIMIZATION STUFF
       13602  -29569.640494045045        8034781994.3758926     
   84619.255228516544       -114188.89572256159     
        0     9678   0.000E+00   0.000E+00
  OPTIMIZATION STUFF
        9678  -27151.787559413162        7435236489.9773216     
   81841.413247241886       -108993.20080665505     
        0    13613   0.000E+00   0.000E+00
  OPTIMIZATION STUFF
       13613  -28831.172408726987        7825367869.8670874     
   83630.923511613495       -112462.09592034048     
        0    11770   0.000E+00   0.000E+00
  OPTIMIZATION STUFF
       11770  -29319.881053525944        7964762107.0518703     
   84291.794867940509       -113611.67592146645     
        0    15061   0.000E+00   0.000E+00
  OPTIMIZATION STUFF
       15061  -28190.774184981110        7621499132.6937475     
   82624.326826577832       -110815.10101155895     
        0     9521   0.000E+00   0.000E+00
  OPTIMIZATION STUFF
        9521  -28166.421594370389        7708159922.8022842     
   83155.352307415960       -111321.77390178635     
        0    13311   0.000E+00   0.000E+00
  OPTIMIZATION STUFF
       13311  -26110.359852753394        7125906674.9305410     
   80275.499271510387       -106385.85912426378     
        0     9061   0.000E+00   0.000E+00
  OPTIMIZATION STUFF
        9061  -27460.683147555512        7444819659.8058062     
   81796.885887394077       -109257.56903494959     
        0    13161   0.000E+00   0.000E+00
  OPTIMIZATION STUFF
       13161  -27727.471316769279        7508613398.4880009     
   82096.289397668501       -109823.76071443778     
        0    25734   0.000E+00   0.000E+00
  OPTIMIZATION STUFF
       25734  -28433.152638532694        7758686526.0939131     
   83368.113551452116       -111801.26618998480     
        0    10641   0.000E+00   0.000E+00
  OPTIMIZATION STUFF
       10641  -28012.169908843192        7563321410.1118746     
   82332.495086144292       -110344.66499498748     
        0    10984   0.000E+00   0.000E+00
  OPTIMIZATION STUFF
       10984  -25938.410415149334        7085277733.5215282     
   80077.940774328119       -106016.35118947746     
        0    12153   0.000E+00   0.000E+00
  OPTIMIZATION STUFF
       12153  -27308.072080967708        7432885398.6670494     
   81775.024291575246       -109083.09637254296     
        0    20264   0.000E+00   0.000E+00
  OPTIMIZATION STUFF
       20264  -27212.544413738666        7420376961.6068239     
   81730.376165395966       -108942.92057913463     
        0    10531   0.000E+00   0.000E+00
  OPTIMIZATION STUFF
       10531  -27139.991453803097        7353790446.0640354     
   81346.243367174189       -108486.23482097729     
        0    21627   0.000E+00   0.000E+00
  OPTIMIZATION STUFF
       21627  -27470.176168678059        7487019264.1143379     
   82051.256452147820       -109521.43262082589     
        0    16355   0.000E+00   0.000E+00
  OPTIMIZATION STUFF
       16355  -27029.195964536870        7368009591.8679829     
   81470.437321636171       -108499.63328617305     
        0    13578   0.000E+00   0.000E+00
  OPTIMIZATION STUFF
       13578  -26052.990131094455        7090127642.1417456     
   80071.026890947513       -106124.01702204197     
        0    12190   0.000E+00   0.000E+00
  OPTIMIZATION STUFF
       12190  -27492.411812961494        7504243488.5152292     
   82148.711378948385       -109641.12319190988     
        0    13198   0.000E+00   0.000E+00
  OPTIMIZATION STUFF
       13198  -28261.952568571018        7629372229.6939306     
   82647.651307860971       -110909.60387643200     
        0    13962   0.000E+00   0.000E+00
  OPTIMIZATION STUFF
       13962  -30424.903308981549        8309222577.3528795     
   85927.573199712817       -116352.47650869437     
        0    12772   0.000E+00   0.000E+00
  OPTIMIZATION STUFF
       12772  -26932.547760726637        7278967908.3151045     
   80954.343795940207       -107886.89155666684     
        0    10871   0.000E+00   0.000E+00
  OPTIMIZATION STUFF
       10871  -30438.897065587382        8245565466.6084633     
   85551.382291807764       -115990.27935739515     
        0     9508   0.000E+00   0.000E+00
  OPTIMIZATION STUFF
        9508  -29194.888514934828        7925685606.8574371     
   84103.175275716931       -113298.06379065177     
        0    13719   0.000E+00   0.000E+00
  OPTIMIZATION STUFF
       13719  -27170.256578467845        7354308008.0545654     
   81339.321152286429       -108509.57773075427     
        0    13917   0.000E+00   0.000E+00
  OPTIMIZATION STUFF
       13917  -27654.936408708807        7458278656.4992895     
   81813.710029123860       -109468.64643783266     
        0    10349   0.000E+00   0.000E+00
  OPTIMIZATION STUFF
       10349  -28983.959802879544        7807698207.5563374     
   83472.320452359534       -112456.28025523908     
        0    11903   0.000E+00   0.000E+00
  OPTIMIZATION STUFF
       11903  -29283.794001512273        7904277808.1156540     
   83944.846280118043       -113228.64028163032     
