tried moves    experiment_1   _      experiment_2    _                                                                                                                                                                                                                                                                                                                                                                                                                                                                          
        0   141914   0.324E+00   0.540E+04   0.136E+03   0.746E+06
  OPTIMIZATION STUFF
      141914  -65.883142788770499        48728.262557225811     
   210.68382485017756       -276.56696763894809     
        0   136593  -0.158E-01   0.195E+03   0.438E+01   0.642E+05
  OPTIMIZATION STUFF
      136593  -22.491929889488972        2076.1481400853345     
   39.626521799568117       -62.118451689057089     
        0   142144  -0.328E-01   0.195E+03  -0.340E+01   0.597E+05
  OPTIMIZATION STUFF
      142144  -20.085550080526218        1854.8348743820452     
   38.097316865426606       -58.182866945952824     
        0   140003   0.166E+00   0.207E+03   0.550E+02   0.634E+05
  OPTIMIZATION STUFF
      140003  -20.794758339688901        2142.2150235909617     
   41.349643882201704       -62.144402221890601     
        0   141091  -0.558E-01   0.250E+03  -0.248E+02   0.768E+05
  OPTIMIZATION STUFF
      141091  -22.048598721558189        2539.5358830818309     
   45.314403642744033       -67.363002364302218     
        0   139379   0.107E+00   0.335E+03   0.392E+02   0.105E+06
  OPTIMIZATION STUFF
      139379  -22.934953238855748        2967.4079720234899     
   49.410483623973875       -72.345436862829615     
        0   139745   0.519E-01   0.412E+03   0.132E+02   0.127E+06
  OPTIMIZATION STUFF
      139745  -23.628665681828696        3259.3328140311983     
   51.971328366009359       -75.599994047838052     
        0   139832  -0.971E-01   0.443E+03  -0.267E+02   0.134E+06
  OPTIMIZATION STUFF
      139832  -25.718328327361213        4057.7916435916532     
   58.278291255301085       -83.996619582662305     
        0   139303   0.144E+00   0.374E+03   0.484E+02   0.106E+06
  OPTIMIZATION STUFF
      139303  -25.753398039098855        4124.1549665955308     
   58.829562772769869       -84.582960811868730     
        0   143099  -0.231E-01   0.488E+03  -0.105E+01   0.152E+06
  OPTIMIZATION STUFF
      143099  -26.089923185928455        4347.5098984165616     
   60.554321122186764       -86.644244308115219     
        0   143635   0.129E+00   0.475E+03   0.343E+02   0.141E+06
  OPTIMIZATION STUFF
      143635  -26.584295667846380        4543.5785749518700     
   61.942342535590257       -88.526638203436633     
        0   139260  -0.158E-01   0.789E+03   0.124E+01   0.256E+06
  OPTIMIZATION STUFF
      139260  -28.897812081613065        5740.2907069513612     
   70.037184151328773       -98.934996232941842     
        0   145159  -0.229E+00   0.879E+03  -0.799E+02   0.285E+06
  OPTIMIZATION STUFF
      145159  -30.397704764193218        6551.8441836714364     
   75.018822496360087       -105.41652726055331     
        0   145880   0.878E-01   0.702E+03   0.434E+02   0.226E+06
  OPTIMIZATION STUFF
      145880  -28.082751940116648        5381.7855889959692     
   67.772742547914078       -95.855494488030729     
        0   145916  -0.386E-01   0.787E+03  -0.219E+02   0.245E+06
  OPTIMIZATION STUFF
      145916  -30.691864709215750        6788.9533395777216     
   76.465435199499908       -107.15729990871566     
        0   143087   0.622E+00   0.733E+03   0.199E+03   0.233E+06
  OPTIMIZATION STUFF
      143087  -31.353953346728517        7065.4599932847877     
   77.989676257925055       -109.34362960465357     
        0   143761  -0.461E+00   0.840E+03  -0.151E+03   0.266E+06
  OPTIMIZATION STUFF
      143761  -31.924086357945797        7469.1292240209514     
   80.311779548403550       -112.23586590634935     
        0   147675   0.310E+00   0.138E+04   0.103E+03   0.450E+06
  OPTIMIZATION STUFF
      147675  -36.688075974087049        11031.340749472032     
   98.414053014758267       -135.10212898884532     
        0   140655   0.156E+00   0.101E+04   0.608E+02   0.311E+06
  OPTIMIZATION STUFF
      140655  -35.995589017067658        10180.339153456727     
   94.258457046416183       -130.25404606348383     
        0   142611  -0.426E+00   0.809E+03  -0.149E+03   0.250E+06
  OPTIMIZATION STUFF
      142611  -33.462532461641800        8426.0463417222581     
   85.476928249533088       -118.93946071117489     
        0   149833   0.524E+00   0.800E+03   0.168E+03   0.238E+06
  OPTIMIZATION STUFF
      149833  -34.940972047183116        9313.0230973455309     
   89.956387042519097       -124.89735908970221     
        0   143625  -0.325E+00   0.114E+04  -0.101E+03   0.352E+06
  OPTIMIZATION STUFF
      143625  -36.722832369122585        10939.391972450230     
   97.932760377922321       -134.65559274704492     
        0   142821   0.817E+00   0.125E+04   0.260E+03   0.393E+06
  OPTIMIZATION STUFF
      142821  -37.903040061290518        11616.936750926903     
   100.89745440316673       -138.80049446445724     
        0   145858  -0.805E+00   0.176E+04  -0.255E+03   0.554E+06
  OPTIMIZATION STUFF
      145858  -42.400422214242219        15664.370991536392     
   117.75642312668293       -160.15684534092514     
        0   146323  -0.727E-01   0.851E+03  -0.232E+02   0.255E+06
  OPTIMIZATION STUFF
      146323  -36.685170954709619        10884.910075950820     
   97.668358786121459       -134.35352974083108     
        0    62798  -0.175E+00   0.107E+04  -0.490E+02   0.329E+06
  OPTIMIZATION STUFF
       62798  -37.304001416799451        11366.908061950673     
   99.876521466489294       -137.18052288328875     
        0    65467   0.281E+01   0.104E+04   0.934E+03   0.310E+06
  OPTIMIZATION STUFF
       65467  -38.197446709291206        12042.897947062625     
   102.87785481799999       -141.07530152729120     
        0    47862  -0.364E+01   0.116E+04  -0.125E+04   0.360E+06
  OPTIMIZATION STUFF
       47862  -39.911307223943503        13545.956998082449     
   109.32998012328751       -149.24128734723101     
        0    58332   0.111E+01   0.937E+03   0.387E+03   0.290E+06
  OPTIMIZATION STUFF
       58332  -36.553423247797774        10656.939091705362     
   96.544219612427966       -133.09764286022573     
        0    66411  -0.331E+00   0.233E+04  -0.788E+02   0.732E+06
  OPTIMIZATION STUFF
       66411  -42.087160347115528        16579.395710225363     
   121.68839979283788       -163.77556013995343     
        0    67438  -0.419E+00   0.975E+03  -0.167E+03   0.300E+06
  OPTIMIZATION STUFF
       67438  -38.930668943325600        12216.612989563326     
   103.44571525775491       -142.37638420108050     
        0    51677   0.109E+01   0.142E+04   0.401E+03   0.443E+06
  OPTIMIZATION STUFF
       51677  -39.327787602163703        13333.440838480279     
   108.56687322014656       -147.89466082231027     
        0    87895  -0.323E+00   0.135E+04  -0.113E+03   0.402E+06
  OPTIMIZATION STUFF
       87895  -42.325140898327604        15626.858642258141     
   117.62415181498594       -159.94929271331353     
        0    46616   0.364E+00   0.155E+04   0.914E+02   0.479E+06
  OPTIMIZATION STUFF
       46616  -42.689105790831590        15702.544261688026     
   117.81419485133027       -160.50330064216186     
        0    64869  -0.110E+01   0.929E+03  -0.340E+03   0.278E+06
  OPTIMIZATION STUFF
       64869  -36.547089368330802        10885.822938702184     
   97.724782923296516       -134.27187229162732     
        0    54583   0.616E+00   0.141E+04   0.187E+03   0.443E+06
  OPTIMIZATION STUFF
       54583  -38.277140312503818        13301.851288783790     
   108.79665352519206       -147.07379383769586     
        0    79493  -0.693E+00   0.836E+03  -0.218E+03   0.254E+06
  OPTIMIZATION STUFF
       79493  -34.615014114986231        9584.4878767835380     
   91.576681937067590       -126.19169605205383     
        0    74038   0.305E+01   0.330E+04   0.990E+03   0.106E+07
  OPTIMIZATION STUFF
       74038  -39.663244797203191        18546.124557355142     
   130.28028081606317       -169.94352561326636     
        0    56430  -0.320E+01   0.143E+04  -0.109E+04   0.441E+06
  OPTIMIZATION STUFF
       56430  -41.339187804345869        15054.390585520394     
   115.52256116100186       -156.86174896534772     
        0    70254   0.146E+00   0.145E+04   0.667E+02   0.454E+06
  OPTIMIZATION STUFF
       70254  -41.944933152407536        15411.127215187278     
   116.84070265976382       -158.78563581217136     
        0    74639  -0.358E+00   0.356E+04  -0.105E+03   0.117E+07
  OPTIMIZATION STUFF
       74639  -46.094710052672269        21866.766921030438     
   140.50638642492558       -186.60109647759785     
        0    67133  -0.280E-01   0.951E+03  -0.223E+02   0.288E+06
  OPTIMIZATION STUFF
       67133  -37.070685360045800        11009.763442243811     
   98.160723964222569       -135.23140932426838     
        0    44966   0.145E+01   0.172E+04   0.460E+03   0.548E+06
  OPTIMIZATION STUFF
       44966  -39.294737742692746        13374.593925889343     
   108.76818244147661       -148.06292018416934     
        0    61195  -0.409E+00   0.219E+04  -0.119E+03   0.692E+06
  OPTIMIZATION STUFF
       61195  -43.721151068259253        18035.370063904127     
   126.97964802743226       -170.70079909569151     
        0    46655  -0.596E+00   0.108E+04  -0.216E+03   0.328E+06
  OPTIMIZATION STUFF
       46655  -41.810021430897393        14643.791360211495     
   113.55929494391640       -155.36931637481379     
        0    68682   0.411E+01   0.147E+04   0.135E+04   0.449E+06
  OPTIMIZATION STUFF
       68682  -42.797460922617290        15769.123173299140     
   118.05719169909212       -160.85465262170942     
        0    62517  -0.419E+01   0.177E+04  -0.135E+04   0.562E+06
  OPTIMIZATION STUFF
       62517  -44.579114783924062        17357.743535144007     
   123.97760305888210       -168.55671784280617     
        0    64443  -0.475E+00   0.159E+04  -0.157E+03   0.503E+06
  OPTIMIZATION STUFF
       64443  -40.730873526546119        14179.350535710562     
   111.89435409114736       -152.62522761769350     
        0    57976   0.537E+00   0.262E+04   0.195E+03   0.843E+06
  OPTIMIZATION STUFF
       57976  -46.860432416191131        20910.047865224526     
   136.79966278829824       -183.66009520448938     
        0    53673  -0.298E+00   0.316E+04  -0.124E+03   0.103E+07
  OPTIMIZATION STUFF
       53673  -44.563831828590963        20908.760883044426     
   137.56026234271832       -182.12409417130928     
