tried moves    experiment_1   _      experiment_2    _                                                                                                                                                                                                                                                                                                                                                                                                                                                                          
        0    34987   0.102E+03   0.118E+05   0.241E+05   0.230E+07
  OPTIMIZATION STUFF
       34987  -57.030323147419033        37827.397855285351     
   185.94337873929879       -242.97370188671783     
        0    26478  -0.202E+02   0.172E+05  -0.637E+04   0.397E+07
  OPTIMIZATION STUFF
       26478  -130.75988466277144        90504.234225052249     
   270.93557682229726       -401.69546148506868     
        0    34374   0.136E+03   0.312E+05   0.170E+05   0.578E+07
  OPTIMIZATION STUFF
       34374  -140.18009616774179        91637.991414221586     
   268.30492364588514       -408.48501981362693     
        0    23491   0.617E+02   0.118E+06   0.112E+04   0.173E+08
  OPTIMIZATION STUFF
       23491  -173.34628976385517        119705.44276664805     
   299.42696370192448       -472.77325346577965     
        0    17871   0.710E+02   0.141E+06   0.474E+04   0.188E+08
  OPTIMIZATION STUFF
       17871  -219.73954978921606        137150.17083792991     
   298.10183007885502       -517.84137986807104     
        0    23052  -0.285E+03   0.248E+06  -0.378E+05   0.327E+08
  OPTIMIZATION STUFF
       23052  -203.15965891931722        124873.30068713489     
   289.13570114207897       -492.29536006139620     
        0    17488  -0.494E+02   0.284E+05  -0.689E+04   0.370E+07
  OPTIMIZATION STUFF
       17488  -53.724000193165871        6362.7629182698265     
   58.961807312145204       -112.68580750531108     
        0    22178  -0.608E+02   0.129E+05  -0.770E+04   0.163E+07
  OPTIMIZATION STUFF
       22178  -32.989631597157938        2275.8878269888901     
   34.461167044554493       -67.450798641712424     
        0    26928  -0.135E+02   0.987E+04  -0.185E+04   0.124E+07
  OPTIMIZATION STUFF
       26928  -26.142459601214775        1380.3161487474354     
   26.398635471294511       -52.541095072509286     
        0    30064  -0.903E+01   0.692E+04  -0.112E+04   0.855E+06
  OPTIMIZATION STUFF
       30064  -16.882824830385246        539.64076690231309     
   15.956534481172296       -32.839359311557544     
        0    25691  -0.216E+00   0.397E+04  -0.392E+02   0.488E+06
  OPTIMIZATION STUFF
       25691  -14.561949415677544        380.25233183391526     
   12.969269873403194       -27.531219289080738     
        0    24981  -0.921E+01   0.457E+04  -0.116E+04   0.580E+06
  OPTIMIZATION STUFF
       24981  -13.826146285552802        344.85066346868047     
   12.397110242277227       -26.223256527830031     
        0    25121   0.731E+01   0.428E+04   0.944E+03   0.520E+06
  OPTIMIZATION STUFF
       25121  -12.255870282004025        262.10941376986568     
   10.578424145427157       -22.834294427431182     
        0    21890  -0.409E+01   0.430E+04  -0.528E+03   0.538E+06
  OPTIMIZATION STUFF
       21890  -11.706342634748260        237.66186323837476     
   10.031121839368213       -21.737464474116472     
        0    25651  -0.185E+01   0.326E+04  -0.269E+03   0.406E+06
  OPTIMIZATION STUFF
       25651  -10.994376104952885        205.86973661310628     
   9.2191881787903274       -20.213564283743210     
        0    23755   0.413E+01   0.296E+04   0.561E+03   0.368E+06
  OPTIMIZATION STUFF
       23755  -9.8772611881275978        163.11925037504773     
   8.0968488806791949       -17.974110068806795     
        0    25891  -0.603E+01   0.245E+04  -0.753E+03   0.306E+06
  OPTIMIZATION STUFF
       25891  -9.4253653496783532        145.53391683982514     
   7.5297015123381748       -16.955066862016530     
        0    24866  -0.227E+01   0.288E+04  -0.304E+03   0.356E+06
  OPTIMIZATION STUFF
       24866  -9.0756490296059251        134.58483895161325     
   7.2261631342660877       -16.301812163872015     
        0    23243   0.625E+01   0.330E+04   0.785E+03   0.412E+06
  OPTIMIZATION STUFF
       23243  -9.6581915765382078        154.73858227967074     
   7.8395100453125988       -17.497701621850808     
        0    24115  -0.252E+01   0.281E+04  -0.358E+03   0.351E+06
  OPTIMIZATION STUFF
       24115  -9.3026276097399876        142.98230375730247     
   7.5128838212636939       -16.815511431003682     
        0    29767   0.330E+01   0.407E+04   0.413E+03   0.503E+06
  OPTIMIZATION STUFF
       29767  -9.1242176020629895        137.25408133117196     
   7.3486552838853356       -16.472872885948327     
        0    20723   0.971E+00   0.256E+04   0.120E+03   0.320E+06
  OPTIMIZATION STUFF
       20723  -8.7426005318589741        124.49744824523762     
   6.9328482015385857       -15.675448733397559     
        0    25395  -0.237E+01   0.297E+04  -0.303E+03   0.369E+06
  OPTIMIZATION STUFF
       25395  -8.4912954058963894        116.39128748756643     
   6.6550123829613801       -15.146307788857769     
        0    20404   0.172E+01   0.226E+04   0.228E+03   0.264E+06
  OPTIMIZATION STUFF
       20404  -8.6583495544121067        120.71726096412851     
   6.7638926630853762       -15.422242217497484     
        0    19983   0.115E+02   0.228E+04   0.135E+04   0.284E+06
  OPTIMIZATION STUFF
       19983  -8.2896589268087855        109.88453703470610     
   6.4160807282861958       -14.705739655094980     
        0    24471  -0.851E+01   0.239E+04  -0.101E+04   0.293E+06
  OPTIMIZATION STUFF
       24471  -8.2793162658504329        109.31997094816214     
   6.3853655430356211       -14.664681808886055     
        0    19142  -0.515E+01   0.391E+04  -0.616E+03   0.484E+06
  OPTIMIZATION STUFF
       19142  -8.3077805629976051        111.32683938987067     
   6.5044309133812677       -14.812211476378874     
        0    20649   0.338E+01   0.328E+04   0.467E+03   0.399E+06
  OPTIMIZATION STUFF
       20649  -7.8955942426125638        98.086330550548496     
   5.9787893512459389       -13.874383593858504     
        0    17648   0.168E+02   0.413E+04   0.202E+04   0.507E+06
  OPTIMIZATION STUFF
       17648  -7.7838782718441433        96.534388838189798     
   5.9954672784781700       -13.779345550322313     
        0    23876  -0.449E+01   0.422E+04  -0.486E+03   0.519E+06
  OPTIMIZATION STUFF
       23876  -7.6429627358674388        92.538998349607027     
   5.8415853128879958       -13.484548048755435     
        0    20176  -0.588E+01   0.584E+04  -0.787E+03   0.720E+06
  OPTIMIZATION STUFF
       20176  -7.8869396156268037        98.655979917471100     
   6.0375627050099965       -13.924502320636801     
        0    20380   0.102E+02   0.327E+04   0.122E+04   0.405E+06
  OPTIMIZATION STUFF
       20380  -7.6422359340481449        91.770491222901157     
   5.7763934380584256       -13.418629372106571     
        0    18701  -0.391E+01   0.170E+04  -0.461E+03   0.216E+06
  OPTIMIZATION STUFF
       18701  -7.4852876346348172        87.464261756377809     
   5.6066684210109052       -13.091956055645722     
        0    20451  -0.239E+01   0.311E+04  -0.344E+03   0.381E+06
  OPTIMIZATION STUFF
       20451  -7.6821380911032371        92.024453755585057     
   5.7453640532872914       -13.427502144390528     
        0    21249   0.309E+01   0.279E+04   0.430E+03   0.334E+06
  OPTIMIZATION STUFF
       21249  -7.3335092813320042        83.150236486909847     
   5.4193983160058643       -12.752907597337868     
        0    22061   0.640E+01   0.314E+04   0.776E+03   0.385E+06
  OPTIMIZATION STUFF
       22061  -7.5458699279517933        89.281243016794278     
   5.6869227221078953       -13.232792650059690     
        0    18487  -0.148E+02   0.264E+04  -0.180E+04   0.326E+06
  OPTIMIZATION STUFF
       18487  -7.4821568884714358        87.315522470794477     
   5.5975754364808621       -13.079732324952298     
        0    22383   0.332E+01   0.336E+04   0.394E+03   0.413E+06
  OPTIMIZATION STUFF
       22383  -7.2605069874362389        81.472293911398580     
   5.3625863346698797       -12.623093322106119     
        0    22035   0.403E+01   0.313E+04   0.495E+03   0.386E+06
  OPTIMIZATION STUFF
       22035  -7.0570218044798718        76.992964036088381     
   5.2145380703552293       -12.271559874835102     
        0    18051   0.151E+01   0.284E+04   0.171E+03   0.347E+06
  OPTIMIZATION STUFF
       18051  -7.1097811092349392        78.486571464446854     
   5.2856015781756431       -12.395382687410581     
        0    23351   0.419E+01   0.306E+04   0.594E+03   0.377E+06
  OPTIMIZATION STUFF
       23351  -7.3866309871795242        85.129357160828746     
   5.5287466771473621       -12.915377664326886     
        0    20875  -0.114E+01   0.185E+04  -0.194E+03   0.225E+06
  OPTIMIZATION STUFF
       20875  -7.1969720366350902        79.703357429384383     
   5.2827029949900597       -12.479675031625149     
        0    19811  -0.124E+01   0.310E+04  -0.152E+03   0.381E+06
  OPTIMIZATION STUFF
       19811  -7.2683368685370553        81.794017306171014     
   5.3819417008767356       -12.650278569413791     
        0    18782   0.884E+01   0.282E+04   0.112E+04   0.349E+06
  OPTIMIZATION STUFF
       18782  -7.1468237744817440        78.929304365051337     
   5.2775197111478285       -12.424343485629572     
        0    31905  -0.270E+01   0.349E+04  -0.352E+03   0.430E+06
  OPTIMIZATION STUFF
       31905  -7.2269830829147033        80.984258328957267     
   5.3623664410614422       -12.589349523976146     
        0    29042   0.273E+01   0.307E+04   0.344E+03   0.382E+06
  OPTIMIZATION STUFF
       29042  -7.2608875419148466        81.649009861086398     
   5.3785241437361018       -12.639411685650948     
        0    22087   0.706E+01   0.407E+04   0.900E+03   0.502E+06
  OPTIMIZATION STUFF
       22087  -7.3971711528331197        85.793830040170121     
   5.5745572896745497       -12.971728442507668     
        0    33460  -0.297E+01   0.353E+04  -0.369E+03   0.434E+06
  OPTIMIZATION STUFF
       33460  -7.1738078045314184        79.719257771116048     
   5.3156127920269132       -12.489420596558332     
        0    27010  -0.250E+01   0.438E+04  -0.326E+03   0.540E+06
  OPTIMIZATION STUFF
       27010  -7.1047139841366675        78.274624523227544     
   5.2723489762003073       -12.377062960336975     
        0    24689   0.789E+01   0.427E+04   0.979E+03   0.528E+06
  OPTIMIZATION STUFF
       24689  -7.2010217439384023        80.653961364799500     
   5.3664930082993516       -12.567514752237754     
        0    34823  -0.257E+01   0.348E+04  -0.299E+03   0.431E+06
  OPTIMIZATION STUFF
       34823  -7.1379970044545491        79.149057507634836     
   5.3101842032111017       -12.448181207665652     
        0    28926   0.621E+01   0.407E+04   0.756E+03   0.502E+06
  OPTIMIZATION STUFF
       28926  -7.2166940052164525        81.228603497247533     
   5.3988823966002863       -12.615576401816739     
        0    31092  -0.473E+01   0.405E+04  -0.585E+03   0.489E+06
  OPTIMIZATION STUFF
       31092  -7.2958246832153950        83.334081050214721     
   5.4868044654424946       -12.782629148657890     
        0    26463  -0.314E+01   0.509E+04  -0.384E+03   0.627E+06
  OPTIMIZATION STUFF
       26463  -7.4728535657787081        87.710718476940471     
   5.6451021302868307       -13.117955696065540     
        0    36153   0.769E+01   0.454E+04   0.957E+03   0.563E+06
  OPTIMIZATION STUFF
       36153  -7.2724981569158675        82.798629041717618     
   5.4689486740481419       -12.741446830964009     
        0    34015  -0.113E+02   0.563E+04  -0.140E+04   0.690E+06
  OPTIMIZATION STUFF
       34015  -7.4752565557196542        87.869349083474646     
   5.6559604409547433       -13.131216996674397     
        0    33581   0.708E+01   0.442E+04   0.888E+03   0.546E+06
  OPTIMIZATION STUFF
       33581  -7.3064106259825490        83.820537977793933     
   5.5169649031259231       -12.823375529108471     
        0    33476   0.215E+01   0.533E+04   0.290E+03   0.654E+06
  OPTIMIZATION STUFF
       33476  -7.3331012743848927        84.142452034099747     
   5.5107238847282494       -12.843825159113141     
        0    31338   0.505E+01   0.365E+04   0.648E+03   0.453E+06
  OPTIMIZATION STUFF
       31338  -7.3349877686869043        84.436501458161572     
   5.5348401866156065       -12.869827955302512     
        0    26373  -0.897E+01   0.621E+04  -0.114E+04   0.767E+06
  OPTIMIZATION STUFF
       26373  -7.4987515109668061        89.047763020269684     
   5.7285677788643401       -13.227319289831147     
        0    31419   0.582E+01   0.369E+04   0.709E+03   0.459E+06
  OPTIMIZATION STUFF
       31419  -7.2391200658500585        81.433459483065874     
   5.3878196104985658       -12.626939676348623     
        0    38367  -0.470E+01   0.341E+04  -0.567E+03   0.431E+06
  OPTIMIZATION STUFF
       38367  -7.3011672921498363        83.505379955677483     
   5.4953012772475827       -12.796468569397419     
        0    32921  -0.342E+01   0.366E+04  -0.418E+03   0.459E+06
  OPTIMIZATION STUFF
       32921  -7.3621934261361419        84.826216271144091     
   5.5339248483605079       -12.896118274496651     
        0    29682   0.764E+01   0.724E+04   0.974E+03   0.900E+06
  OPTIMIZATION STUFF
       29682  -7.5920128162618186        91.097233494764708     
   5.7843387601765679       -13.376351576438386     
        0    25509   0.122E+02   0.359E+04   0.154E+04   0.451E+06
  OPTIMIZATION STUFF
       25509  -7.4745727599010623        87.883705163483981     
   5.6581328387047432       -13.132705598605806     
        0    32502  -0.694E+01   0.491E+04  -0.860E+03   0.613E+06
  OPTIMIZATION STUFF
       32502  -7.2166830396357522        81.415123249161610     
   5.4161433838659860       -12.632826423501738     
        0    25974   0.236E+01   0.227E+05   0.290E+03   0.284E+07
  OPTIMIZATION STUFF
       25974  -8.5391993423275725        126.87946719642706     
   7.3458520124230251       -15.885051354750598     
        0    23136  -0.104E+01   0.295E+04  -0.815E+02   0.375E+06
  OPTIMIZATION STUFF
       23136  -7.7479536438465146        94.430764999449494     
   5.8651495575351706       -13.613103201381685     
        0    29150  -0.918E+01   0.667E+04  -0.114E+04   0.836E+06
  OPTIMIZATION STUFF
       29150  -7.6615171263792501        93.138737565720263     
   5.8685511745163899       -13.530068300895639     
        0    25373   0.452E+01   0.446E+04   0.558E+03   0.564E+06
  OPTIMIZATION STUFF
       25373  -7.5736167224453173        90.818504483684563     
   5.7843611769305356       -13.357977899375854     
        0    30428   0.477E+01   0.522E+04   0.630E+03   0.662E+06
  OPTIMIZATION STUFF
       30428  -7.3488699109203530        84.856878297499364     
   5.5543666902599114       -12.903236601180264     
        0    27488  -0.577E+01   0.426E+04  -0.718E+03   0.543E+06
  OPTIMIZATION STUFF
       27488  -7.2197783888237410        81.774571342002176     
   5.4451236311286673       -12.664902019952407     
        0    30778   0.221E+01   0.115E+05   0.267E+03   0.146E+07
  OPTIMIZATION STUFF
       30778  -7.6672091078345064        93.936179233788692     
   5.9287506045142671       -13.595959712348773     
        0    34160  -0.707E+01   0.682E+04  -0.857E+03   0.860E+06
  OPTIMIZATION STUFF
       34160  -7.7079033963875165        94.375451234096062     
   5.9130090872629184       -13.620912483650436     
        0    33399   0.145E+02   0.345E+04   0.182E+04   0.433E+06
  OPTIMIZATION STUFF
       33399  -7.5234174200216346        89.061095132981279     
   5.6973051047926413       -13.220722524814276     
        0    36317   0.219E+01   0.593E+04   0.279E+03   0.754E+06
  OPTIMIZATION STUFF
       36317  -7.6400230926634025        92.643592881340766     
   5.8543693106013315       -13.494392403264733     
        0    33978  -0.518E+01   0.469E+04  -0.625E+03   0.592E+06
  OPTIMIZATION STUFF
       33978  -7.5834354270731792        90.531626475308784     
   5.7465758151024353       -13.330011242175615     
        0    34563  -0.149E+01   0.313E+04  -0.173E+03   0.394E+06
  OPTIMIZATION STUFF
       34563  -7.4987940632988792        88.588508927400554     
   5.6882859038232283       -13.187079967122108     
        0    35457   0.250E+01   0.435E+04   0.319E+03   0.557E+06
  OPTIMIZATION STUFF
       35457  -7.6629677128167470        93.972806536803930     
   5.9373169335257820       -13.600284646342530     
        0    35691  -0.552E+01   0.509E+04  -0.672E+03   0.647E+06
  OPTIMIZATION STUFF
       35691  -7.5448384838421587        89.834830968481299     
   5.7367450022827100       -13.281583486124870     
        0    31593  -0.918E+00   0.470E+04  -0.982E+02   0.605E+06
  OPTIMIZATION STUFF
       31593  -7.5670319267613211        91.001609513257918     
   5.8087552309107302       -13.375787157672050     
        0    32476   0.378E+01   0.652E+04   0.470E+03   0.832E+06
  OPTIMIZATION STUFF
       32476  -7.3737042914341417        86.021429516711848     
   5.6258256762183425       -12.999529967652485     
        0    38876   0.386E+01   0.451E+04   0.538E+03   0.585E+06
  OPTIMIZATION STUFF
       38876  -7.8001089684890585        97.091728384655582     
   6.0207996532314656       -13.820908621720523     
        0    38498  -0.853E+01   0.452E+04  -0.109E+04   0.587E+06
  OPTIMIZATION STUFF
       38498  -7.4994819611643830        89.049274608065673     
   5.7277434406785090       -13.227225401842892     
        0    31481   0.479E+01   0.259E+04   0.624E+03   0.337E+06
  OPTIMIZATION STUFF
       31481  -7.2741190505418372        83.229366977113159     
   5.5060474948603089       -12.780166545402146     
        0    33387  -0.257E+01   0.478E+04  -0.340E+03   0.614E+06
  OPTIMIZATION STUFF
       33387  -7.6407551455979581        92.893959568838952     
   5.8747613035643651       -13.515516449162323     
        0    24478   0.161E+01   0.611E+04   0.270E+03   0.788E+06
  OPTIMIZATION STUFF
       24478  -7.3835658213897259        86.347267174804784     
   5.6418279782363312       -13.025393799626057     
        0    23011   0.508E+01   0.513E+04   0.621E+03   0.673E+06
  OPTIMIZATION STUFF
       23011  -7.5956039225077063        91.301482539843548     
   5.7972651821552112       -13.392869104662918     
        0    28396  -0.934E+00   0.569E+04  -0.109E+03   0.744E+06
  OPTIMIZATION STUFF
       28396  -7.7514176637822176        96.305200216181589     
   6.0183655935633071       -13.769783257345525     
        0    26548  -0.643E-01   0.268E+04   0.430E+02   0.350E+06
  OPTIMIZATION STUFF
       26548  -7.6323537140741164        93.506876050327335     
   5.9375123438681268       -13.569866057942242     
        0    24396  -0.325E+01   0.211E+04  -0.431E+03   0.274E+06
  OPTIMIZATION STUFF
       24396  -7.3451295376409123        84.906303823559526     
   5.5637555570706487       -12.908885094711561     
        0    23354   0.377E+01   0.398E+04   0.467E+03   0.522E+06
  OPTIMIZATION STUFF
       23354  -7.6174220681532487        92.307477836189648     
   5.8551139076709280       -13.472535975824176     
        0    22291  -0.130E+02   0.400E+04  -0.165E+04   0.527E+06
  OPTIMIZATION STUFF
       22291  -7.5263355492798167        88.805671617514207     
   5.6709738861293557       -13.197309435409172     
        0    31345   0.460E+01   0.403E+04   0.589E+03   0.528E+06
  OPTIMIZATION STUFF
       31345  -7.3044238258219165        84.025539462848968     
   5.5381343461145907       -12.842558171936506     
        0    32951   0.767E+00   0.428E+04   0.139E+03   0.560E+06
  OPTIMIZATION STUFF
       32951  -7.6373665654450527        92.728072904174041     
   5.8650409077171899       -13.502407473162243     
        0    23474  -0.251E+01   0.450E+04  -0.350E+03   0.584E+06
  OPTIMIZATION STUFF
       23474  -7.3983297281730893        87.395898327812645     
   5.7149466805074347       -13.113276408680523     
        0    25983   0.136E+02   0.540E+04   0.183E+04   0.710E+06
  OPTIMIZATION STUFF
       25983  -7.4626631067117843        88.332970244011122     
   5.7132853595574886       -13.175948466269272     
        0    23412  -0.195E+02   0.376E+04  -0.252E+04   0.492E+06
  OPTIMIZATION STUFF
       23412  -7.5856012790560134        90.983536058253605     
   5.7829222105642559       -13.368523489620269     
        0    33283   0.840E+01   0.328E+04   0.107E+04   0.425E+06
  OPTIMIZATION STUFF
       33283  -7.6058668635665372        92.001333033898462     
   5.8439817152006031       -13.449848578767140     
        0    25976  -0.596E+01   0.517E+04  -0.732E+03   0.681E+06
  OPTIMIZATION STUFF
       25976  -7.6763702998064574        93.567149608938848     
   5.8856170984178178       -13.561987398224275     
        0    25345   0.493E+01   0.319E+04   0.650E+03   0.423E+06
  OPTIMIZATION STUFF
       25345  -7.4573286136271664        87.929322695289784     
   5.6848546721677335       -13.142183285794900     
        0    22095   0.365E+01   0.397E+04   0.457E+03   0.526E+06
  OPTIMIZATION STUFF
       22095  -7.7304459059479873        95.550865047775702     
   5.9825639271960735       -13.713009833144060     
        0    19189  -0.111E+02   0.429E+04  -0.139E+04   0.566E+06
  OPTIMIZATION STUFF
       19189  -7.5431398844346500        90.164019215217181     
   5.7675870083656644       -13.310726892800314     
        0    26992   0.904E+01   0.522E+04   0.112E+04   0.686E+06
  OPTIMIZATION STUFF
       26992  -7.7739690497736200        97.453660037717057     
   6.0843294824392027       -13.858298532212823     
        0    23294  -0.149E+02   0.347E+04  -0.189E+04   0.461E+06
  OPTIMIZATION STUFF
       23294  -7.4642084768000228        87.777083042341943     
   5.6623912667007241       -13.126599743500748     
        0    19672   0.194E+02   0.243E+04   0.255E+04   0.313E+06
  OPTIMIZATION STUFF
       19672  -7.5539091784770642        90.695331025902036     
   5.7994643846843310       -13.353373563161394     
        0    22916  -0.195E+02   0.694E+04  -0.255E+04   0.922E+06
  OPTIMIZATION STUFF
       22916  -7.8734431435609444        99.745341249678404     
   6.1444474377108609       -14.017890581271805     
        0    20115   0.668E+01   0.710E+04   0.879E+03   0.950E+06
  OPTIMIZATION STUFF
       20115  -7.6010543262116981        91.593364234298718     
   5.8152676089993607       -13.416321935211059     
        0    21482  -0.113E+01   0.196E+04  -0.111E+03   0.263E+06
  OPTIMIZATION STUFF
       21482  -7.3519092853753421        84.868151350692244     
   5.5513585013313698       -12.903267786706712     
        0    21584   0.875E+00   0.572E+04   0.133E+03   0.755E+06
  OPTIMIZATION STUFF
       21584  -7.6605147095894193        94.105678628161698     
   5.9516546449139529       -13.612169354503372     
        0    22810   0.136E+02   0.271E+04   0.185E+04   0.374E+06
  OPTIMIZATION STUFF
       22810  -7.5733285491983127        92.411909107247240     
   5.9208617441336209       -13.494190293331933     
        0    19424  -0.188E+02   0.600E+04  -0.249E+04   0.798E+06
  OPTIMIZATION STUFF
       19424  -7.4833396457203190        89.015306330628121     
   5.7458623441062890       -13.229201989826608     
        0    20917   0.472E+01   0.657E+04   0.595E+03   0.880E+06
  OPTIMIZATION STUFF
       20917  -7.7750692081292128        96.659807681120043     
   6.0173172169930531       -13.792386425122267     
        0    20964  -0.930E+01   0.491E+04  -0.122E+04   0.662E+06
  OPTIMIZATION STUFF
       20964  -7.5456710471306971        90.464853117769351     
   5.7903110077320434       -13.335982054862740     
        0    19352   0.708E+01   0.611E+04   0.922E+03   0.817E+06
  OPTIMIZATION STUFF
       19352  -7.8182647514259793        98.235359419940707     
   6.0918056187431633       -13.910070370169143     
        0    20430   0.825E+01   0.475E+04   0.115E+04   0.635E+06
  OPTIMIZATION STUFF
       20430  -7.6065126174857554        93.362066131057801     
   5.9584420724789968       -13.564954689964752     
        0    25271  -0.548E+01   0.463E+04  -0.745E+03   0.628E+06
  OPTIMIZATION STUFF
       25271  -7.7834414989764493        96.910709171229826     
   6.0273333741581832       -13.810774873134633     
        0    15248  -0.661E+00   0.499E+04  -0.113E+03   0.671E+06
  OPTIMIZATION STUFF
       15248  -7.7870430502227475        97.098042901960341     
   6.0382119402963941       -13.825254990519142     
        0    21903  -0.389E+01   0.560E+04  -0.501E+03   0.758E+06
  OPTIMIZATION STUFF
       21903  -7.8589588558033538        99.093263464369059     
   6.1098305350606159       -13.968789390863970     
        0    22097  -0.404E+01   0.360E+04  -0.517E+03   0.485E+06
  OPTIMIZATION STUFF
       22097  -7.0157868401758350        77.410964269426913     
   5.3093972617089493       -12.325184101884783     
        0    18268   0.103E+02   0.643E+04   0.139E+04   0.870E+06
  OPTIMIZATION STUFF
       18268  -7.9657193975295124        102.67299337816713     
   6.2626119038296792       -14.228331301359191     
        0    17132   0.124E+01   0.452E+04   0.164E+03   0.611E+06
  OPTIMIZATION STUFF
       17132  -7.6481059539707399        93.071939688974979     
   5.8803414021476934       -13.528447356118434     
        0     8536   0.252E+01   0.996E+04   0.395E+03   0.135E+07
  OPTIMIZATION STUFF
        8536  -7.8103809851730608        98.716827150689838     
   6.1412357076680362       -13.951616692841096     
        0     6765   0.317E+02   0.393E+04   0.419E+04   0.528E+06
  OPTIMIZATION STUFF
        6765  -7.4699026923816643        88.156473148050196     
   5.6883237350206572       -13.158226427402322     
        0    10803  -0.332E+02   0.452E+04  -0.446E+04   0.610E+06
  OPTIMIZATION STUFF
       10803  -7.7745351500117446        96.290462206414261     
   5.9872418865155366       -13.761777036527281     
        0    21342   0.324E+00   0.259E+04   0.754E+02   0.360E+06
  OPTIMIZATION STUFF
       21342  -7.3834967589858165        86.422298185157871     
   5.6485638701535290       -13.032060629139345     
        0    23788  -0.142E+01   0.340E+04  -0.171E+03   0.458E+06
  OPTIMIZATION STUFF
       23788  -7.7295006948390270        95.465116958761101     
   5.9766157620549860       -13.706116456894012     
        0    20762   0.356E+01   0.462E+04   0.463E+03   0.626E+06
  OPTIMIZATION STUFF
       20762  -7.3439712577998533        84.924934267514445     
   5.5669579154259905       -12.910929173225844     
        0    12722   0.120E+02   0.489E+04   0.162E+04   0.663E+06
  OPTIMIZATION STUFF
       12722  -8.0530230413441242        104.59473697346372     
   6.3042491122293347       -14.357272153573458     
        0    32549  -0.269E+01   0.360E+04  -0.363E+03   0.485E+06
  OPTIMIZATION STUFF
       32549  -7.8612998012885829        98.697282208028284     
   6.0743104664059091       -13.935610267694493     
        0    37739  -0.547E+01   0.388E+04  -0.738E+03   0.531E+06
  OPTIMIZATION STUFF
       37739  -7.6024329965475292        91.900961140292097     
   5.8398607580401656       -13.442293754587695     
        0    28642   0.510E+01   0.654E+04   0.682E+03   0.897E+06
  OPTIMIZATION STUFF
       28642  -7.7057284259591574        95.756950107776007     
   6.0314757342744079       -13.737204160233565     
        0    24109  -0.313E+01   0.285E+04  -0.399E+03   0.389E+06
  OPTIMIZATION STUFF
       24109  -7.5560001231224092        90.745773698295068     
   5.8010891940797809       -13.357089317202190     
        0    32251   0.532E+01   0.383E+04   0.748E+03   0.518E+06
  OPTIMIZATION STUFF
       32251  -7.8765063303375813        100.37175978952969     
   6.1913171310862198       -14.067823461423801     
        0    29144  -0.306E+01   0.453E+04  -0.411E+03   0.613E+06
  OPTIMIZATION STUFF
       29144  -7.9278372537810995        101.83447510818766     
   6.2437065582671503       -14.171543812048249     
        0    34231  -0.607E+01   0.386E+04  -0.813E+03   0.524E+06
  OPTIMIZATION STUFF
       34231  -7.8306224477242008        98.153077247382271     
   6.0691374451877520       -13.899759892911952     
        0    20486   0.740E+01   0.288E+04   0.992E+03   0.400E+06
  OPTIMIZATION STUFF
       20486  -7.5357264926460505        90.269161424923965     
   5.7863622123884033       -13.322088705034453     
        0    18374  -0.418E+01   0.689E+04  -0.565E+03   0.946E+06
  OPTIMIZATION STUFF
       18374  -7.6292666822730277        93.477920786377780     
   5.9390412254114286       -13.568307907684456     
        0    32424   0.417E+01   0.509E+04   0.589E+03   0.695E+06
  OPTIMIZATION STUFF
       32424  -8.0273289424117937        103.74316889823184     
   6.2693826608805594       -14.296711603292353     
        0    33903  -0.233E+01   0.465E+04  -0.299E+03   0.643E+06
  OPTIMIZATION STUFF
       33903  -7.7328361006983757        95.601365853399642     
   5.9836954880020077       -13.716531588700384     
        0    22012   0.106E+02   0.533E+04   0.145E+04   0.733E+06
  OPTIMIZATION STUFF
       22012  -7.6284119919038575        93.353559884412519     
   5.9296619099397176       -13.558073901843574     
        0    28219  -0.249E+01   0.492E+04  -0.369E+03   0.668E+06
  OPTIMIZATION STUFF
       28219  -7.9254925677806876        102.41831755541072     
   6.2932412247953602       -14.218733792576048     
        0    30693   0.146E+01   0.328E+04   0.233E+03   0.451E+06
  OPTIMIZATION STUFF
       30693  -7.8407927762586045        98.895939786653656     
   6.1170179357612264       -13.957810712019832     
        0    30900  -0.987E+01   0.439E+04  -0.135E+04   0.605E+06
  OPTIMIZATION STUFF
       30900  -7.5078975056430091        89.762894371900956     
   5.7787861542594250       -13.286683659902433     
        0    22206  -0.175E+01   0.412E+04  -0.233E+03   0.565E+06
  OPTIMIZATION STUFF
       22206  -7.5274155227353177        90.474957594490022     
   5.8148923586403045       -13.342307881375621     
        0    20579   0.118E+02   0.310E+04   0.163E+04   0.425E+06
  OPTIMIZATION STUFF
       20579  -7.8009966601601750        97.194680518442496     
   6.0281947236807385       -13.829191383840914     
        0    24296   0.120E+02   0.454E+04   0.169E+04   0.627E+06
  OPTIMIZATION STUFF
       24296  -7.7942317548040192        98.092494286379846     
   6.1108465566388182       -13.905078311442837     
        0    33224  -0.128E+02   0.570E+04  -0.176E+04   0.788E+06
  OPTIMIZATION STUFF
       33224  -7.9479392966192304        101.93472609702755     
   6.2261534701839274       -14.174092766803158     
        0    27931  -0.612E+01   0.336E+04  -0.829E+03   0.464E+06
  OPTIMIZATION STUFF
       27931  -7.7960628122907547        96.840539300524370     
   6.0051597753383330       -13.801222587629088     
        0    28418   0.835E+01   0.474E+04   0.115E+04   0.658E+06
  OPTIMIZATION STUFF
       28418  -7.8420520375721123        99.242769586340486     
   6.1436950954903002       -13.985747133062413     
        0    19925   0.121E+02   0.330E+04   0.172E+04   0.465E+06
  OPTIMIZATION STUFF
       19925  -7.6841280361108826        94.498934161617001     
   5.9542514631372185       -13.638379499248101     
        0    28384  -0.554E+01   0.332E+04  -0.779E+03   0.462E+06
  OPTIMIZATION STUFF
       28384  -7.7515158184936315        95.901046298014222     
   5.9845675544401056       -13.736083372933738     
        0    34150  -0.526E+01   0.251E+04  -0.754E+03   0.347E+06
  OPTIMIZATION STUFF
       34150  -7.8434120178881539        98.642364043729174     
   6.0928853560014451       -13.936297373889598     
        0    33670   0.202E+01   0.399E+04   0.326E+03   0.559E+06
  OPTIMIZATION STUFF
       33670  -7.8423696805266339        98.830359771576880     
   6.1096315408978192       -13.952001221424453     
        0    29264  -0.287E+00   0.376E+04  -0.600E+02   0.528E+06
  OPTIMIZATION STUFF
       29264  -7.8875389967313341        99.771260671958231     
   6.1284573301117709       -14.015996326843105     
        0    37384   0.348E+01   0.405E+04   0.526E+03   0.571E+06
  OPTIMIZATION STUFF
       37384  -7.6552158249073763        94.279733064893918     
   5.9730564821522991       -13.628272307059675     
        0    24014  -0.148E+01   0.569E+04  -0.225E+03   0.789E+06
  OPTIMIZATION STUFF
       24014  -8.0290459442092263        104.34162787777868     
   6.3147485384262181       -14.343794482635445     
        0    28741  -0.630E+01   0.352E+04  -0.881E+03   0.488E+06
  OPTIMIZATION STUFF
       28741  -7.6954952702436916        94.654730458361669     
   5.9526534422909787       -13.648148712534670     
        0    17663   0.982E+01   0.422E+04   0.137E+04   0.585E+06
  OPTIMIZATION STUFF
       17663  -7.8547269671367426        99.071836748659493     
   6.1135178923754143       -13.968244859512158     
        0    17121   0.208E+02   0.485E+04   0.292E+04   0.665E+06
  OPTIMIZATION STUFF
       17121  -8.1678886970594444        107.91095687215292     
   6.4184539497141753       -14.586342646773620     
        0    21474  -0.219E+02   0.549E+04  -0.308E+04   0.769E+06
  OPTIMIZATION STUFF
       21474  -7.9132535385645015        101.03236751099803     
   6.1978049296016433       -14.111058468166146     
        0    26426   0.239E+01   0.506E+04   0.339E+03   0.706E+06
  OPTIMIZATION STUFF
       26426  -8.0968640076338652        107.71148979705497     
   6.4924789594528711       -14.589342967086736     
        0    20543  -0.946E+01   0.251E+04  -0.126E+04   0.341E+06
  OPTIMIZATION STUFF
       20543  -7.6865059492221643        95.054746185701390     
   5.9976972646402942       -13.684203213862459     
        0    20471   0.231E+02   0.531E+04   0.316E+04   0.742E+06
  OPTIMIZATION STUFF
       20471  -8.0097000024290868        104.41580085483398     
   6.3451167621976401       -14.354816764626726     
        0    32897  -0.753E+01   0.310E+04  -0.102E+04   0.435E+06
  OPTIMIZATION STUFF
       32897  -7.7594465138436810        96.010083406853497     
   5.9833998032600695       -13.742846317103751     
        0    27251  -0.375E+01   0.376E+04  -0.523E+03   0.519E+06
  OPTIMIZATION STUFF
       27251  -7.8565316266431484        99.930217028285298     
   6.1810296737551145       -14.037561300398263     
        0    30264   0.394E+01   0.402E+04   0.579E+03   0.566E+06
  OPTIMIZATION STUFF
       30264  -7.8786296571693288        100.49453323572975     
   6.1985262733089748       -14.077155930478304     
        0    29516   0.107E+02   0.494E+04   0.152E+04   0.698E+06
  OPTIMIZATION STUFF
       29516  -8.0740416814916536        105.88441104982385     
   6.3792054344847120       -14.453247115976366     
        0    33352  -0.853E+01   0.421E+04  -0.121E+04   0.593E+06
  OPTIMIZATION STUFF
       33352  -7.9177794843401896        101.48851815067543     
   6.2287467590228003       -14.146526243362990     
        0    36412  -0.501E+01   0.400E+04  -0.693E+03   0.568E+06
  OPTIMIZATION STUFF
       36412  -7.8727754030016950        100.48142616098275     
   6.2049039972326927       -14.077679400234388     
        0    26284   0.920E+00   0.266E+04   0.111E+03   0.371E+06
  OPTIMIZATION STUFF
       26284  -7.6604608318125971        95.206883561768151     
   6.0435273976406529       -13.703988229453250     
        0    29495   0.621E+00   0.288E+04   0.134E+03   0.400E+06
  OPTIMIZATION STUFF
       29495  -7.9551331532705758        102.21920143435553     
   6.2397963066185804       -14.194929459889156     
        0    32516  -0.128E+00   0.339E+04  -0.765E+02   0.475E+06
  OPTIMIZATION STUFF
       32516  -7.8689459497685332        100.96239527298826     
   6.2483665795637870       -14.117312529332320     
        0    32572   0.204E+00   0.377E+04   0.353E+02   0.529E+06
  OPTIMIZATION STUFF
       32572  -8.0563118697799325        105.30656046774550     
   6.3562881876601898       -14.412600057440123     
        0    29763  -0.252E+01   0.439E+04  -0.345E+03   0.618E+06
  OPTIMIZATION STUFF
       29763  -7.8227751301401574        98.609314619272070     
   6.1166579013814983       -13.939433031521656     
        0    30074  -0.155E+01   0.517E+04  -0.219E+03   0.732E+06
  OPTIMIZATION STUFF
       30074  -7.8978391177607925        101.64580960698967     
   6.2665737749552664       -14.164412892716058     
        0    37926   0.179E+01   0.357E+04   0.265E+03   0.507E+06
  OPTIMIZATION STUFF
       37926  -7.8531713714295757        100.28630211778007     
   6.2140165375334329       -14.067187908963009     
        0    35941   0.855E+01   0.326E+04   0.121E+04   0.460E+06
  OPTIMIZATION STUFF
       35941  -7.9053773051135305        100.79652637678062     
   6.1888234778976008       -14.094200783011132     
        0    28613  -0.139E+02   0.612E+04  -0.192E+04   0.866E+06
  OPTIMIZATION STUFF
       28613  -7.8785334339396158        99.969241454358837     
   6.1561312839034290       -14.034664717843045     
        0    36383   0.702E+01   0.401E+04   0.984E+03   0.569E+06
  OPTIMIZATION STUFF
       36383  -7.9338821377410147        102.35517817202715     
   6.2776342993568219       -14.211516437097837     
        0    28627  -0.218E+01   0.329E+04  -0.297E+03   0.469E+06
  OPTIMIZATION STUFF
       28627  -7.9877992980498389        103.21286631718561     
   6.2775734715939500       -14.265372769643790     
        0    28451  -0.391E+01   0.437E+04  -0.549E+03   0.621E+06
  OPTIMIZATION STUFF
       28451  -7.9711282068801248        103.23218985187945     
   6.3002622930604648       -14.271390499940591     
        0    27110   0.209E+01   0.542E+04   0.326E+03   0.770E+06
  OPTIMIZATION STUFF
       27110  -7.9337219475056360        102.56896457196444     
   6.2948407947804226       -14.228562742286059     
        0    31829   0.164E+01   0.263E+04   0.216E+03   0.383E+06
  OPTIMIZATION STUFF
       31829  -7.9581094112396693        102.77832984731639     
   6.2806707003356728       -14.238780111575341     
        0    36689   0.746E+01   0.519E+04   0.108E+04   0.736E+06
  OPTIMIZATION STUFF
       36689  -7.7602431212924206        98.360095893996572     
   6.1756556406935648       -13.935898761985985     
        0    26507  -0.119E+02   0.396E+04  -0.168E+04   0.566E+06
  OPTIMIZATION STUFF
       26507  -8.0870426225366305        107.18416314446290     
   6.4640470887624843       -14.551089711299115     
        0    36295   0.521E+01   0.350E+04   0.732E+03   0.504E+06
  OPTIMIZATION STUFF
       36295  -7.7426625651040668        97.352533839741170     
   6.1158572778210978       -13.858519842925165     
        0    32674  -0.657E+01   0.501E+04  -0.896E+03   0.717E+06
  OPTIMIZATION STUFF
       32674  -8.0960405110544862        107.00179806018741     
   6.4386276568498690       -14.534668167904355     
        0    34493   0.530E+01   0.459E+04   0.792E+03   0.661E+06
  OPTIMIZATION STUFF
       34493  -8.2683289065921208        111.07064426716713     
   6.5349354518296714       -14.803264358421792     
        0    31399  -0.551E+01   0.332E+04  -0.833E+03   0.479E+06
  OPTIMIZATION STUFF
       31399  -7.8246659384906634        99.428321614232075     
   6.1808514433899884       -14.005517381880651     
        0    31708   0.156E+01   0.454E+04   0.208E+03   0.647E+06
  OPTIMIZATION STUFF
       31708  -8.0729027137999623        106.86709678377460     
   6.4571927768416364       -14.530095490641600     
        0    33749   0.182E+01   0.281E+04   0.281E+03   0.393E+06
  OPTIMIZATION STUFF
       33749  -7.8665243223790338        100.50813117291828     
   6.2149759660305497       -14.081500288409583     
        0    36310  -0.228E+01   0.378E+04  -0.294E+03   0.544E+06
  OPTIMIZATION STUFF
       36310  -8.0068026491791962        104.02970076604991     
   6.3182918659355165       -14.325094515114714     
        0    33790  -0.523E+01   0.304E+04  -0.762E+03   0.433E+06
  OPTIMIZATION STUFF
       33790  -8.0559169582574981        105.98001796261718     
   6.4095413193360757       -14.465458277593573     
        0    35432   0.199E+01   0.442E+04   0.285E+03   0.634E+06
  OPTIMIZATION STUFF
       35432  -7.8902892220052934        100.90897296629028     
   6.2170981140237265       -14.107387336029021     
        0    25429   0.267E+01   0.261E+04   0.395E+03   0.374E+06
  OPTIMIZATION STUFF
       25429  -7.9750916598437742        102.92881499399827     
   6.2711026152574272       -14.246194275101201     
        0    24996  -0.567E+01   0.568E+04  -0.845E+03   0.825E+06
  OPTIMIZATION STUFF
       24996  -7.9901130621441174        104.61195260963588     
   6.3851425875848564       -14.375255649728974     
        0    23582   0.662E+01   0.407E+04   0.986E+03   0.588E+06
  OPTIMIZATION STUFF
       23582  -8.2464141542669029        112.11311287014362     
   6.6415183856140985       -14.887932539881001     
        0    35993   0.400E+01   0.287E+04   0.566E+03   0.411E+06
  OPTIMIZATION STUFF
       35993  -8.0255169857672080        104.50853023027572     
   6.3324250758645180       -14.357942061631725     
        0    26029  -0.150E+02   0.427E+04  -0.215E+04   0.617E+06
  OPTIMIZATION STUFF
       26029  -7.8701023529197291        100.58661287941970     
   6.2167597536005079       -14.086862106520236     
        0    27877   0.751E+01   0.317E+04   0.105E+04   0.455E+06
  OPTIMIZATION STUFF
       27877  -7.8412942942900727        99.984786871181470     
   6.2047474293089016       -14.046041723598975     
        0    33749  -0.552E+00   0.450E+04  -0.175E+02   0.648E+06
  OPTIMIZATION STUFF
       33749  -8.1440075940882917        107.77843864772900     
   6.4384453834105972       -14.582452977498889     
        0    34345  -0.159E+01   0.212E+04  -0.242E+03   0.307E+06
  OPTIMIZATION STUFF
       34345  -7.7811085044391843        98.365320694146661     
   6.1497700067799981       -13.930878511219182     
        0    24248   0.436E+01   0.497E+04   0.632E+03   0.720E+06
  OPTIMIZATION STUFF
       24248  -7.9580228612661434        102.99554541928238     
   6.2980487104219671       -14.256071571688111     
        0    23441   0.530E+01   0.393E+04   0.778E+03   0.567E+06
  OPTIMIZATION STUFF
       23441  -8.0032970804693626        104.27412125658063     
   6.3420309915934041       -14.345328072062767     
        0    27201  -0.358E+01   0.500E+04  -0.513E+03   0.724E+06
  OPTIMIZATION STUFF
       27201  -7.9525644095157606        103.72790431499442     
   6.3627528340725021       -14.315317243588263     
        0    29110  -0.213E+01   0.403E+04  -0.298E+03   0.583E+06
  OPTIMIZATION STUFF
       29110  -8.0315427842100480        104.56639014207265     
   6.3293530986567781       -14.360895882866826     
        0    30314   0.788E+00   0.317E+04   0.130E+03   0.465E+06
  OPTIMIZATION STUFF
       30314  -7.8801332776489224        100.84430075792517     
   6.2247731110792479       -14.104906388728171     
        0    28293   0.800E+01   0.461E+04   0.115E+04   0.666E+06
  OPTIMIZATION STUFF
       28293  -8.0619407136946393        107.11325298804931     
   6.4898663250426099       -14.551807038737248     
        0    33860   0.139E+01   0.447E+04   0.163E+03   0.650E+06
  OPTIMIZATION STUFF
       33860  -8.0392662186727879        105.36140834558026     
   6.3821318547086436       -14.421398073381432     
        0    30639  -0.298E+02   0.510E+04  -0.431E+04   0.743E+06
  OPTIMIZATION STUFF
       30639  -8.0685312023408908        106.60829603458262     
   6.4426004277336713       -14.511131630074562     
        0    36767   0.203E+02   0.891E+04   0.297E+04   0.130E+07
  OPTIMIZATION STUFF
       36767  -8.2560685865306862        114.50223930260606     
   6.8073174450077802       -15.063386031538467     
        0    34470   0.219E+01   0.466E+04   0.351E+03   0.683E+06
  OPTIMIZATION STUFF
       34470  -8.1918356166063688        111.21875532730604     
   6.6417305393854535       -14.833566155991821     
        0    34920  -0.603E+01   0.418E+04  -0.907E+03   0.604E+06
  OPTIMIZATION STUFF
       34920  -8.3805010522392500        116.49427104713749     
   6.8015787256014555       -15.182079777840706     
        0    34996  -0.236E+01   0.458E+04  -0.337E+03   0.670E+06
  OPTIMIZATION STUFF
       34996  -7.6881001300127050        95.755682581643057     
   6.0538251521283373       -13.741925282141043     
        0    36801   0.557E+01   0.352E+04   0.847E+03   0.514E+06
  OPTIMIZATION STUFF
       36801  -8.0371482463587505        105.36948886745162     
   6.3854316168528564       -14.422579863211606     
        0    35597  -0.461E+01   0.414E+04  -0.683E+03   0.607E+06
  OPTIMIZATION STUFF
       35597  -8.0170608148592883        104.68813154962371     
   6.3572688664607719       -14.374329681320059     
        0    33025   0.675E-01   0.299E+04   0.141E+02   0.439E+06
  OPTIMIZATION STUFF
       33025  -7.8489551721573054        100.14252997126640     
   6.2077719575328700       -14.056727129690175     
        0    32934   0.326E+01   0.371E+04   0.480E+03   0.544E+06
  OPTIMIZATION STUFF
       32934  -8.2817063963227007        111.93157126361903     
   6.5836851708391029       -14.865391567161804     
        0    32897  -0.544E+01   0.285E+04  -0.839E+03   0.419E+06
  OPTIMIZATION STUFF
       32897  -8.1324420423774146        108.35480267755904     
   6.4975525473005060       -14.629994589677921     
        0    32278   0.223E+01   0.585E+04   0.389E+03   0.850E+06
  OPTIMIZATION STUFF
       32278  -8.3598417587094946        116.51056163630032     
   6.8281481681080463       -15.187989926817540     
        0    31544   0.575E+01   0.318E+04   0.836E+03   0.468E+06
  OPTIMIZATION STUFF
       31544  -8.0026054356385128        104.40751739214434     
   6.3534103939249249       -14.356015829563438     
        0    35236   0.918E+01   0.596E+04   0.130E+04   0.871E+06
  OPTIMIZATION STUFF
       35236  -8.0696815278726621        106.85815905702708     
   6.4605262243673165       -14.530207752239978     
        0    32005  -0.156E+02   0.494E+04  -0.223E+04   0.727E+06
  OPTIMIZATION STUFF
       32005  -8.2678364515686340        111.47980380946954     
   6.5667864454071081       -14.834622896975741     
        0    34350  -0.376E+01   0.364E+04  -0.562E+03   0.534E+06
  OPTIMIZATION STUFF
       34350  -8.1151192846239226        107.25401942394083     
   6.4341944655306893       -14.549313750154612     
        0    31691   0.249E+01   0.448E+04   0.350E+03   0.662E+06
  OPTIMIZATION STUFF
       31691  -8.0239077915000028        104.27738820391075     
   6.3161928372569740       -14.340100628756977     
        0    31144   0.326E+01   0.341E+04   0.519E+03   0.495E+06
  OPTIMIZATION STUFF
       31144  -8.1611285264544708        110.28286980242912     
   6.6089977286363313       -14.770126255090801     
        0    35809   0.182E+01   0.492E+04   0.230E+03   0.723E+06
  OPTIMIZATION STUFF
       35809  -8.3714932398802713        116.65222203985134     
   6.8242452311219193       -15.195738471002191     
        0    38181  -0.143E+00   0.379E+04   0.131E+02   0.557E+06
  OPTIMIZATION STUFF
       38181  -8.2278249793134979        111.24809747808260     
   6.5993176607788353       -14.827142640092333     
        0    33787  -0.540E+01   0.632E+09  -0.791E+03   0.940E+11
  OPTIMIZATION STUFF
       33787  -29253.587640369722        23184542565.562325     
   149428.14385426039       -178681.73149463010     
        0    33182   0.739E+01   0.429E+04   0.108E+04   0.630E+06
  OPTIMIZATION STUFF
       33182  -8.2847549937152163        112.99606116284070     
   6.6602474321117748       -14.945002425826992     
        0    33719   0.358E+01   0.398E+04   0.544E+03   0.584E+06
  OPTIMIZATION STUFF
       33719  -8.2833917270386337        113.09476159851270     
   6.6693465268300933       -14.952738253868727     
        0    34249  -0.974E+01   0.500E+04  -0.143E+04   0.735E+06
  OPTIMIZATION STUFF
       34249  -8.4668455682717756        119.44855122392794     
   6.9109389627578484       -15.377784531029624     
        0    25836   0.603E+00   0.313E+04   0.586E+02   0.461E+06
  OPTIMIZATION STUFF
       25836  -8.1062211215243440        107.99199867001703     
   6.5023978499450212       -14.608618971469365     
        0    36180   0.224E+01   0.593E+04   0.333E+03   0.877E+06
  OPTIMIZATION STUFF
       36180  -8.3223753173487029        116.14145449590949     
   6.8468623159148274       -15.169237633263531     
        0     6129  -0.141E+02   0.482E+04  -0.204E+04   0.714E+06
  OPTIMIZATION STUFF
        6129  -8.2922264538118196        116.83750986271446     
   6.9337212448596395       -15.225947698671458     
        0     3606   0.238E+02   0.634E+04   0.332E+04   0.940E+06
  OPTIMIZATION STUFF
        3606  -9.0184205668589446        134.03560725444370     
   7.2597312439028556       -16.278151810761798     
        0     3390  -0.433E+02   0.248E+04  -0.613E+04   0.357E+06
  OPTIMIZATION STUFF
        3390  -8.1893150332315123        109.43516390004307     
   6.5092459768034132       -14.698561010034926     
        0     2880  -0.547E+01   0.465E+03  -0.405E+03   0.530E+05
  OPTIMIZATION STUFF
        2880  -7.7658848489686436        99.107932597173914     
   6.2288815295952755       -13.994766378563920     
        0     4304   0.332E+02   0.155E+04   0.490E+04   0.229E+06
  OPTIMIZATION STUFF
        4304  -8.2509729463544748        114.47156186014102     
   6.8112412450791657       -15.062214191433640     
        0     4431  -0.186E+02   0.173E+04  -0.284E+04   0.265E+06
  OPTIMIZATION STUFF
        4431  -8.5477797707298535        118.19042604315685     
   6.7175804449413441       -15.265360215671198     
        0     5369   0.384E+02   0.322E+04   0.572E+04   0.476E+06
  OPTIMIZATION STUFF
        5369  -8.1176837087093858        110.83832175226949     
   6.7038446400273717       -14.821528348736758     
        0     2694  -0.652E+02   0.337E+04  -0.985E+04   0.511E+06
  OPTIMIZATION STUFF
        2694  -8.7958418669396181        126.23690536778135     
   6.9907132125108324       -15.786555079450451     
        0     4493   0.305E+02   0.389E+04   0.439E+04   0.562E+06
  OPTIMIZATION STUFF
        4493  -8.3100960935021781        115.09190543842456     
   6.7848513878481089       -15.094947481350287     
        0     3812  -0.361E+02   0.199E+04  -0.499E+04   0.286E+06
  OPTIMIZATION STUFF
        3812  -8.2468656280702461        112.93436590458619     
   6.7025049956818181       -14.949370623752063     
        0     1960   0.922E+02   0.406E+04   0.135E+05   0.599E+06
  OPTIMIZATION STUFF
        1960  -9.2556397049022578        139.30670781110510     
   7.3239225462959352       -16.579562251198194     
        0     2271  -0.988E+02   0.498E+04  -0.147E+05   0.764E+06
  OPTIMIZATION STUFF
        2271  -7.9363508025477083        106.59970641890202     
   6.6040928489689152       -14.540443651516624     
        0     1978  -0.146E+01   0.220E+03  -0.296E+03   0.131E+05
  OPTIMIZATION STUFF
        1978  -7.8764128781199698        102.80857318994890     
   6.3851932909924338       -14.261606169112405     
        0     3210   0.650E+02   0.372E+04   0.973E+04   0.551E+06
  OPTIMIZATION STUFF
        3210  -8.4208838151437106        115.66798933556139     
   6.6900452246163544       -15.110929039760066     
        0     2724  -0.117E+03   0.608E+04  -0.174E+05   0.906E+06
  OPTIMIZATION STUFF
        2724  -7.8231019350794444        99.514780278464585     
   6.1898187688995252       -14.012920703978970     
        0     2790   0.530E+02   0.393E+04   0.792E+04   0.596E+06
  OPTIMIZATION STUFF
        2790  -7.2683192881097929        87.566145842628970     
   5.8938680481259604       -13.162187336235753     
        0     3240   0.197E+02   0.112E+04   0.324E+04   0.184E+06
  OPTIMIZATION STUFF
        3240  -8.4706557356694958        120.46033854979488     
   6.9791353302228174       -15.449791065892313     
        0     2015   0.168E+01   0.234E+03   0.304E+03   0.137E+05
  OPTIMIZATION STUFF
        2015  -8.5383922713566065        119.20376199318736     
   6.8043823682701081       -15.342774639626715     
        0     1951  -0.129E+02   0.612E+03  -0.254E+04   0.112E+06
  OPTIMIZATION STUFF
        1951  -8.1836425320864450        113.19672941891474     
   6.7988766958917930       -14.982519227978237     
        0     1472   0.906E+02   0.355E+04   0.135E+05   0.518E+06
  OPTIMIZATION STUFF
        1472  -8.5466246528287790        118.11391405222463     
   6.7133539379273000       -15.259978590756079     
        0     2793  -0.696E+02   0.459E+04  -0.105E+05   0.686E+06
  OPTIMIZATION STUFF
        2793  -8.0702579699341985        107.20850785505644     
   6.4868670522656764       -14.557125022199875     
        0     3454   0.687E+02   0.411E+04   0.103E+05   0.604E+06
  OPTIMIZATION STUFF
        3454  -8.7737274020910263        126.90273811169889     
   7.0657232882059526       -15.839450690296978     
        0     2883  -0.103E+03   0.455E+04  -0.152E+05   0.674E+06
  OPTIMIZATION STUFF
        2883  -8.2125508015587059        112.04851435590233     
   6.6785120863647300       -14.891062887923436     
        0     1857   0.498E+02   0.216E+04   0.719E+04   0.310E+06
  OPTIMIZATION STUFF
        1857  -7.8654215289786356        101.57558888056558     
   6.3016452654878119       -14.167066794466447     
        0     2320  -0.671E+01   0.376E+03  -0.101E+04   0.485E+05
  OPTIMIZATION STUFF
        2320  -8.1421215343899256        110.32272353433447     
   6.6354035637298141       -14.777525098119739     
        0     2665   0.879E+01   0.496E+03   0.169E+04   0.872E+05
  OPTIMIZATION STUFF
        2665  -8.4367512596704728        119.21267024654014     
   6.9306492068917205       -15.367400466562193     
        0     3328   0.901E+02   0.623E+04   0.133E+05   0.929E+06
  OPTIMIZATION STUFF
        3328  -8.5210253421458990        126.76566419110964     
   7.3591977354611826       -15.880223077607081     
        0     1742  -0.214E+03   0.892E+04  -0.313E+05   0.131E+07
  OPTIMIZATION STUFF
        1742  -9.7105869913535745        158.10228430153560     
   7.9879149084658092       -17.698501899819384     
        0     2910   0.339E+02   0.179E+04   0.467E+04   0.252E+06
  OPTIMIZATION STUFF
        2910  -8.4047371572440426        114.38113580422309     
   6.6137379084648051       -15.018475065708849     
        0     3116  -0.501E+02   0.255E+04  -0.754E+04   0.377E+06
  OPTIMIZATION STUFF
        3116  -7.7142516800820520        96.045230347768452     
   6.0444645225296583       -13.758716202611710     
        0     1559   0.325E+03   0.129E+05   0.484E+05   0.191E+07
  OPTIMIZATION STUFF
        1559  -7.4374792469358351        96.464101080063344     
   6.4146709604984498       -13.852150207434285     
        0     2561  -0.175E+03   0.886E+04  -0.258E+05   0.131E+07
  OPTIMIZATION STUFF
        2561  -9.9648489320373592        162.55493910597355     
   7.9534096378627099       -17.918258569900068     
        0     1923   0.165E+02   0.785E+03   0.254E+04   0.111E+06
  OPTIMIZATION STUFF
        1923  -7.8578861959809387        100.93685405652015     
   6.2602299149098641       -14.118116110890803     
        0     4255   0.141E+01   0.700E+03  -0.608E+02   0.879E+05
  OPTIMIZATION STUFF
        4255  -8.0955852736072167        106.81223130571227     
   6.4244634315611329       -14.520048705168350     
        0     2803  -0.276E+02   0.147E+04  -0.384E+04   0.203E+06
  OPTIMIZATION STUFF
        2803  -7.6555621825581230        97.014942093430491     
   6.1973631297848275       -13.852925312342951     
        0     2095   0.811E+02   0.376E+04   0.120E+05   0.550E+06
  OPTIMIZATION STUFF
        2095  -8.3148670364749169        114.35339677203142     
   6.7243128227183373       -15.039179859193254     
        0     3127   0.632E+02   0.683E+04   0.935E+04   0.999E+06
  OPTIMIZATION STUFF
        3127  -8.3576365150904408        119.87221206413489     
   7.0726320380578116       -15.430268553148252     
        0     2387  -0.121E+03   0.592E+04  -0.179E+05   0.874E+06
  OPTIMIZATION STUFF
        2387  -9.0833089002004268        138.59898772997150     
   7.4894917820577929       -16.572800682258219     
        0     3887   0.119E+02   0.102E+04   0.181E+04   0.145E+06
  OPTIMIZATION STUFF
        3887  -8.2571757409231878        115.71002296335709     
   6.8941331396243495       -15.151308880547537     
        0     4224   0.246E+01   0.137E+04   0.519E+03   0.185E+06
  OPTIMIZATION STUFF
        4224  -8.4438549362115953        116.23289793442062     
   6.7032985723922289       -15.147153508603825     
        0     2790  -0.755E+02   0.305E+04  -0.116E+05   0.464E+06
  OPTIMIZATION STUFF
        2790  -8.3261515572773934        112.13092841051267     
   6.5426392729356477       -14.868790830213040     
        0     2309   0.602E+02   0.288E+04   0.916E+04   0.440E+06
  OPTIMIZATION STUFF
        2309  -7.4639780986432962        92.285930404354573     
   6.0477236500461711       -13.511701748689468     
        0     3245  -0.177E+02   0.101E+04  -0.260E+04   0.148E+06
  OPTIMIZATION STUFF
        3245  -8.0041342614979154        102.53006631725890     
   6.2019272037951341       -14.206061465293050     
        0     3129   0.574E+02   0.686E+04   0.823E+04   0.102E+07
  OPTIMIZATION STUFF
        3129  -7.2894939514452677        89.091273461576918     
   5.9962114200067846       -13.285705371452053     
        0     3921   0.886E+01   0.330E+04   0.172E+04   0.480E+06
  OPTIMIZATION STUFF
        3921  -8.4039812788644692        119.15670564186695     
   6.9663336344423286       -15.370314913306798     
        0     2187  -0.682E+02   0.326E+04  -0.105E+05   0.492E+06
  OPTIMIZATION STUFF
        2187  -8.5688240578935524        121.96882329730595     
   6.9673580044497943       -15.536182062343347     
        0     3877  -0.173E+02   0.112E+04  -0.247E+04   0.166E+06
  OPTIMIZATION STUFF
        3877  -7.8523997092273143        99.569406958324265     
   6.1570468379614471       -14.009446547188762     
        0     5089   0.239E+02   0.130E+04   0.350E+04   0.182E+06
  OPTIMIZATION STUFF
        5089  -8.3198740285502648        114.29117495158178     
   6.7134842742525711       -15.033358302802835     
        0     4532  -0.402E+02   0.526E+04  -0.603E+04   0.774E+06
  OPTIMIZATION STUFF
        4532  -8.6145332279859232        122.49960239111056     
   6.9490589042716406       -15.563592132257565     
        0     1421   0.260E+00   0.195E+03  -0.231E+00   0.195E+03
  OPTIMIZATION STUFF
        1421  -7.3561360193947349        92.387629069545440     
   6.1866705046986965       -13.542806524093432     
        0     2457   0.106E+03   0.403E+04   0.158E+05   0.590E+06
  OPTIMIZATION STUFF
        2457  -8.5686806589183053        121.96334562325961     
   6.9671412637278261       -15.535821922646132     
        0     3833   0.777E+02   0.448E+04   0.118E+05   0.679E+06
  OPTIMIZATION STUFF
        3833  -8.8923952015952157        135.39585146746049     
   7.5047424370265281       -16.397137638621743     
        0     3292  -0.128E+03   0.740E+04  -0.190E+05   0.109E+07
  OPTIMIZATION STUFF
        3292  -9.4984362967683502        154.17565868773301     
   7.9972099262159269       -17.495646222984277     
        0     3265  -0.236E+01   0.891E+03  -0.454E+03   0.150E+06
  OPTIMIZATION STUFF
        3265  -8.2602084775933076        113.09849583260639     
   6.6983170826187406       -14.958525560212049     
        0     4163  -0.426E+02   0.775E+04  -0.628E+04   0.116E+07
  OPTIMIZATION STUFF
        4163  -8.5817932366336915        122.48806286257323     
   6.9886255949393554       -15.570418831573047     
        0     3528   0.703E+02   0.597E+04   0.100E+05   0.893E+06
  OPTIMIZATION STUFF
        3528  -8.1815620561483016        113.12290661718355     
   6.7959509223196957       -14.977512978467997     
        0     3258  -0.697E+01   0.425E+03  -0.542E+03   0.310E+05
  OPTIMIZATION STUFF
        3258  -8.3209198161392504        113.49872205348156     
   6.6528952694945307       -14.973815085633781     
        0     5520   0.371E+01   0.320E+04   0.606E+03   0.476E+06
  OPTIMIZATION STUFF
        5520  -8.1436151231139675        108.45250142602403     
   6.4910734206765452       -14.634688543790514     
        0     4345   0.104E+02   0.693E+03   0.143E+04   0.111E+06
  OPTIMIZATION STUFF
        4345  -8.4581564089714174        120.65133057028044     
   7.0079184307222198       -15.466074839693636     
        0     4812  -0.155E+02   0.112E+04  -0.236E+04   0.168E+06
  OPTIMIZATION STUFF
        4812  -8.3402460311552638        113.14485309594608     
   6.6019049702146537       -14.942151001369918     
        0     5176  -0.152E+02   0.368E+04  -0.219E+04   0.540E+06
  OPTIMIZATION STUFF
        5176  -7.5863184856000414        93.315357879031453     
   5.9802282326073932       -13.566546718207434     
        0     6024   0.116E+02   0.312E+04   0.161E+04   0.469E+06
  OPTIMIZATION STUFF
        6024  -8.7928156863878257        127.85175088386708     
   7.1090184406202859       -15.901834127008112     
        0     5527  -0.877E+01   0.434E+04  -0.107E+04   0.635E+06
  OPTIMIZATION STUFF
        5527  -8.5002440647064557        121.47561850276402     
   7.0158014042008556       -15.516045468907311     
        0     4056   0.141E+02   0.226E+04   0.196E+04   0.325E+06
  OPTIMIZATION STUFF
        4056  -8.2978339110458865        112.86005364397244     
   6.6337022867075790       -14.931536197753466     
        0     4779  -0.241E+02   0.120E+04  -0.354E+04   0.173E+06
  OPTIMIZATION STUFF
        4779  -7.9658851623909319        102.05754277255228     
   6.2130681914938188       -14.178953353884751     
