sample v-GeO2 1300K x3                                       25-11-07   500.000K
                                                                                
  XO,DX,Lambda :   0.0000000E+00   1.000000       0.0
  0.0000000E+00   2638.000       51.36147    
   1.000000       339.0000       18.41195    
   2.000000       363.0000       19.05256    
   3.000000       497.0000       22.29350    
   4.000000       740.0000       27.20294    
   5.000000       866.0000       29.42788    
   6.000000       1090.000       33.01515    
   7.000000       1309.000       36.18010    
   8.000000       1320.000       36.33180    
   9.000000       1369.000       37.00000    
   10.00000       1338.000       36.57868    
   11.00000       1282.000       35.80503    
   12.00000       1185.000       34.42383    
   13.00000       1075.000       32.78719    
   14.00000       910.0000       30.16621    
   15.00000       957.0000       30.93542    
   16.00000       942.0000       30.69202    
   17.00000       1050.000       32.40370    
   18.00000       1225.000       35.00000    
   19.00000       2669.000       51.66236    
   20.00000       1457.000       38.17067    
   21.00000       1521.000       39.00000    
   22.00000       1662.000       40.76764    
   23.00000       1963.000       44.30576    
   24.00000       5916.000       76.91553    
   25.00000       10954.00       104.6614    
   26.00000       12028.00       109.6722    
   27.00000       12882.00       113.4989    
   28.00000       13218.00       114.9696    
   29.00000       13337.00       115.4859    
   30.00000       11390.00       106.7239    
   31.00000       11980.00       109.4532    
   32.00000       13163.00       114.7301    
   33.00000       14070.00       118.6170    
   34.00000       13404.00       115.7756    
   35.00000       13460.00       116.0172    
   36.00000       14620.00       120.9132    
   37.00000       14670.00       121.1198    
   38.00000       13400.00       115.7584    
   39.00000       12573.00       112.1294    
   40.00000       15081.00       122.8047    
   41.00000       14476.00       120.3163    
   42.00000       14613.00       120.8842    
   43.00000       15153.00       123.0975    
   44.00000       15241.00       123.4544    
   45.00000       15471.00       124.3825    
   46.00000       15020.00       122.5561    
   47.00000       15146.00       123.0691    
   48.00000       14949.00       122.2661    
   49.00000       15903.00       126.1071    
   50.00000       14177.00       119.0672    
   51.00000       14943.00       122.2416    
   52.00000       16895.00       129.9808    
   53.00000       16219.00       127.3538    
   54.00000       16434.00       128.1952    
   55.00000       17052.00       130.5833    
   56.00000       16517.00       128.5185    
   57.00000       16785.00       129.5569    
   58.00000       16163.00       127.1338    
   59.00000       14138.00       118.9033    
   60.00000       18340.00       135.4253    
   61.00000       19356.00       139.1258    
   62.00000       19646.00       140.1642    
   63.00000       19670.00       140.2498    
   64.00000       19445.00       139.4453    
   65.00000       19753.00       140.5454    
   66.00000       19855.00       140.9078    
   67.00000       19274.00       138.8308    
   68.00000       18895.00       137.4591    
   69.00000       20816.00       144.2775    
   70.00000       18641.00       136.5320    
   71.00000       18671.00       136.6419    
   72.00000       19416.00       139.3413    
   73.00000       19771.00       140.6094    
   74.00000       20581.00       143.4608    
   75.00000       18856.00       137.3172    
   76.00000       18441.00       135.7976    
   77.00000       18320.00       135.3514    
   78.00000       16993.00       130.3572    
   79.00000       14368.00       119.8666    
   80.00000       17874.00       133.6937    
   81.00000       17633.00       132.7893    
   82.00000       17916.00       133.8507    
   83.00000       18073.00       134.4359    
   84.00000       17826.00       133.5140    
   85.00000       17781.00       133.3454    
   86.00000       17129.00       130.8778    
   87.00000       17311.00       131.5713    
   88.00000       17554.00       132.4915    
   89.00000       18285.00       135.2220    
   90.00000       16263.00       127.5265    
   91.00000       17082.00       130.6981    
   92.00000       17465.00       132.1552    
   93.00000       16834.00       129.7459    
   94.00000       17220.00       131.2250    
   95.00000       17308.00       131.5599    
   96.00000       17674.00       132.9436    
   97.00000       18248.00       135.0852    
   98.00000       17370.00       131.7953    
   99.00000       16250.00       127.4755    
   100.0000       16883.00       129.9346    
   101.0000       17312.00       131.5751    
   102.0000       17776.00       133.3267    
   103.0000       18691.00       136.7150    
   104.0000       18675.00       136.6565    
   105.0000       18824.00       137.2006    
   106.0000       18663.00       136.6126    
   107.0000       19948.00       141.2374    
   108.0000       19923.00       141.1489    
   109.0000       21268.00       145.8355    
   110.0000       18684.00       136.6894    
   111.0000       19919.00       141.1347    
   112.0000       18964.00       137.7098    
   113.0000       18083.00       134.4731    
   114.0000       17983.00       134.1007    
   115.0000       17430.00       132.0227    
   116.0000       18107.00       134.5623    
   117.0000       17141.00       130.9236    
   118.0000       15968.00       126.3646    
   119.0000       14050.00       118.5327    
   120.0000       18589.00       136.3415    
   121.0000       17573.00       132.5632    
   122.0000       18517.00       136.0772    
   123.0000       18568.00       136.2645    
   124.0000       18398.00       135.6392    
   125.0000       17987.00       134.1156    
   126.0000       18476.00       135.9265    
   127.0000       18362.00       135.5065    
   128.0000       17364.00       131.7725    
   129.0000       18592.00       136.3525    
   130.0000       17268.00       131.4078    
   131.0000       17827.00       133.5178    
   132.0000       18560.00       136.2351    
   133.0000       18269.00       135.1629    
   134.0000       18169.00       134.7924    
   135.0000       18169.00       134.7924    
   136.0000       18632.00       136.4991    
   137.0000       18958.00       137.6880    
   138.0000       17829.00       133.5253    
   139.0000       18544.00       136.1764    
   140.0000       17775.00       133.3229    
   141.0000       18159.00       134.7553    
   142.0000       18809.00       137.1459    
   143.0000       19713.00       140.4030    
   144.0000       19461.00       139.5027    
   145.0000       19305.00       138.9424    
   146.0000       19338.00       139.0611    
   147.0000       20101.00       141.7780    
   148.0000       19568.00       139.8857    
   149.0000       21158.00       145.4579    
   150.0000       19051.00       138.0254    
   151.0000       19921.00       141.1418    
   152.0000       20758.00       144.0764    
   153.0000       20163.00       141.9965    
   154.0000       20451.00       143.0070    
   155.0000       19960.00       141.2799    
   156.0000       21050.00       145.0862    
   157.0000       21375.00       146.2019    
   158.0000       19946.00       141.2303    
   159.0000       15204.00       123.3045    
   160.0000       23153.00       152.1611    
   161.0000       22686.00       150.6187    
   162.0000       22836.00       151.1158    
   163.0000       22342.00       149.4724    
   164.0000       22406.00       149.6863    
   165.0000       22791.00       150.9669    
   166.0000       22272.00       149.2381    
   167.0000       22734.00       150.7780    
   168.0000       21774.00       147.5602    
   169.0000       23561.00       153.4959    
   170.0000       21537.00       146.7549    
   171.0000       21972.00       148.2296    
   172.0000       22150.00       148.8288    
   173.0000       20910.00       144.6029    
   174.0000       21081.00       145.1930    
   175.0000       21952.00       148.1621    
   176.0000       22527.00       150.0900    
   177.0000       21216.00       145.6571    
   178.0000       20580.00       143.4573    
   179.0000       19997.00       141.4108    
   180.0000       21777.00       147.5703    
   181.0000       21365.00       146.1677    
   182.0000       21648.00       147.1326    
   183.0000       22078.00       148.5867    
   184.0000       22196.00       148.9832    
   185.0000       22295.00       149.3151    
   186.0000       21127.00       145.3513    
   187.0000       20830.00       144.3260    
   188.0000       19755.00       140.5525    
   189.0000       21194.00       145.5816    
   190.0000       19025.00       137.9311    
   191.0000       19356.00       139.1258    
   192.0000       19426.00       139.3772    
   193.0000       18323.00       135.3625    
   194.0000       18539.00       136.1580    
   195.0000       18789.00       137.0730    
   196.0000       18342.00       135.4326    
   197.0000       18468.00       135.8970    
   198.0000       18271.00       135.1703    
   199.0000       18502.00       136.0221    
   200.0000       17277.00       131.4420    
   201.0000       17146.00       130.9427    
   202.0000       18216.00       134.9667    
   203.0000       18501.00       136.0184    
   204.0000       17916.00       133.8507    
   205.0000       18179.00       134.8295    
   206.0000       17689.00       133.0000    
   207.0000       18241.00       135.0592    
   208.0000       17324.00       131.6207    
   209.0000       18483.00       135.9522    
   210.0000       16518.00       128.5224    
   211.0000       17054.00       130.5910    
   212.0000       18130.00       134.6477    
   213.0000       17413.00       131.9583    
   214.0000       17412.00       131.9545    
   215.0000       17113.00       130.8167    
   216.0000       17429.00       132.0189    
   217.0000       17664.00       132.9060    
   218.0000       16412.00       128.1093    
   219.0000       15998.00       126.4832    
   220.0000       18562.00       136.2424    
   221.0000       17071.00       130.6560    
   222.0000       17408.00       131.9394    
   223.0000       17742.00       133.1991    
   224.0000       17307.00       131.5561    
   225.0000       17552.00       132.4840    
   226.0000       17744.00       133.2066    
   227.0000       18117.00       134.5994    
   228.0000       17521.00       132.3669    
   229.0000       18935.00       137.6045    
   230.0000       16657.00       129.0620    
   231.0000       17244.00       131.3164    
   232.0000       17798.00       133.4091    
   233.0000       17707.00       133.0677    
   234.0000       17605.00       132.6838    
   235.0000       17989.00       134.1231    
   236.0000       18274.00       135.1814    
   237.0000       17589.00       132.6235    
   238.0000       17429.00       132.0189    
   239.0000       15745.00       125.4791    
   240.0000       18693.00       136.7224    
   241.0000       17992.00       134.1343    
   242.0000       18863.00       137.3426    
   243.0000       18201.00       134.9111    
   244.0000       18170.00       134.7961    
   245.0000       19187.00       138.5172    
   246.0000       18671.00       136.6419    
   247.0000       18544.00       136.1764    
   248.0000       18138.00       134.6774    
   249.0000       19364.00       139.1546    
   250.0000       17886.00       133.7386    
   251.0000       18079.00       134.4582    
   252.0000       18884.00       137.4191    
   253.0000       18381.00       135.5766    
   254.0000       18630.00       136.4918    
   255.0000       18184.00       134.8481    
   256.0000       18816.00       137.1714    
   257.0000       18325.00       135.3699    
   258.0000       17478.00       132.2044    
   259.0000       15512.00       124.5472    
   260.0000       19416.00       139.3413    
   261.0000       18929.00       137.5827    
   262.0000       18792.00       137.0839    
   263.0000       18675.00       136.6565    
   264.0000       18960.00       137.6953    
   265.0000       18877.00       137.3936    
   266.0000       19346.00       139.0899    
   267.0000       20216.00       142.1830    
   268.0000       19387.00       139.2372    
   269.0000       20671.00       143.7741    
   270.0000       18555.00       136.2167    
   271.0000       18796.00       137.0985    
   272.0000       19735.00       140.4813    
   273.0000       19383.00       139.2228    
   274.0000       19432.00       139.3987    
   275.0000       19000.00       137.8405    
   276.0000       19559.00       139.8535    
   277.0000       18985.00       137.7861    
   278.0000       18537.00       136.1507    
   279.0000       15888.00       126.0476    
   280.0000       19776.00       140.6272    
   281.0000       19124.00       138.2896    
   282.0000       19583.00       139.9393    
   283.0000       19552.00       139.8285    
   284.0000       19337.00       139.0575    
   285.0000       19205.00       138.5821    
   286.0000       19227.00       138.6615    
   287.0000       19540.00       139.7856    
   288.0000       18848.00       137.2880    
   289.0000       20154.00       141.9648    
   290.0000       18507.00       136.0404    
   291.0000       18875.00       137.3863    
   292.0000       19590.00       139.9643    
   293.0000       18728.00       136.8503    
   294.0000       18781.00       137.0438    
   295.0000       19147.00       138.3727    
   296.0000       19250.00       138.7444    
   297.0000       18590.00       136.3452    
   298.0000       18060.00       134.3875    
   299.0000       17934.00       133.9179    
   300.0000       19660.00       140.2141    
   301.0000       18720.00       136.8210    
   302.0000       18967.00       137.7207    
   303.0000       18955.00       137.6772    
   304.0000       18802.00       137.1204    
   305.0000       18938.00       137.6154    
   306.0000       18772.00       137.0110    
   307.0000       18239.00       135.0518    
   308.0000       18476.00       135.9265    
   309.0000       19729.00       140.4600    
   310.0000       17987.00       134.1156    
   311.0000       18472.00       135.9117    
   312.0000       18861.00       137.3354    
   313.0000       18283.00       135.2146    
   314.0000       18401.00       135.6503    
   315.0000       17988.00       134.1194    
   316.0000       18413.00       135.6945    
   317.0000       18993.00       137.8151    
   318.0000       17654.00       132.8684    
   319.0000       16348.00       127.8593    
   320.0000       17253.00       131.3507    
   321.0000       17761.00       133.2704    
   322.0000       18456.00       135.8529    
   323.0000       18286.00       135.2257    
   324.0000       18484.00       135.9559    
   325.0000       18259.00       135.1259    
   326.0000       17863.00       133.6525    
   327.0000       18064.00       134.4024    
   328.0000       17784.00       133.3567    
   329.0000       18663.00       136.6126    
   330.0000       17198.00       131.1411    
   331.0000       17512.00       132.3329    
   332.0000       18301.00       135.2812    
   333.0000       17139.00       130.9160    
   334.0000       17408.00       131.9394    
   335.0000       17462.00       132.1439    
   336.0000       17542.00       132.4462    
   337.0000       17424.00       132.0000    
   338.0000       17206.00       131.1716    
   339.0000       16683.00       129.1627    
   340.0000       18472.00       135.9117    
   341.0000       17426.00       132.0076    
   342.0000       18074.00       134.4396    
   343.0000       18220.00       134.9815    
   344.0000       18493.00       135.9890    
   345.0000       18797.00       137.1022    
   346.0000       18031.00       134.2796    
   347.0000       18426.00       135.7424    
   348.0000       18242.00       135.0629    
   349.0000       19161.00       138.4233    
   350.0000       17124.00       130.8587    
   351.0000       18048.00       134.3428    
   352.0000       18309.00       135.3108    
   353.0000       18029.00       134.2721    
   354.0000       17644.00       132.8307    
   355.0000       18106.00       134.5585    
   356.0000       18710.00       136.7845    
   357.0000       18394.00       135.6245    
   358.0000       17885.00       133.7348    
   359.0000       19133.00       138.3221    
   360.0000       18319.00       135.3477    
   361.0000       18079.00       134.4582    
   362.0000       18213.00       134.9556    
   363.0000       18376.00       135.5581    
   364.0000       18419.00       135.7166    
   365.0000       18229.00       135.0148    
   366.0000       18248.00       135.0852    
   367.0000       18534.00       136.1396    
   368.0000       18074.00       134.4396    
   369.0000       19200.00       138.5641    
   370.0000       17249.00       131.3354    
   371.0000       17499.00       132.2838    
   372.0000       18784.00       137.0547    
   373.0000       17652.00       132.8608    
   374.0000       17861.00       133.6451    
   375.0000       18123.00       134.6217    
   376.0000       18413.00       135.6945    
   377.0000       18495.00       135.9963    
   378.0000       17484.00       132.2271    
   379.0000       16644.00       129.0116    
   380.0000       18573.00       136.2828    
   381.0000       16848.00       129.7999    
   382.0000       17617.00       132.7290    
   383.0000       18519.00       136.0845    
   384.0000       18369.00       135.5323    
   385.0000       18285.00       135.2220    
   386.0000       18128.00       134.6403    
   387.0000       18774.00       137.0182    
   388.0000       17964.00       134.0298    
   389.0000       19282.00       138.8596    
   390.0000       17728.00       133.1465    
   391.0000       18121.00       134.6143    
   392.0000       18504.00       136.0294    
   393.0000       17824.00       133.5066    
   394.0000       18587.00       136.3342    
   395.0000       18536.00       136.1470    
   396.0000       18553.00       136.2094    
   397.0000       18686.00       136.6967    
   398.0000       17969.00       134.0485    
   399.0000       18819.00       137.1824    
   400.0000       18357.00       135.4880    
   401.0000       18502.00       136.0221    
   402.0000       18546.00       136.1837    
   403.0000       18618.00       136.4478    
   404.0000       18902.00       137.4845    
   405.0000       19097.00       138.1919    
   406.0000       18782.00       137.0474    
   407.0000       18505.00       136.0331    
   408.0000       18161.00       134.7628    
   409.0000       19088.00       138.1593    
   410.0000       17243.00       131.3126    
   411.0000       18323.00       135.3625    
   412.0000       18643.00       136.5394    
   413.0000       18334.00       135.4031    
   414.0000       18641.00       136.5320    
   415.0000       18154.00       134.7368    
   416.0000       18802.00       137.1204    
   417.0000       18466.00       135.8897    
   418.0000       17523.00       132.3745    
   419.0000       16974.00       130.2843    
   420.0000       18714.00       136.7991    
   421.0000       18310.00       135.3145    
   422.0000       19170.00       138.4558    
   423.0000       19019.00       137.9094    
   424.0000       18198.00       134.9000    
   425.0000       18803.00       137.1240    
   426.0000       18749.00       136.9270    
   427.0000       19244.00       138.7227    
   428.0000       18573.00       136.2828    
   429.0000       19538.00       139.7784    
   430.0000       17809.00       133.4504    
   431.0000       18284.00       135.2183    
   432.0000       18993.00       137.8151    
   433.0000       18393.00       135.6208    
   434.0000       18729.00       136.8539    
   435.0000       18816.00       137.1714    
   436.0000       18487.00       135.9669    
   437.0000       18862.00       137.3390    
   438.0000       18493.00       135.9890    
   439.0000       17820.00       133.4916    
   440.0000       19231.00       138.6759    
   441.0000       18529.00       136.1213    
   442.0000       18207.00       134.9333    
   443.0000       18004.00       134.1790    
   444.0000       18476.00       135.9265    
   445.0000       18501.00       136.0184    
   446.0000       18376.00       135.5581    
   447.0000       18468.00       135.8970    
   448.0000       18193.00       134.8814    
   449.0000       19174.00       138.4702    
   450.0000       17706.00       133.0639    
   451.0000       18223.00       134.9926    
   452.0000       18142.00       134.6922    
   453.0000       17907.00       133.8170    
   454.0000       18164.00       134.7739    
   455.0000       18034.00       134.2907    
   456.0000       18447.00       135.8197    
   457.0000       18106.00       134.5585    
   458.0000       18108.00       134.5660    
   459.0000       17026.00       130.4837    
   460.0000       20742.00       144.0208    
   461.0000       17931.00       133.9067    
   462.0000       18090.00       134.4991    
   463.0000       18660.00       136.6016    
   464.0000       18627.00       136.4808    
   465.0000       18843.00       137.2698    
   466.0000       18290.00       135.2405    
   467.0000       19060.00       138.0580    
   468.0000       18089.00       134.4953    
   469.0000       19137.00       138.3365    
   470.0000       17809.00       133.4504    
   471.0000       18120.00       134.6105    
   472.0000       17974.00       134.0672    
   473.0000       17641.00       132.8194    
   474.0000       17795.00       133.3979    
   475.0000       18246.00       135.0778    
   476.0000       18530.00       136.1249    
   477.0000       18460.00       135.8676    
   478.0000       17664.00       132.9060    
   479.0000       18681.00       136.6785    
   480.0000       16716.00       129.2904    
   481.0000       18141.00       134.6885    
   482.0000       18394.00       135.6245    
   483.0000       18315.00       135.3329    
   484.0000       17672.00       132.9361    
   485.0000       17931.00       133.9067    
   486.0000       18145.00       134.7034    
   487.0000       18570.00       136.2718    
   488.0000       17918.00       133.8581    
   489.0000       19268.00       138.8092    
   490.0000       17440.00       132.0606    
   491.0000       17379.00       131.8294    
   492.0000       18427.00       135.7461    
   493.0000       17754.00       133.2441    
   494.0000       17937.00       133.9291    
   495.0000       18122.00       134.6180    
   496.0000       18550.00       136.1984    
   497.0000       18705.00       136.7662    
   498.0000       17874.00       133.6937    
   499.0000       17807.00       133.4429    
   500.0000       17987.00       134.1156    
   501.0000       17718.00       133.1090    
   502.0000       17841.00       133.5702    
   503.0000       17703.00       133.0526    
   504.0000       17996.00       134.1492    
   505.0000       18622.00       136.4624    
   506.0000       18371.00       135.5397    
   507.0000       18586.00       136.3305    
   508.0000       17929.00       133.8992    
   509.0000       18975.00       137.7498    
   510.0000       17152.00       130.9656    
   511.0000       18226.00       135.0037    
   512.0000       18278.00       135.1962    
   513.0000       17587.00       132.6160    
   514.0000       18192.00       134.8777    
   515.0000       18089.00       134.4953    
   516.0000       18537.00       136.1507    
   517.0000       18474.00       135.9191    
   518.0000       18395.00       135.6282    
   519.0000       18286.00       135.2257    
   520.0000       19396.00       139.2695    
   521.0000       17715.00       133.0977    
   522.0000       18010.00       134.2013    
   523.0000       18332.00       135.3957    
   524.0000       18025.00       134.2572    
   525.0000       18168.00       134.7887    
   526.0000       18249.00       135.0889    
   527.0000       18835.00       137.2407    
   528.0000       17847.00       133.5927    
   529.0000       19500.00       139.6424    
   530.0000       17725.00       133.1353    
   531.0000       18183.00       134.8444    
   532.0000       18422.00       135.7277    
   533.0000       18217.00       134.9704    
   534.0000       17929.00       133.8992    
   535.0000       18062.00       134.3949    
   536.0000       19161.00       138.4233    
   537.0000       18690.00       136.7114    
   538.0000       17865.00       133.6600    
   539.0000       17896.00       133.7759    
   540.0000       18734.00       136.8722    
   541.0000       17787.00       133.3679    
   542.0000       18318.00       135.3440    
   543.0000       18589.00       136.3415    
   544.0000       18492.00       135.9853    
   545.0000       18510.00       136.0515    
   546.0000       18657.00       136.5906    
   547.0000       18923.00       137.5609    
   548.0000       18557.00       136.2241    
   549.0000       19637.00       140.1321    
   550.0000       18154.00       134.7368    
   551.0000       18297.00       135.2664    
   552.0000       18813.00       137.1605    
   553.0000       18194.00       134.8851    
   554.0000       18415.00       135.7019    
   555.0000       18252.00       135.1000    
   556.0000       18549.00       136.1947    
   557.0000       18739.00       136.8905    
   558.0000       17599.00       132.6612    
   559.0000       16293.00       127.6440    
   560.0000       17915.00       133.8469    
   561.0000       18049.00       134.3466    
   562.0000       17905.00       133.8096    
   563.0000       18331.00       135.3920    
   564.0000       18302.00       135.2849    
   565.0000       18483.00       135.9522    
   566.0000       18710.00       136.7845    
   567.0000       18562.00       136.2424    
   568.0000       17588.00       132.6198    
   569.0000       19152.00       138.3907    
   570.0000       16801.00       129.6187    
   571.0000       17304.00       131.5447    
   572.0000       18674.00       136.6528    
   573.0000       17950.00       133.9776    
   574.0000       17981.00       134.0932    
   575.0000       17722.00       133.1240    
   576.0000       17519.00       132.3594    
   577.0000       18064.00       134.4024    
   578.0000       17027.00       130.4875    
   579.0000       14365.00       119.8541    
   580.0000       17322.00       131.6131    
   581.0000       17793.00       133.3904    
   582.0000       17551.00       132.4802    
   583.0000       18204.00       134.9222    
   584.0000       18212.00       134.9518    
   585.0000       18107.00       134.5623    
   586.0000       17479.00       132.2082    
   587.0000       17969.00       134.0485    
   588.0000       17025.00       130.4799    
   589.0000       18628.00       136.4844    
   590.0000       16678.00       129.1433    
   591.0000       16511.00       128.4951    
   592.0000       17595.00       132.6461    
   593.0000       16475.00       128.3550    
   594.0000       16754.00       129.4372    
   595.0000       17434.00       132.0379    
   596.0000       17100.00       130.7670    
   597.0000       15951.00       126.2973    
   598.0000       16247.00       127.4637    
   599.0000       15559.00       124.7357    
   600.0000       17476.00       132.1968    
   601.0000       16380.00       127.9844    
   602.0000       16247.00       127.4637    
   603.0000       16861.00       129.8499    
   604.0000       16807.00       129.6418    
   605.0000       16331.00       127.7928    
   606.0000       16143.00       127.0551    
   607.0000       16471.00       128.3394    
   608.0000       16257.00       127.5029    
   609.0000       17032.00       130.5067    
   610.0000       15662.00       125.1479    
   611.0000       16020.00       126.5701    
   612.0000       16197.00       127.2674    
   613.0000       15541.00       124.6635    
   614.0000       15490.00       124.4588    
   615.0000       15500.00       124.4990    
   616.0000       15637.00       125.0480    
   617.0000       16025.00       126.5899    
   618.0000       18384.00       135.5876    
   619.0000       18690.00       136.7114    
   620.0000       22382.00       149.6062    
   621.0000       18453.00       135.8418    
   622.0000       18881.00       137.4082    
   623.0000       19111.00       138.2425    
   624.0000       18392.00       135.6171    
   625.0000       19006.00       137.8622    
   626.0000       18728.00       136.8503    
   627.0000       19147.00       138.3727    
   628.0000       18432.00       135.7645    
   629.0000       19132.00       138.3185    
   630.0000       17536.00       132.4236    
   631.0000       17569.00       132.5481    
   632.0000       18600.00       136.3818    
   633.0000       17589.00       132.6235    
   634.0000       17766.00       133.2892    
   635.0000       17613.00       132.7140    
   636.0000       18096.00       134.5214    
   637.0000       18228.00       135.0111    
   638.0000       17847.00       133.5927    
   639.0000       17998.00       134.1566    
