test of  empty cell                                          16-11-07  2000.000K
                                                                                
  XO,DX,Lambda :   0.0000000E+00   1.000000       0.0
  0.0000000E+00   5349.000       73.13686    
   1.000000       889.0000       29.81610    
   2.000000       1049.000       32.38827    
   3.000000       1221.000       34.94281    
   4.000000       1680.000       40.98780    
   5.000000       2385.000       48.83646    
   6.000000       2608.000       51.06858    
   7.000000       2976.000       54.55273    
   8.000000       3090.000       55.58777    
   9.000000       3235.000       56.87706    
   10.00000       2881.000       53.67495    
   11.00000       2819.000       53.09426    
   12.00000       2803.000       52.94337    
   13.00000       2517.000       50.16971    
   14.00000       2593.000       50.92151    
   15.00000       2451.000       49.50758    
   16.00000       2602.000       51.00980    
   17.00000       2823.000       53.13191    
   18.00000       3489.000       59.06776    
   19.00000       6414.000       80.08746    
   20.00000       3996.000       63.21392    
   21.00000       4464.000       66.81317    
   22.00000       4360.000       66.03030    
   23.00000       5410.000       73.55270    
   24.00000       13754.00       117.2775    
   25.00000       27882.00       166.9790    
   26.00000       30840.00       175.6132    
   27.00000       33216.00       182.2526    
   28.00000       34393.00       185.4535    
   29.00000       33693.00       183.5565    
   30.00000       29753.00       172.4906    
   31.00000       30685.00       175.1713    
   32.00000       34102.00       184.6673    
   33.00000       36301.00       190.5282    
   34.00000       34755.00       186.4269    
   35.00000       34304.00       185.2134    
   36.00000       37557.00       193.7963    
   37.00000       37300.00       193.1321    
   38.00000       34566.00       185.9193    
   39.00000       33402.00       182.7621    
   40.00000       37320.00       193.1839    
   41.00000       35635.00       188.7724    
   42.00000       35524.00       188.4781    
   43.00000       36282.00       190.4783    
   44.00000       36658.00       191.4628    
   45.00000       37291.00       193.1088    
   46.00000       35611.00       188.7088    
   47.00000       35443.00       188.2631    
   48.00000       34637.00       186.1102    
   49.00000       36371.00       190.7118    
   50.00000       32614.00       180.5935    
   51.00000       34762.00       186.4457    
   52.00000       37339.00       193.2330    
   53.00000       35609.00       188.7035    
   54.00000       35606.00       188.6955    
   55.00000       36026.00       189.8052    
   56.00000       36175.00       190.1973    
   57.00000       35390.00       188.1223    
   58.00000       33892.00       184.0978    
   59.00000       30956.00       175.9432    
   60.00000       35432.00       188.2339    
   61.00000       35484.00       188.3720    
   62.00000       37277.00       193.0725    
   63.00000       37673.00       194.0953    
   64.00000       37428.00       193.4632    
   65.00000       38153.00       195.3279    
   66.00000       37543.00       193.7602    
   67.00000       37248.00       192.9974    
   68.00000       35860.00       189.3674    
   69.00000       40311.00       200.7760    
   70.00000       36780.00       191.7811    
   71.00000       36392.00       190.7669    
   72.00000       37388.00       193.3598    
   73.00000       36649.00       191.4393    
   74.00000       38101.00       195.1948    
   75.00000       37004.00       192.3642    
   76.00000       37533.00       193.7344    
   77.00000       36997.00       192.3460    
   78.00000       35270.00       187.8031    
   79.00000       31921.00       178.6645    
   80.00000       37993.00       194.9179    
   81.00000       37296.00       193.1217    
   82.00000       37991.00       194.9128    
   83.00000       38195.00       195.4354    
   84.00000       38281.00       195.6553    
   85.00000       38949.00       197.3550    
   86.00000       37198.00       192.8678    
   87.00000       38174.00       195.3817    
   88.00000       38547.00       196.3339    
   89.00000       40165.00       200.4121    
   90.00000       36889.00       192.0651    
   91.00000       37090.00       192.5876    
   92.00000       38381.00       195.9107    
   93.00000       37285.00       193.0932    
   94.00000       38279.00       195.6502    
   95.00000       37538.00       193.7473    
   96.00000       37681.00       194.1160    
   97.00000       38631.00       196.5477    
   98.00000       37525.00       193.7137    
   99.00000       36096.00       189.9895    
   100.0000       35691.00       188.9206    
   101.0000       36680.00       191.5202    
   102.0000       37403.00       193.3986    
   103.0000       38700.00       196.7232    
   104.0000       38996.00       197.4740    
   105.0000       39461.00       198.6479    
   106.0000       38030.00       195.0128    
   107.0000       39500.00       198.7461    
   108.0000       38491.00       196.1912    
   109.0000       40951.00       202.3635    
   110.0000       38559.00       196.3645    
   111.0000       39788.00       199.4693    
   112.0000       41748.00       204.3233    
   113.0000       38714.00       196.7587    
   114.0000       39052.00       197.6158    
   115.0000       38393.00       195.9413    
   116.0000       39003.00       197.4918    
   117.0000       37493.00       193.6311    
   118.0000       35358.00       188.0372    
   119.0000       32914.00       181.4222    
   120.0000       40115.00       200.2873    
   121.0000       37753.00       194.3013    
   122.0000       39550.00       198.8718    
   123.0000       40029.00       200.0725    
   124.0000       38380.00       195.9081    
   125.0000       38813.00       197.0101    
   126.0000       38480.00       196.1632    
   127.0000       38906.00       197.2460    
   128.0000       37218.00       192.9197    
   129.0000       40230.00       200.5742    
   130.0000       37371.00       193.3158    
   131.0000       38147.00       195.3126    
   132.0000       39604.00       199.0075    
   133.0000       37600.00       193.9072    
   134.0000       38124.00       195.2537    
   135.0000       37427.00       193.4606    
   136.0000       38541.00       196.3186    
   137.0000       38470.00       196.1377    
   138.0000       37006.00       192.3694    
   139.0000       38649.00       196.5935    
   140.0000       36577.00       191.2511    
   141.0000       36879.00       192.0391    
   142.0000       37861.00       194.5790    
   143.0000       38357.00       195.8494    
   144.0000       38422.00       196.0153    
   145.0000       38189.00       195.4201    
   146.0000       37337.00       193.2278    
   147.0000       39236.00       198.0808    
   148.0000       37907.00       194.6972    
   149.0000       40185.00       200.4620    
   150.0000       37939.00       194.7794    
   151.0000       38858.00       197.1243    
   152.0000       40505.00       201.2585    
   153.0000       39877.00       199.6923    
   154.0000       39953.00       199.8825    
   155.0000       37699.00       194.1623    
   156.0000       39306.00       198.2574    
   157.0000       38733.00       196.8070    
   158.0000       35604.00       188.6902    
   159.0000       28820.00       169.7645    
   160.0000       39952.00       199.8800    
   161.0000       38998.00       197.4791    
   162.0000       38586.00       196.4332    
   163.0000       39073.00       197.6689    
   164.0000       38868.00       197.1497    
   165.0000       38819.00       197.0254    
   166.0000       38489.00       196.1861    
   167.0000       38499.00       196.2116    
   168.0000       37124.00       192.6759    
   169.0000       39666.00       199.1633    
   170.0000       37927.00       194.7486    
   171.0000       37398.00       193.3856    
   172.0000       38765.00       196.8883    
   173.0000       36484.00       191.0079    
   174.0000       36322.00       190.5833    
   175.0000       37316.00       193.1735    
   176.0000       39182.00       197.9444    
   177.0000       36983.00       192.3096    
   178.0000       35964.00       189.6418    
   179.0000       35271.00       187.8058    
   180.0000       38244.00       195.5607    
   181.0000       37949.00       194.8050    
   182.0000       38739.00       196.8223    
   183.0000       39215.00       198.0278    
   184.0000       39717.00       199.2912    
   185.0000       40511.00       201.2735    
   186.0000       39300.00       198.2423    
   187.0000       39493.00       198.7285    
   188.0000       38257.00       195.5940    
   189.0000       40238.00       200.5941    
   190.0000       36926.00       192.1614    
   191.0000       37560.00       193.8040    
   192.0000       38222.00       195.5045    
   193.0000       37287.00       193.0984    
   194.0000       37796.00       194.4119    
   195.0000       37680.00       194.1134    
   196.0000       37776.00       194.3605    
   197.0000       37496.00       193.6388    
   198.0000       37950.00       194.8076    
   199.0000       38641.00       196.5731    
   200.0000       35923.00       189.5336    
   201.0000       36105.00       190.0132    
   202.0000       37524.00       193.7111    
   203.0000       38298.00       195.6987    
   204.0000       37371.00       193.3158    
   205.0000       37152.00       192.7485    
   206.0000       36734.00       191.6612    
   207.0000       38726.00       196.7892    
   208.0000       36918.00       192.1406    
   209.0000       38562.00       196.3721    
   210.0000       35509.00       188.4383    
   211.0000       36445.00       190.9057    
   212.0000       38870.00       197.1548    
   213.0000       37589.00       193.8788    
   214.0000       37137.00       192.7096    
   215.0000       36490.00       191.0236    
   216.0000       37747.00       194.2859    
   217.0000       37692.00       194.1443    
   218.0000       35550.00       188.5471    
   219.0000       35171.00       187.5393    
   220.0000       38477.00       196.1555    
   221.0000       36374.00       190.7197    
   222.0000       36548.00       191.1753    
   223.0000       36980.00       192.3018    
   224.0000       36263.00       190.4285    
   225.0000       36551.00       191.1832    
   226.0000       36591.00       191.2877    
   227.0000       37566.00       193.8195    
   228.0000       36791.00       191.8098    
   229.0000       38711.00       196.7511    
   230.0000       35079.00       187.2939    
   231.0000       35659.00       188.8359    
   232.0000       37477.00       193.5898    
   233.0000       36501.00       191.0524    
   234.0000       36370.00       190.7092    
   235.0000       36618.00       191.3583    
   236.0000       37766.00       194.3348    
   237.0000       36219.00       190.3129    
   238.0000       35982.00       189.6892    
   239.0000       33585.00       183.2621    
   240.0000       38216.00       195.4891    
   241.0000       36355.00       190.6699    
   242.0000       38452.00       196.0918    
   243.0000       36411.00       190.8167    
   244.0000       36360.00       190.6830    
   245.0000       38121.00       195.2460    
   246.0000       37205.00       192.8860    
   247.0000       37511.00       193.6776    
   248.0000       35866.00       189.3832    
   249.0000       38387.00       195.9260    
   250.0000       36258.00       190.4153    
   251.0000       36408.00       190.8088    
   252.0000       37132.00       192.6967    
   253.0000       36216.00       190.3050    
   254.0000       36645.00       191.4288    
   255.0000       35805.00       189.2221    
   256.0000       36740.00       191.6768    
   257.0000       35724.00       189.0079    
   258.0000       34157.00       184.8161    
   259.0000       32414.00       180.0389    
   260.0000       37412.00       193.4218    
   261.0000       36930.00       192.1718    
   262.0000       36161.00       190.1605    
   263.0000       36614.00       191.3479    
   264.0000       36433.00       190.8743    
   265.0000       36418.00       190.8350    
   266.0000       36358.00       190.6777    
   267.0000       38447.00       196.0791    
   268.0000       36180.00       190.2104    
   269.0000       38423.00       196.0179    
   270.0000       35301.00       187.8856    
   271.0000       35015.00       187.1230    
   272.0000       37105.00       192.6266    
   273.0000       36295.00       190.5125    
   274.0000       35798.00       189.2036    
   275.0000       35669.00       188.8624    
   276.0000       36969.00       192.2732    
   277.0000       35753.00       189.0846    
   278.0000       34625.00       186.0779    
   279.0000       31235.00       176.7343    
   280.0000       36645.00       191.4288    
   281.0000       35957.00       189.6233    
   282.0000       36383.00       190.7433    
   283.0000       36553.00       191.1884    
   284.0000       36414.00       190.8245    
   285.0000       35832.00       189.2934    
   286.0000       36375.00       190.7223    
   287.0000       36751.00       191.7055    
   288.0000       35369.00       188.0665    
   289.0000       37498.00       193.6440    
   290.0000       35180.00       187.5633    
   291.0000       35359.00       188.0399    
   292.0000       36518.00       191.0968    
   293.0000       35518.00       188.4622    
   294.0000       35181.00       187.5660    
   295.0000       35488.00       188.3826    
   296.0000       36269.00       190.4442    
   297.0000       35202.00       187.6220    
   298.0000       34005.00       184.4044    
   299.0000       34824.00       186.6119    
   300.0000       37154.00       192.7537    
   301.0000       35199.00       187.6140    
   302.0000       35751.00       189.0793    
   303.0000       35697.00       188.9365    
   304.0000       35724.00       189.0079    
   305.0000       35873.00       189.4017    
   306.0000       35553.00       188.5550    
   307.0000       35506.00       188.4304    
   308.0000       34461.00       185.6367    
   309.0000       37158.00       192.7641    
   310.0000       34249.00       185.0648    
   311.0000       35645.00       188.7988    
   312.0000       36283.00       190.4810    
   313.0000       34856.00       186.6976    
   314.0000       35335.00       187.9761    
   315.0000       34501.00       185.7444    
   316.0000       35525.00       188.4808    
   317.0000       36564.00       191.2171    
   318.0000       34591.00       185.9866    
   319.0000       33339.00       182.5897    
   320.0000       33068.00       181.8461    
   321.0000       34579.00       185.9543    
   322.0000       35725.00       189.0106    
   323.0000       35593.00       188.6611    
   324.0000       35280.00       187.8297    
   325.0000       35427.00       188.2206    
   326.0000       35283.00       187.8377    
   327.0000       35068.00       187.2645    
   328.0000       34067.00       184.5725    
   329.0000       36353.00       190.6646    
   330.0000       34025.00       184.4587    
   331.0000       34087.00       184.6266    
   332.0000       35224.00       187.6806    
   333.0000       33797.00       183.8396    
   334.0000       34234.00       185.0243    
   335.0000       34172.00       184.8567    
   336.0000       34283.00       185.1567    
   337.0000       34731.00       186.3625    
   338.0000       34472.00       185.6664    
   339.0000       34747.00       186.4055    
   340.0000       36630.00       191.3896    
   341.0000       34757.00       186.4323    
   342.0000       35662.00       188.8439    
   343.0000       36202.00       190.2682    
   344.0000       36620.00       191.3635    
   345.0000       37468.00       193.5665    
   346.0000       36230.00       190.3418    
   347.0000       36495.00       191.0367    
   348.0000       36368.00       190.7040    
   349.0000       38060.00       195.0897    
   350.0000       34907.00       186.8342    
   351.0000       36199.00       190.2603    
   352.0000       37086.00       192.5773    
   353.0000       35920.00       189.5257    
   354.0000       35790.00       189.1824    
   355.0000       36094.00       189.9842    
   356.0000       37648.00       194.0309    
   357.0000       36753.00       191.7107    
   358.0000       36223.00       190.3234    
   359.0000       37748.00       194.2885    
   360.0000       36942.00       192.2030    
   361.0000       35757.00       189.0952    
   362.0000       36345.00       190.6436    
   363.0000       36666.00       191.4837    
   364.0000       36328.00       190.5991    
   365.0000       36581.00       191.2616    
   366.0000       36109.00       190.0237    
   367.0000       37066.00       192.5253    
   368.0000       35966.00       189.6470    
   369.0000       37807.00       194.4402    
   370.0000       34335.00       185.2971    
   371.0000       34604.00       186.0215    
   372.0000       37084.00       192.5721    
   373.0000       35328.00       187.9574    
   374.0000       35234.00       187.7072    
   375.0000       35633.00       188.7671    
   376.0000       35882.00       189.4254    
   377.0000       36261.00       190.4232    
   378.0000       34806.00       186.5637    
   379.0000       33953.00       184.2634    
   380.0000       36161.00       190.1605    
   381.0000       33019.00       181.7113    
   382.0000       34908.00       186.8368    
   383.0000       35922.00       189.5310    
   384.0000       35472.00       188.3401    
   385.0000       35820.00       189.2617    
   386.0000       35598.00       188.6743    
   387.0000       36369.00       190.7066    
   388.0000       34690.00       186.2525    
   389.0000       36730.00       191.6507    
   390.0000       34310.00       185.2296    
   391.0000       35242.00       187.7285    
   392.0000       35719.00       188.9947    
   393.0000       34219.00       184.9838    
   394.0000       35431.00       188.2312    
   395.0000       35365.00       188.0558    
   396.0000       35914.00       189.5099    
   397.0000       35994.00       189.7208    
   398.0000       34668.00       186.1935    
   399.0000       36298.00       190.5203    
   400.0000       35811.00       189.2379    
   401.0000       34744.00       186.3974    
   402.0000       35185.00       187.5766    
   403.0000       35172.00       187.5420    
   404.0000       35581.00       188.6293    
   405.0000       36706.00       191.5881    
   406.0000       35640.00       188.7856    
   407.0000       35222.00       187.6752    
   408.0000       34474.00       185.6718    
   409.0000       35573.00       188.6081    
   410.0000       32657.00       180.7125    
   411.0000       34750.00       186.4135    
   412.0000       35547.00       188.5391    
   413.0000       34724.00       186.3438    
   414.0000       35149.00       187.4807    
   415.0000       34396.00       185.4616    
   416.0000       34944.00       186.9331    
   417.0000       34676.00       186.2149    
   418.0000       32722.00       180.8922    
   419.0000       32199.00       179.4408    
   420.0000       35081.00       187.2992    
   421.0000       34781.00       186.4966    
   422.0000       35847.00       189.3330    
   423.0000       35451.00       188.2844    
   424.0000       34348.00       185.3321    
   425.0000       35730.00       189.0238    
   426.0000       35473.00       188.3428    
   427.0000       35954.00       189.6154    
   428.0000       34987.00       187.0481    
   429.0000       36899.00       192.0911    
   430.0000       33858.00       184.0054    
   431.0000       34447.00       185.5990    
   432.0000       35641.00       188.7882    
   433.0000       34587.00       185.9758    
   434.0000       34754.00       186.4242    
   435.0000       34991.00       187.0588    
   436.0000       34748.00       186.4082    
   437.0000       35174.00       187.5473    
   438.0000       34596.00       186.0000    
   439.0000       33894.00       184.1032    
   440.0000       35698.00       188.9391    
   441.0000       34558.00       185.8978    
   442.0000       34103.00       184.6700    
   443.0000       33895.00       184.1059    
   444.0000       34612.00       186.0430    
   445.0000       34764.00       186.4511    
   446.0000       34444.00       185.5909    
   447.0000       34879.00       186.7592    
   448.0000       34389.00       185.4427    
   449.0000       36111.00       190.0289    
   450.0000       33997.00       184.3828    
   451.0000       34415.00       185.5128    
   452.0000       35325.00       187.9495    
   453.0000       34508.00       185.7633    
   454.0000       34299.00       185.1999    
   455.0000       34315.00       185.2431    
   456.0000       35487.00       188.3799    
   457.0000       34245.00       185.0540    
   458.0000       34263.00       185.1027    
   459.0000       33388.00       182.7238    
   460.0000       39683.00       199.2059    
   461.0000       34597.00       186.0027    
   462.0000       34580.00       185.9570    
   463.0000       35878.00       189.4149    
   464.0000       36067.00       189.9131    
   465.0000       35308.00       187.9042    
   466.0000       34623.00       186.0726    
   467.0000       36005.00       189.7498    
   468.0000       34621.00       186.0672    
   469.0000       36602.00       191.3165    
   470.0000       34767.00       186.4591    
   471.0000       34854.00       186.6923    
   472.0000       34490.00       185.7148    
   473.0000       34320.00       185.2566    
   474.0000       34895.00       186.8020    
   475.0000       34619.00       186.0618    
   476.0000       36270.00       190.4468    
   477.0000       35124.00       187.4140    
   478.0000       34416.00       185.5155    
   479.0000       36411.00       190.8167    
   480.0000       32178.00       179.3823    
   481.0000       35147.00       187.4753    
   482.0000       36030.00       189.8157    
   483.0000       34973.00       187.0107    
   484.0000       34453.00       185.6152    
   485.0000       34695.00       186.2659    
   486.0000       35137.00       187.4487    
   487.0000       35617.00       188.7247    
   488.0000       35070.00       187.2699    
   489.0000       37732.00       194.2473    
   490.0000       34556.00       185.8924    
   491.0000       34352.00       185.3429    
   492.0000       35860.00       189.3674    
   493.0000       35091.00       187.3259    
   494.0000       35712.00       188.9762    
   495.0000       35204.00       187.6273    
   496.0000       36084.00       189.9579    
   497.0000       36303.00       190.5335    
   498.0000       35200.00       187.6166    
   499.0000       35103.00       187.3579    
   500.0000       34631.00       186.0941    
   501.0000       34559.00       185.9005    
   502.0000       34690.00       186.2525    
   503.0000       34419.00       185.5236    
   504.0000       34986.00       187.0455    
   505.0000       36516.00       191.0916    
   506.0000       35798.00       189.2036    
   507.0000       36693.00       191.5542    
   508.0000       34977.00       187.0214    
   509.0000       36717.00       191.6168    
   510.0000       34439.00       185.5775    
   511.0000       35401.00       188.1515    
   512.0000       35964.00       189.6418    
   513.0000       34286.00       185.1648    
   514.0000       35433.00       188.2366    
   515.0000       35733.00       189.0317    
   516.0000       35998.00       189.7314    
   517.0000       36214.00       190.2998    
   518.0000       35407.00       188.1675    
   519.0000       36480.00       190.9974    
   520.0000       37990.00       194.9102    
   521.0000       35078.00       187.2912    
   522.0000       35416.00       188.1914    
   523.0000       36048.00       189.8631    
   524.0000       35242.00       187.7285    
   525.0000       35645.00       188.7988    
   526.0000       35953.00       189.6128    
   527.0000       36673.00       191.5020    
   528.0000       34493.00       185.7229    
   529.0000       37450.00       193.5200    
   530.0000       35021.00       187.1390    
   531.0000       35506.00       188.4304    
   532.0000       36084.00       189.9579    
   533.0000       35189.00       187.5873    
   534.0000       35152.00       187.4887    
   535.0000       34699.00       186.2767    
   536.0000       37843.00       194.5328    
   537.0000       36516.00       191.0916    
   538.0000       34943.00       186.9305    
   539.0000       35637.00       188.7776    
   540.0000       36281.00       190.4757    
   541.0000       34948.00       186.9438    
   542.0000       35868.00       189.3885    
   543.0000       36498.00       191.0445    
   544.0000       35899.00       189.4703    
   545.0000       36320.00       190.5781    
   546.0000       36224.00       190.3260    
   547.0000       36849.00       191.9609    
   548.0000       35729.00       189.0212    
   549.0000       37798.00       194.4171    
   550.0000       35423.00       188.2100    
   551.0000       35414.00       188.1861    
   552.0000       36416.00       190.8298    
   553.0000       35832.00       189.2934    
   554.0000       35943.00       189.5864    
   555.0000       35316.00       187.9255    
   556.0000       36262.00       190.4258    
   557.0000       36276.00       190.4626    
   558.0000       34777.00       186.4859    
   559.0000       33074.00       181.8626    
   560.0000       34733.00       186.3679    
   561.0000       34693.00       186.2606    
   562.0000       34880.00       186.7619    
   563.0000       34672.00       186.2042    
   564.0000       35334.00       187.9734    
   565.0000       36231.00       190.3444    
   566.0000       36056.00       189.8842    
   567.0000       35750.00       189.0767    
   568.0000       34076.00       184.5969    
   569.0000       36338.00       190.6253    
   570.0000       33893.00       184.1005    
   571.0000       33605.00       183.3167    
   572.0000       36215.00       190.3024    
   573.0000       34603.00       186.0188    
   574.0000       34905.00       186.8288    
   575.0000       34252.00       185.0730    
   576.0000       34863.00       186.7164    
   577.0000       34780.00       186.4940    
   578.0000       33322.00       182.5432    
   579.0000       29893.00       172.8959    
   580.0000       33521.00       183.0874    
   581.0000       33850.00       183.9837    
   582.0000       34267.00       185.1135    
   583.0000       34443.00       185.5883    
   584.0000       34906.00       186.8315    
   585.0000       34334.00       185.2944    
   586.0000       33816.00       183.8913    
   587.0000       34535.00       185.8360    
   588.0000       32846.00       181.2346    
   589.0000       35159.00       187.5073    
   590.0000       32296.00       179.7109    
   591.0000       31671.00       177.9635    
   592.0000       33675.00       183.5075    
   593.0000       31164.00       176.5333    
   594.0000       32342.00       179.8388    
   595.0000       32844.00       181.2291    
   596.0000       33370.00       182.6746    
   597.0000       30867.00       175.6901    
   598.0000       31623.00       177.8286    
   599.0000       30599.00       174.9257    
   600.0000       32840.00       181.2181    
   601.0000       31070.00       176.2668    
   602.0000       31081.00       176.2980    
   603.0000       32583.00       180.5076    
   604.0000       31825.00       178.3956    
   605.0000       31706.00       178.0618    
   606.0000       30458.00       174.5222    
   607.0000       31345.00       177.0452    
   608.0000       31262.00       176.8106    
   609.0000       31958.00       178.7680    
   610.0000       30619.00       174.9828    
   611.0000       30815.00       175.5420    
   612.0000       31238.00       176.7428    
   613.0000       30032.00       173.2974    
   614.0000       30012.00       173.2397    
   615.0000       29754.00       172.4935    
   616.0000       29855.00       172.7860    
   617.0000       30521.00       174.7026    
   618.0000       34703.00       186.2874    
   619.0000       35328.00       187.9574    
   620.0000       42658.00       206.5381    
   621.0000       35107.00       187.3686    
   622.0000       36289.00       190.4967    
   623.0000       36487.00       191.0157    
   624.0000       35586.00       188.6425    
   625.0000       36197.00       190.2551    
   626.0000       35572.00       188.6054    
   627.0000       36419.00       190.8376    
   628.0000       34851.00       186.6842    
   629.0000       36288.00       190.4941    
   630.0000       33345.00       182.6061    
   631.0000       33789.00       183.8178    
   632.0000       34848.00       186.6762    
   633.0000       33208.00       182.2306    
   634.0000       33583.00       183.2567    
   635.0000       33277.00       182.4198    
   636.0000       34425.00       185.5397    
   637.0000       34127.00       184.7349    
   638.0000       34066.00       184.5698    
   639.0000       33678.00       183.5157    
