sample v-GeO2 1400K tst                                      23-11-07   200.000K
                                                                                
  XO,DX,Lambda :   0.0000000E+00   1.000000       0.0
  0.0000000E+00   1071.000       32.72614    
   1.000000       140.0000       11.83216    
   2.000000       154.0000       12.40967    
   3.000000       207.0000       14.38750    
   4.000000       299.0000       17.29162    
   5.000000       355.0000       18.84144    
   6.000000       468.0000       21.63331    
   7.000000       529.0000       23.00000    
   8.000000       589.0000       24.26932    
   9.000000       570.0000       23.87467    
   10.00000       521.0000       22.82542    
   11.00000       518.0000       22.75961    
   12.00000       473.0000       21.74856    
   13.00000       408.0000       20.19901    
   14.00000       378.0000       19.44222    
   15.00000       392.0000       19.79899    
   16.00000       435.0000       20.85665    
   17.00000       472.0000       21.72556    
   18.00000       485.0000       22.02271    
   19.00000       1131.000       33.63034    
   20.00000       636.0000       25.21904    
   21.00000       641.0000       25.31798    
   22.00000       691.0000       26.28688    
   23.00000       841.0000       29.00000    
   24.00000       2520.000       50.19960    
   25.00000       4325.000       65.76473    
   26.00000       4752.000       68.93475    
   27.00000       5291.000       72.73926    
   28.00000       5314.000       72.89719    
   29.00000       5426.000       73.66138    
   30.00000       4600.000       67.82330    
   31.00000       4609.000       67.88962    
   32.00000       5306.000       72.84229    
   33.00000       5684.000       75.39231    
   34.00000       5525.000       74.33035    
   35.00000       5442.000       73.76991    
   36.00000       6002.000       77.47257    
   37.00000       6015.000       77.55643    
   38.00000       5598.000       74.81979    
   39.00000       5410.000       73.55270    
   40.00000       6201.000       78.74643    
   41.00000       5828.000       76.34134    
   42.00000       6031.000       77.65952    
   43.00000       6310.000       79.43551    
   44.00000       6431.000       80.19352    
   45.00000       6546.000       80.90736    
   46.00000       6302.000       79.38514    
   47.00000       6450.000       80.31189    
   48.00000       6315.000       79.46697    
   49.00000       6535.000       80.83935    
   50.00000       5882.000       76.69420    
   51.00000       6346.000       79.66178    
   52.00000       6992.000       83.61818    
   53.00000       6887.000       82.98795    
   54.00000       7003.000       83.68393    
   55.00000       7263.000       85.22324    
   56.00000       7190.000       84.79387    
   57.00000       7159.000       84.61087    
   58.00000       7082.000       84.15462    
   59.00000       6280.000       79.24645    
   60.00000       7715.000       87.83508    
   61.00000       7848.000       88.58894    
   62.00000       8229.000       90.71384    
   63.00000       8470.000       92.03260    
   64.00000       8485.000       92.11406    
   65.00000       8445.000       91.89668    
   66.00000       8370.000       91.48770    
   67.00000       8321.000       91.21951    
   68.00000       7965.000       89.24685    
   69.00000       8799.000       93.80299    
   70.00000       7856.000       88.63408    
   71.00000       7993.000       89.40358    
   72.00000       8028.000       89.59911    
   73.00000       7630.000       87.34987    
   74.00000       7822.000       88.44207    
   75.00000       7705.000       87.77813    
   76.00000       7773.000       88.16462    
   77.00000       7583.000       87.08042    
   78.00000       6943.000       83.32467    
   79.00000       6040.000       77.71744    
   80.00000       7504.000       86.62563    
   81.00000       7344.000       85.69714    
   82.00000       7357.000       85.77296    
   83.00000       7263.000       85.22324    
   84.00000       7120.000       84.38009    
   85.00000       7519.000       86.71217    
   86.00000       7057.000       84.00595    
   87.00000       7232.000       85.04117    
   88.00000       7325.000       85.58621    
   89.00000       7591.000       87.12634    
   90.00000       6896.000       83.04216    
   91.00000       7044.000       83.92854    
   92.00000       7106.000       84.29710    
   93.00000       7104.000       84.28523    
   94.00000       7169.000       84.66994    
   95.00000       7138.000       84.48669    
   96.00000       7069.000       84.07735    
   97.00000       7291.000       85.38735    
   98.00000       7101.000       84.26743    
   99.00000       6739.000       82.09142    
   100.0000       6874.000       82.90959    
   101.0000       6976.000       83.52245    
   102.0000       7292.000       85.39321    
   103.0000       7576.000       87.04022    
   104.0000       7500.000       86.60254    
   105.0000       7551.000       86.89649    
   106.0000       7467.000       86.41180    
   107.0000       7770.000       88.14761    
   108.0000       7679.000       87.62991    
   109.0000       8161.000       90.33826    
   110.0000       7469.000       86.42338    
   111.0000       7473.000       86.44652    
   112.0000       7675.000       87.60708    
   113.0000       7075.000       84.11302    
   114.0000       7384.000       85.93021    
   115.0000       7338.000       85.66212    
   116.0000       7519.000       86.71217    
   117.0000       7019.000       83.77947    
   118.0000       6693.000       81.81076    
   119.0000       6106.000       78.14090    
   120.0000       7818.000       88.41946    
   121.0000       7166.000       84.65223    
   122.0000       7512.000       86.67179    
   123.0000       7692.000       87.70405    
   124.0000       7393.000       85.98256    
   125.0000       7397.000       86.00581    
   126.0000       7524.000       86.74100    
   127.0000       7533.000       86.79285    
   128.0000       7182.000       84.74668    
   129.0000       7988.000       89.37561    
   130.0000       7323.000       85.57453    
   131.0000       7535.000       86.80437    
   132.0000       7789.000       88.25531    
   133.0000       7335.000       85.64462    
   134.0000       7620.000       87.29261    
   135.0000       7439.000       86.24964    
   136.0000       7631.000       87.35560    
   137.0000       7592.000       87.13208    
   138.0000       7225.000       85.00000    
   139.0000       7735.000       87.94885    
   140.0000       7458.000       86.35971    
   141.0000       7417.000       86.12201    
   142.0000       7776.000       88.18163    
   143.0000       7832.000       88.49859    
   144.0000       7911.000       88.94380    
   145.0000       8033.000       89.62701    
   146.0000       7904.000       88.90444    
   147.0000       8347.000       91.36192    
   148.0000       8260.000       90.88454    
   149.0000       8634.000       92.91932    
   150.0000       8238.000       90.76343    
   151.0000       8437.000       91.85314    
   152.0000       8597.000       92.72001    
   153.0000       8566.000       92.55269    
   154.0000       8676.000       93.14505    
   155.0000       8369.000       91.48224    
   156.0000       8770.000       93.64828    
   157.0000       9029.000       95.02105    
   158.0000       8242.000       90.78546    
   159.0000       6437.000       80.23092    
   160.0000       9607.000       98.01530    
   161.0000       9003.000       94.88414    
   162.0000       9458.000       97.25225    
   163.0000       9280.000       96.33276    
   164.0000       9487.000       97.40123    
   165.0000       9450.000       97.21111    
   166.0000       9244.000       96.14572    
   167.0000       9591.000       97.93365    
   168.0000       9116.000       95.47775    
   169.0000       9806.000       99.02525    
   170.0000       9152.000       95.66608    
   171.0000       9275.000       96.30680    
   172.0000       9359.000       96.74193    
   173.0000       8840.000       94.02127    
   174.0000       8860.000       94.12757    
   175.0000       9156.000       95.68699    
   176.0000       9425.000       97.08244    
   177.0000       9090.000       95.34149    
   178.0000       8764.000       93.61624    
   179.0000       8618.000       92.83318    
   180.0000       9101.000       95.39916    
   181.0000       8683.000       93.18262    
   182.0000       8660.000       93.05912    
   183.0000       8924.000       94.46693    
   184.0000       8838.000       94.01064    
   185.0000       8732.000       93.44517    
   186.0000       8609.000       92.78470    
   187.0000       8354.000       91.40022    
   188.0000       8202.000       90.56490    
   189.0000       8613.000       92.80625    
   190.0000       7800.000       88.31761    
   191.0000       7839.000       88.53812    
   192.0000       8105.000       90.02777    
   193.0000       7668.000       87.56712    
   194.0000       7665.000       87.54999    
   195.0000       7667.000       87.56141    
   196.0000       7661.000       87.52714    
   197.0000       7645.000       87.43569    
   198.0000       7510.000       86.66026    
   199.0000       7660.000       87.52142    
   200.0000       7072.000       84.09518    
   201.0000       7007.000       83.70782    
   202.0000       7390.000       85.96511    
   203.0000       7443.000       86.27282    
   204.0000       7405.000       86.05231    
   205.0000       7414.000       86.10459    
   206.0000       7352.000       85.74380    
   207.0000       7563.000       86.96551    
   208.0000       7270.000       85.26430    
   209.0000       7575.000       87.03448    
   210.0000       6831.000       82.64986    
   211.0000       6978.000       83.53442    
   212.0000       7529.000       86.76981    
   213.0000       7237.000       85.07056    
   214.0000       7007.000       83.70782    
   215.0000       6950.000       83.36666    
   216.0000       7246.000       85.12344    
   217.0000       7460.000       86.37129    
   218.0000       6865.000       82.85529    
   219.0000       6765.000       82.24962    
   220.0000       7654.000       87.48714    
   221.0000       7174.000       84.69947    
   222.0000       7309.000       85.49269    
   223.0000       7270.000       85.26430    
   224.0000       7175.000       84.70537    
   225.0000       7012.000       83.73769    
   226.0000       7167.000       84.65813    
   227.0000       7396.000       86.00000    
   228.0000       7191.000       84.79977    
   229.0000       7617.000       87.27543    
   230.0000       6973.000       83.50449    
   231.0000       6885.000       82.97590    
   232.0000       7196.000       84.82924    
   233.0000       7247.000       85.12931    
   234.0000       7162.000       84.62860    
   235.0000       7269.000       85.25843    
   236.0000       7361.000       85.79627    
   237.0000       7215.000       84.94115    
   238.0000       7315.000       85.52777    
   239.0000       6645.000       81.51687    
   240.0000       7637.000       87.38993    
   241.0000       7338.000       85.66212    
   242.0000       7642.000       87.41853    
   243.0000       7466.000       86.40602    
   244.0000       7429.000       86.19165    
   245.0000       7753.000       88.05112    
   246.0000       7377.000       85.88947    
   247.0000       7678.000       87.62420    
   248.0000       7507.000       86.64294    
   249.0000       8043.000       89.68278    
   250.0000       7367.000       85.83123    
   251.0000       7696.000       87.72685    
   252.0000       7858.000       88.64536    
   253.0000       7527.000       86.75829    
   254.0000       7639.000       87.40137    
   255.0000       7503.000       86.61986    
   256.0000       7836.000       88.52119    
   257.0000       7517.000       86.70064    
   258.0000       7263.000       85.22324    
   259.0000       6697.000       81.83520    
   260.0000       8034.000       89.63258    
   261.0000       7998.000       89.43154    
   262.0000       7679.000       87.62991    
   263.0000       7817.000       88.41380    
   264.0000       7673.000       87.59566    
   265.0000       7793.000       88.27797    
   266.0000       7993.000       89.40358    
   267.0000       8276.000       90.97253    
   268.0000       7940.000       89.10667    
   269.0000       8465.000       92.00543    
   270.0000       7775.000       88.17596    
   271.0000       7769.000       88.14193    
   272.0000       8201.000       90.55937    
   273.0000       7866.000       88.69048    
   274.0000       7990.000       89.38680    
   275.0000       7808.000       88.36288    
   276.0000       8074.000       89.85544    
   277.0000       7775.000       88.17596    
   278.0000       7633.000       87.36704    
   279.0000       6948.000       83.35467    
   280.0000       8200.000       90.55385    
   281.0000       7979.000       89.32525    
   282.0000       7949.000       89.15717    
   283.0000       7891.000       88.83130    
   284.0000       7984.000       89.35323    
   285.0000       7913.000       88.95505    
   286.0000       7934.000       89.07301    
   287.0000       8292.000       91.06042    
   288.0000       7903.000       88.89882    
   289.0000       8307.000       91.14275    
   290.0000       7760.000       88.09086    
   291.0000       7656.000       87.49857    
   292.0000       7920.000       88.99438    
   293.0000       7876.000       88.74683    
   294.0000       7778.000       88.19297    
   295.0000       7899.000       88.87632    
   296.0000       8031.000       89.61584    
   297.0000       7743.000       87.99432    
   298.0000       7547.000       86.87347    
   299.0000       7539.000       86.82742    
   300.0000       8120.000       90.11105    
   301.0000       7707.000       87.78952    
   302.0000       7782.000       88.21564    
   303.0000       7922.000       89.00562    
   304.0000       7681.000       87.64131    
   305.0000       7746.000       88.01136    
   306.0000       7790.000       88.26098    
   307.0000       7692.000       87.70405    
   308.0000       7458.000       86.35971    
   309.0000       8222.000       90.67525    
   310.0000       7552.000       86.90224    
   311.0000       7796.000       88.29496    
   312.0000       7852.000       88.61151    
   313.0000       7554.000       86.91375    
   314.0000       7451.000       86.31918    
   315.0000       7432.000       86.20905    
   316.0000       7465.000       86.40023    
   317.0000       7625.000       87.32124    
   318.0000       7456.000       86.34813    
   319.0000       6924.000       83.21058    
   320.0000       7055.000       83.99405    
   321.0000       7364.000       85.81375    
   322.0000       7419.000       86.13361    
   323.0000       7596.000       87.15504    
   324.0000       7439.000       86.24964    
   325.0000       7438.000       86.24384    
   326.0000       7265.000       85.23497    
   327.0000       7385.000       85.93602    
   328.0000       6997.000       83.64807    
   329.0000       7807.000       88.35723    
   330.0000       7024.000       83.80931    
   331.0000       7240.000       85.08819    
   332.0000       7360.000       85.79044    
   333.0000       7168.000       84.66404    
   334.0000       7236.000       85.06468    
   335.0000       7117.000       84.36231    
   336.0000       7102.000       84.27336    
   337.0000       7167.000       84.65813    
   338.0000       7120.000       84.38009    
   339.0000       6814.000       82.54696    
   340.0000       7510.000       86.66026    
   341.0000       7326.000       85.59206    
   342.0000       7315.000       85.52777    
   343.0000       7455.000       86.34234    
   344.0000       7579.000       87.05745    
   345.0000       7727.000       87.90336    
   346.0000       7562.000       86.95976    
   347.0000       7591.000       87.12634    
   348.0000       7519.000       86.71217    
   349.0000       7925.000       89.02247    
   350.0000       7196.000       84.82924    
   351.0000       7228.000       85.01765    
   352.0000       7576.000       87.04022    
   353.0000       7452.000       86.32497    
   354.0000       7153.000       84.57541    
   355.0000       7475.000       86.45808    
   356.0000       7657.000       87.50429    
   357.0000       7643.000       87.42426    
   358.0000       7374.000       85.87199    
   359.0000       7793.000       88.27797    
   360.0000       7727.000       87.90336    
   361.0000       7415.000       86.11040    
   362.0000       7458.000       86.35971    
   363.0000       7638.000       87.39565    
   364.0000       7526.000       86.75253    
   365.0000       7624.000       87.31552    
   366.0000       7513.000       86.67757    
   367.0000       7546.000       86.86771    
   368.0000       7331.000       85.62126    
   369.0000       7852.000       88.61151    
   370.0000       7060.000       84.02380    
   371.0000       7128.000       84.42748    
   372.0000       7766.000       88.12491    
   373.0000       7440.000       86.25543    
   374.0000       7371.000       85.85453    
   375.0000       7337.000       85.65629    
   376.0000       7430.000       86.19745    
   377.0000       7440.000       86.25543    
   378.0000       7320.000       85.55700    
   379.0000       6919.000       83.18053    
   380.0000       7669.000       87.57283    
   381.0000       7036.000       83.88087    
   382.0000       7174.000       84.69947    
   383.0000       7470.000       86.42916    
   384.0000       7530.000       86.77557    
   385.0000       7494.000       86.56789    
   386.0000       7451.000       86.31918    
   387.0000       7765.000       88.11924    
   388.0000       7333.000       85.63293    
   389.0000       7739.000       87.97159    
   390.0000       7199.000       84.84692    
   391.0000       7489.000       86.53901    
   392.0000       7587.000       87.10339    
   393.0000       7247.000       85.12931    
   394.0000       7488.000       86.53323    
   395.0000       7682.000       87.64702    
   396.0000       7686.000       87.66984    
   397.0000       7604.000       87.20092    
   398.0000       7489.000       86.53901    
   399.0000       7749.000       88.02840    
   400.0000       7666.000       87.55569    
   401.0000       7673.000       87.59566    
   402.0000       7510.000       86.66026    
   403.0000       7587.000       87.10339    
   404.0000       7578.000       87.05171    
   405.0000       7983.000       89.34763    
   406.0000       7566.000       86.98276    
   407.0000       7730.000       87.92042    
   408.0000       7414.000       86.10459    
   409.0000       7851.000       88.60587    
   410.0000       6859.000       82.81908    
   411.0000       7674.000       87.60137    
   412.0000       7747.000       88.01704    
   413.0000       7448.000       86.30180    
   414.0000       7712.000       87.81799    
   415.0000       7551.000       86.89649    
   416.0000       7615.000       87.26397    
   417.0000       7528.000       86.76405    
   418.0000       7286.000       85.35807    
   419.0000       7014.000       83.74963    
   420.0000       7738.000       87.96590    
   421.0000       7689.000       87.68694    
   422.0000       7869.000       88.70738    
   423.0000       7912.000       88.94942    
   424.0000       7607.000       87.21812    
   425.0000       7723.000       87.88060    
   426.0000       7686.000       87.66984    
   427.0000       7981.000       89.33644    
   428.0000       7689.000       87.68694    
   429.0000       8219.000       90.65870    
   430.0000       7298.000       85.42833    
   431.0000       7284.000       85.34635    
   432.0000       7688.000       87.68124    
   433.0000       7660.000       87.52142    
   434.0000       7589.000       87.11487    
   435.0000       7607.000       87.21812    
   436.0000       7620.000       87.29261    
   437.0000       7924.000       89.01685    
   438.0000       7586.000       87.09765    
   439.0000       7432.000       86.20905    
   440.0000       7874.000       88.73557    
   441.0000       7547.000       86.87347    
   442.0000       7557.000       86.93101    
   443.0000       7412.000       86.09297    
   444.0000       7506.000       86.63718    
   445.0000       7756.000       88.06815    
   446.0000       7667.000       87.56141    
   447.0000       7689.000       87.68694    
   448.0000       7408.000       86.06974    
   449.0000       7883.000       88.78626    
   450.0000       7381.000       85.91275    
   451.0000       7554.000       86.91375    
   452.0000       7665.000       87.54999    
   453.0000       7321.000       85.56284    
   454.0000       7408.000       86.06974    
   455.0000       7374.000       85.87199    
   456.0000       7584.000       87.08617    
   457.0000       7610.000       87.23531    
   458.0000       7472.000       86.44073    
   459.0000       7068.000       84.07140    
   460.0000       8508.000       92.23882    
   461.0000       7445.000       86.28442    
   462.0000       7519.000       86.71217    
   463.0000       7615.000       87.26397    
   464.0000       7623.000       87.30979    
   465.0000       7766.000       88.12491    
   466.0000       7491.000       86.55056    
   467.0000       7663.000       87.53857    
   468.0000       7422.000       86.15103    
   469.0000       8073.000       89.84988    
   470.0000       7510.000       86.66026    
   471.0000       7357.000       85.77296    
   472.0000       7518.000       86.70640    
   473.0000       7484.000       86.51012    
   474.0000       7298.000       85.42833    
   475.0000       7299.000       85.43419    
   476.0000       7827.000       88.47034    
   477.0000       7630.000       87.34987    
   478.0000       7353.000       85.74963    
   479.0000       7615.000       87.26397    
   480.0000       6914.000       83.15047    
   481.0000       7403.000       86.04069    
   482.0000       7613.000       87.25251    
   483.0000       7394.000       85.98837    
   484.0000       7434.000       86.22065    
   485.0000       7466.000       86.40602    
   486.0000       7553.000       86.90800    
   487.0000       7730.000       87.92042    
   488.0000       7231.000       85.03529    
   489.0000       8052.000       89.73294    
   490.0000       7311.000       85.50439    
   491.0000       7285.000       85.35221    
   492.0000       7662.000       87.53285    
   493.0000       7266.000       85.24084    
   494.0000       7306.000       85.47514    
   495.0000       7452.000       86.32497    
   496.0000       7515.000       86.68910    
   497.0000       7633.000       87.36704    
   498.0000       7485.000       86.51589    
   499.0000       7346.000       85.70881    
   500.0000       7304.000       85.46344    
   501.0000       7362.000       85.80210    
   502.0000       7286.000       85.35807    
   503.0000       7188.000       84.78207    
   504.0000       7563.000       86.96551    
   505.0000       7786.000       88.23831    
   506.0000       7435.000       86.22645    
   507.0000       7745.000       88.00568    
   508.0000       7507.000       86.64294    
   509.0000       7710.000       87.80660    
   510.0000       7161.000       84.62269    
   511.0000       7597.000       87.16077    
   512.0000       7510.000       86.66026    
   513.0000       7227.000       85.01176    
   514.0000       7340.000       85.67380    
   515.0000       7547.000       86.87347    
   516.0000       7649.000       87.45856    
   517.0000       7633.000       87.36704    
   518.0000       7474.000       86.45230    
   519.0000       7608.000       87.22385    
   520.0000       8032.000       89.62143    
   521.0000       7143.000       84.51627    
   522.0000       7390.000       85.96511    
   523.0000       7550.000       86.89074    
   524.0000       7359.000       85.78461    
   525.0000       7516.000       86.69487    
   526.0000       7481.000       86.49277    
   527.0000       7729.000       87.91473    
   528.0000       7283.000       85.34049    
   529.0000       7846.000       88.57765    
   530.0000       7444.000       86.27862    
   531.0000       7539.000       86.82742    
   532.0000       7524.000       86.74100    
   533.0000       7571.000       87.01149    
   534.0000       7364.000       85.81375    
   535.0000       7390.000       85.96511    
   536.0000       7736.000       87.95454    
   537.0000       7647.000       87.44713    
   538.0000       7152.000       84.56950    
   539.0000       7458.000       86.35971    
   540.0000       7810.000       88.37421    
   541.0000       7362.000       85.80210    
   542.0000       7577.000       87.04597    
   543.0000       7530.000       86.77557    
   544.0000       7594.000       87.14356    
   545.0000       7694.000       87.71545    
   546.0000       7629.000       87.34415    
   547.0000       7843.000       88.56071    
   548.0000       7439.000       86.24964    
   549.0000       7943.000       89.12351    
   550.0000       7423.000       86.15684    
   551.0000       7656.000       87.49857    
   552.0000       7714.000       87.82938    
   553.0000       7412.000       86.09297    
   554.0000       7535.000       86.80437    
   555.0000       7474.000       86.45230    
   556.0000       7597.000       87.16077    
   557.0000       7758.000       88.07951    
   558.0000       7370.000       85.84870    
   559.0000       6674.000       81.69455    
   560.0000       7311.000       85.50439    
   561.0000       7419.000       86.13361    
   562.0000       7346.000       85.70881    
   563.0000       7429.000       86.19165    
   564.0000       7617.000       87.27543    
   565.0000       7644.000       87.42997    
   566.0000       7657.000       87.50429    
   567.0000       7601.000       87.18372    
   568.0000       7305.000       85.46929    
   569.0000       7835.000       88.51553    
   570.0000       7161.000       84.62269    
   571.0000       7129.000       84.43340    
   572.0000       7570.000       87.00574    
   573.0000       7253.000       85.16454    
   574.0000       7298.000       85.42833    
   575.0000       7335.000       85.64462    
   576.0000       7338.000       85.66212    
   577.0000       7395.000       85.99419    
   578.0000       6994.000       83.63013    
   579.0000       6000.000       77.45966    
   580.0000       7067.000       84.06545    
   581.0000       7366.000       85.82540    
   582.0000       7260.000       85.20564    
   583.0000       7498.000       86.59100    
   584.0000       7669.000       87.57283    
   585.0000       7403.000       86.04069    
   586.0000       7194.000       84.81745    
   587.0000       7601.000       87.18372    
   588.0000       7182.000       84.74668    
   589.0000       7575.000       87.03448    
   590.0000       6884.000       82.96987    
   591.0000       6771.000       82.28609    
   592.0000       7075.000       84.11302    
   593.0000       6691.000       81.79853    
   594.0000       6936.000       83.28265    
   595.0000       7156.000       84.59315    
   596.0000       7011.000       83.73171    
   597.0000       6562.000       81.00617    
   598.0000       6734.000       82.06095    
   599.0000       6315.000       79.46697    
   600.0000       6989.000       83.60024    
   601.0000       6634.000       81.44937    
   602.0000       6567.000       81.03703    
   603.0000       7001.000       83.67198    
   604.0000       6830.000       82.64381    
   605.0000       6814.000       82.54696    
   606.0000       6562.000       81.00617    
   607.0000       6782.000       82.35290    
   608.0000       6822.000       82.59540    
   609.0000       6934.000       83.27065    
   610.0000       6378.000       79.86238    
   611.0000       6598.000       81.22807    
   612.0000       6801.000       82.46818    
   613.0000       6450.000       80.31189    
   614.0000       6311.000       79.44180    
   615.0000       6467.000       80.41766    
   616.0000       6439.000       80.24338    
   617.0000       6572.000       81.06787    
   618.0000       7313.000       85.51608    
   619.0000       7641.000       87.41281    
   620.0000       9171.000       95.76534    
   621.0000       7583.000       87.08042    
   622.0000       7758.000       88.07951    
   623.0000       7693.000       87.70975    
   624.0000       7685.000       87.66413    
   625.0000       7872.000       88.72429    
   626.0000       7743.000       87.99432    
   627.0000       7832.000       88.49859    
   628.0000       7374.000       85.87199    
   629.0000       7975.000       89.30286    
   630.0000       7243.000       85.10582    
   631.0000       7242.000       85.09994    
   632.0000       7667.000       87.56141    
   633.0000       7162.000       84.62860    
   634.0000       7349.000       85.72631    
   635.0000       7424.000       86.16264    
   636.0000       7419.000       86.13361    
   637.0000       7606.000       87.21239    
   638.0000       7577.000       87.04597    
   639.0000       7455.000       86.34234    
