empty can 800K cell                                          16-11-07    37.707K
                                                                                
  XO,DX,Lambda :   0.0000000E+00   1.000000       0.0
  0.0000000E+00   120.0000       10.95445    
   1.000000       21.00000       4.582576    
   2.000000       25.00000       5.000000    
   3.000000       34.00000       5.830952    
   4.000000       45.00000       6.708204    
   5.000000       61.00000       7.810250    
   6.000000       77.00000       8.774964    
   7.000000       72.00000       8.485281    
   8.000000       64.00000       8.000000    
   9.000000       71.00000       8.426149    
   10.00000       64.00000       8.000000    
   11.00000       58.00000       7.615773    
   12.00000       76.00000       8.717798    
   13.00000       59.00000       7.681146    
   14.00000       53.00000       7.280110    
   15.00000       50.00000       7.071068    
   16.00000       64.00000       8.000000    
   17.00000       67.00000       8.185352    
   18.00000       75.00000       8.660254    
   19.00000       138.0000       11.74734    
   20.00000       77.00000       8.774964    
   21.00000       111.0000       10.53565    
   22.00000       113.0000       10.63015    
   23.00000       125.0000       11.18034    
   24.00000       358.0000       18.92089    
   25.00000       657.0000       25.63201    
   26.00000       683.0000       26.13427    
   27.00000       860.0000       29.32576    
   28.00000       808.0000       28.42534    
   29.00000       838.0000       28.94823    
   30.00000       773.0000       27.80288    
   31.00000       705.0000       26.55184    
   32.00000       810.0000       28.46050    
   33.00000       839.0000       28.96550    
   34.00000       834.0000       28.87906    
   35.00000       817.0000       28.58321    
   36.00000       910.0000       30.16621    
   37.00000       899.0000       29.98333    
   38.00000       835.0000       28.89637    
   39.00000       755.0000       27.47726    
   40.00000       853.0000       29.20616    
   41.00000       893.0000       29.88311    
   42.00000       826.0000       28.74022    
   43.00000       897.0000       29.94996    
   44.00000       863.0000       29.37686    
   45.00000       875.0000       29.58040    
   46.00000       872.0000       29.52965    
   47.00000       787.0000       28.05352    
   48.00000       847.0000       29.10326    
   49.00000       866.0000       29.42788    
   50.00000       779.0000       27.91057    
   51.00000       801.0000       28.30194    
   52.00000       890.0000       29.83287    
   53.00000       879.0000       29.64793    
   54.00000       792.0000       28.14249    
   55.00000       833.0000       28.86174    
   56.00000       799.0000       28.26659    
   57.00000       886.0000       29.76575    
   58.00000       798.0000       28.24889    
   59.00000       694.0000       26.34388    
   60.00000       854.0000       29.22328    
   61.00000       865.0000       29.41088    
   62.00000       870.0000       29.49576    
   63.00000       879.0000       29.64793    
   64.00000       910.0000       30.16621    
   65.00000       862.0000       29.35984    
   66.00000       881.0000       29.68164    
   67.00000       904.0000       30.06659    
   68.00000       845.0000       29.06888    
   69.00000       970.0000       31.14482    
   70.00000       890.0000       29.83287    
   71.00000       896.0000       29.93326    
   72.00000       884.0000       29.73214    
   73.00000       880.0000       29.66479    
   74.00000       877.0000       29.61419    
   75.00000       864.0000       29.39388    
   76.00000       981.0000       31.32092    
   77.00000       895.0000       29.91655    
   78.00000       834.0000       28.87906    
   79.00000       741.0000       27.22132    
   80.00000       912.0000       30.19934    
   81.00000       890.0000       29.83287    
   82.00000       925.0000       30.41381    
   83.00000       928.0000       30.46309    
   84.00000       924.0000       30.39737    
   85.00000       942.0000       30.69202    
   86.00000       897.0000       29.94996    
   87.00000       930.0000       30.49590    
   88.00000       928.0000       30.46309    
   89.00000       1009.000       31.76476    
   90.00000       883.0000       29.71532    
   91.00000       898.0000       29.96665    
   92.00000       899.0000       29.98333    
   93.00000       901.0000       30.01666    
   94.00000       900.0000       30.00000    
   95.00000       878.0000       29.63107    
   96.00000       846.0000       29.08608    
   97.00000       855.0000       29.24038    
   98.00000       848.0000       29.12044    
   99.00000       898.0000       29.96665    
   100.0000       846.0000       29.08608    
   101.0000       830.0000       28.80972    
   102.0000       882.0000       29.69848    
   103.0000       875.0000       29.58040    
   104.0000       953.0000       30.87070    
   105.0000       921.0000       30.34798    
   106.0000       897.0000       29.94996    
   107.0000       915.0000       30.24897    
   108.0000       908.0000       30.13304    
   109.0000       991.0000       31.48015    
   110.0000       907.0000       30.11644    
   111.0000       954.0000       30.88689    
   112.0000       922.0000       30.36445    
   113.0000       889.0000       29.81610    
   114.0000       886.0000       29.76575    
   115.0000       922.0000       30.36445    
   116.0000       931.0000       30.51229    
   117.0000       845.0000       29.06888    
   118.0000       805.0000       28.37252    
   119.0000       746.0000       27.31300    
   120.0000       907.0000       30.11644    
   121.0000       881.0000       29.68164    
   122.0000       974.0000       31.20897    
   123.0000       899.0000       29.98333    
   124.0000       911.0000       30.18278    
   125.0000       974.0000       31.20897    
   126.0000       941.0000       30.67572    
   127.0000       922.0000       30.36445    
   128.0000       910.0000       30.16621    
   129.0000       930.0000       30.49590    
   130.0000       811.0000       28.47806    
   131.0000       869.0000       29.47881    
   132.0000       966.0000       31.08054    
   133.0000       868.0000       29.46184    
   134.0000       915.0000       30.24897    
   135.0000       848.0000       29.12044    
   136.0000       943.0000       30.70831    
   137.0000       916.0000       30.26549    
   138.0000       892.0000       29.86637    
   139.0000       909.0000       30.14963    
   140.0000       879.0000       29.64793    
   141.0000       813.0000       28.51315    
   142.0000       913.0000       30.21589    
   143.0000       948.0000       30.78961    
   144.0000       943.0000       30.70831    
   145.0000       946.0000       30.75711    
   146.0000       912.0000       30.19934    
   147.0000       882.0000       29.69848    
   148.0000       904.0000       30.06659    
   149.0000       934.0000       30.56141    
   150.0000       888.0000       29.79933    
   151.0000       966.0000       31.08054    
   152.0000       938.0000       30.62679    
   153.0000       929.0000       30.47950    
   154.0000       916.0000       30.26549    
   155.0000       896.0000       29.93326    
   156.0000       917.0000       30.28201    
   157.0000       954.0000       30.88689    
   158.0000       860.0000       29.32576    
   159.0000       662.0000       25.72936    
   160.0000       938.0000       30.62679    
   161.0000       875.0000       29.58040    
   162.0000       962.0000       31.01612    
   163.0000       884.0000       29.73214    
   164.0000       937.0000       30.61046    
   165.0000       908.0000       30.13304    
   166.0000       936.0000       30.59412    
   167.0000       872.0000       29.52965    
   168.0000       829.0000       28.79236    
   169.0000       938.0000       30.62679    
   170.0000       792.0000       28.14249    
   171.0000       862.0000       29.35984    
   172.0000       943.0000       30.70831    
   173.0000       857.0000       29.27456    
   174.0000       895.0000       29.91655    
   175.0000       847.0000       29.10326    
   176.0000       939.0000       30.64311    
   177.0000       924.0000       30.39737    
   178.0000       846.0000       29.08608    
   179.0000       865.0000       29.41088    
   180.0000       900.0000       30.00000    
   181.0000       884.0000       29.73214    
   182.0000       940.0000       30.65942    
   183.0000       944.0000       30.72458    
   184.0000       926.0000       30.43025    
   185.0000       925.0000       30.41381    
   186.0000       899.0000       29.98333    
   187.0000       985.0000       31.38471    
   188.0000       897.0000       29.94996    
   189.0000       952.0000       30.85450    
   190.0000       894.0000       29.89983    
   191.0000       865.0000       29.41088    
   192.0000       885.0000       29.74895    
   193.0000       858.0000       29.29164    
   194.0000       899.0000       29.98333    
   195.0000       860.0000       29.32576    
   196.0000       904.0000       30.06659    
   197.0000       891.0000       29.84962    
   198.0000       855.0000       29.24038    
   199.0000       929.0000       30.47950    
   200.0000       850.0000       29.15476    
   201.0000       817.0000       28.58321    
   202.0000       862.0000       29.35984    
   203.0000       964.0000       31.04835    
   204.0000       905.0000       30.08322    
   205.0000       853.0000       29.20616    
   206.0000       871.0000       29.51271    
   207.0000       925.0000       30.41381    
   208.0000       885.0000       29.74895    
   209.0000       899.0000       29.98333    
   210.0000       814.0000       28.53069    
   211.0000       882.0000       29.69848    
   212.0000       926.0000       30.43025    
   213.0000       870.0000       29.49576    
   214.0000       831.0000       28.82707    
   215.0000       870.0000       29.49576    
   216.0000       879.0000       29.64793    
   217.0000       833.0000       28.86174    
   218.0000       811.0000       28.47806    
   219.0000       872.0000       29.52965    
   220.0000       862.0000       29.35984    
   221.0000       793.0000       28.16026    
   222.0000       868.0000       29.46184    
   223.0000       903.0000       30.04996    
   224.0000       857.0000       29.27456    
   225.0000       864.0000       29.39388    
   226.0000       880.0000       29.66479    
   227.0000       852.0000       29.18904    
   228.0000       853.0000       29.20616    
   229.0000       872.0000       29.52965    
   230.0000       840.0000       28.98275    
   231.0000       867.0000       29.44486    
   232.0000       914.0000       30.23243    
   233.0000       902.0000       30.03332    
   234.0000       871.0000       29.51271    
   235.0000       886.0000       29.76575    
   236.0000       889.0000       29.81610    
   237.0000       825.0000       28.72281    
   238.0000       896.0000       29.93326    
   239.0000       774.0000       27.82086    
   240.0000       954.0000       30.88689    
   241.0000       807.0000       28.40775    
   242.0000       920.0000       30.33150    
   243.0000       883.0000       29.71532    
   244.0000       791.0000       28.12472    
   245.0000       964.0000       31.04835    
   246.0000       860.0000       29.32576    
   247.0000       915.0000       30.24897    
   248.0000       918.0000       30.29852    
   249.0000       837.0000       28.93095    
   250.0000       831.0000       28.82707    
   251.0000       846.0000       29.08608    
   252.0000       917.0000       30.28201    
   253.0000       839.0000       28.96550    
   254.0000       904.0000       30.06659    
   255.0000       887.0000       29.78255    
   256.0000       896.0000       29.93326    
   257.0000       803.0000       28.33726    
   258.0000       806.0000       28.39014    
   259.0000       811.0000       28.47806    
   260.0000       863.0000       29.37686    
   261.0000       914.0000       30.23243    
   262.0000       877.0000       29.61419    
   263.0000       843.0000       29.03446    
   264.0000       879.0000       29.64793    
   265.0000       879.0000       29.64793    
   266.0000       871.0000       29.51271    
   267.0000       909.0000       30.14963    
   268.0000       851.0000       29.17190    
   269.0000       893.0000       29.88311    
   270.0000       818.0000       28.60070    
   271.0000       812.0000       28.49561    
   272.0000       919.0000       30.31501    
   273.0000       859.0000       29.30870    
   274.0000       823.0000       28.68798    
   275.0000       797.0000       28.23119    
   276.0000       852.0000       29.18904    
   277.0000       797.0000       28.23119    
   278.0000       855.0000       29.24038    
   279.0000       637.0000       25.23886    
   280.0000       889.0000       29.81610    
   281.0000       834.0000       28.87906    
   282.0000       832.0000       28.84441    
   283.0000       892.0000       29.86637    
   284.0000       875.0000       29.58040    
   285.0000       800.0000       28.28427    
   286.0000       859.0000       29.30870    
   287.0000       842.0000       29.01724    
   288.0000       823.0000       28.68798    
   289.0000       886.0000       29.76575    
   290.0000       841.0000       29.00000    
   291.0000       799.0000       28.26659    
   292.0000       889.0000       29.81610    
   293.0000       804.0000       28.35489    
   294.0000       836.0000       28.91366    
   295.0000       871.0000       29.51271    
   296.0000       866.0000       29.42788    
   297.0000       792.0000       28.14249    
   298.0000       813.0000       28.51315    
   299.0000       821.0000       28.65310    
   300.0000       864.0000       29.39388    
   301.0000       825.0000       28.72281    
   302.0000       779.0000       27.91057    
   303.0000       794.0000       28.17801    
   304.0000       845.0000       29.06888    
   305.0000       768.0000       27.71281    
   306.0000       835.0000       28.89637    
   307.0000       806.0000       28.39014    
   308.0000       828.0000       28.77499    
   309.0000       841.0000       29.00000    
   310.0000       787.0000       28.05352    
   311.0000       846.0000       29.08608    
   312.0000       875.0000       29.58040    
   313.0000       818.0000       28.60070    
   314.0000       867.0000       29.44486    
   315.0000       803.0000       28.33726    
   316.0000       856.0000       29.25748    
   317.0000       832.0000       28.84441    
   318.0000       832.0000       28.84441    
   319.0000       745.0000       27.29469    
   320.0000       763.0000       27.62245    
   321.0000       864.0000       29.39388    
   322.0000       876.0000       29.59730    
   323.0000       801.0000       28.30194    
   324.0000       848.0000       29.12044    
   325.0000       779.0000       27.91057    
   326.0000       815.0000       28.54820    
   327.0000       835.0000       28.89637    
   328.0000       801.0000       28.30194    
   329.0000       797.0000       28.23119    
   330.0000       799.0000       28.26659    
   331.0000       801.0000       28.30194    
   332.0000       841.0000       29.00000    
   333.0000       814.0000       28.53069    
   334.0000       830.0000       28.80972    
   335.0000       796.0000       28.21347    
   336.0000       787.0000       28.05352    
   337.0000       856.0000       29.25748    
   338.0000       827.0000       28.75761    
   339.0000       788.0000       28.07134    
   340.0000       858.0000       29.29164    
   341.0000       807.0000       28.40775    
   342.0000       870.0000       29.49576    
   343.0000       816.0000       28.56571    
   344.0000       865.0000       29.41088    
   345.0000       924.0000       30.39737    
   346.0000       854.0000       29.22328    
   347.0000       882.0000       29.69848    
   348.0000       863.0000       29.37686    
   349.0000       958.0000       30.95157    
   350.0000       803.0000       28.33726    
   351.0000       889.0000       29.81610    
   352.0000       872.0000       29.52965    
   353.0000       793.0000       28.16026    
   354.0000       871.0000       29.51271    
   355.0000       856.0000       29.25748    
   356.0000       866.0000       29.42788    
   357.0000       806.0000       28.39014    
   358.0000       863.0000       29.37686    
   359.0000       863.0000       29.37686    
   360.0000       856.0000       29.25748    
   361.0000       852.0000       29.18904    
   362.0000       861.0000       29.34280    
   363.0000       889.0000       29.81610    
   364.0000       866.0000       29.42788    
   365.0000       883.0000       29.71532    
   366.0000       836.0000       28.91366    
   367.0000       935.0000       30.57777    
   368.0000       787.0000       28.05352    
   369.0000       887.0000       29.78255    
   370.0000       825.0000       28.72281    
   371.0000       850.0000       29.15476    
   372.0000       872.0000       29.52965    
   373.0000       865.0000       29.41088    
   374.0000       839.0000       28.96550    
   375.0000       840.0000       28.98275    
   376.0000       870.0000       29.49576    
   377.0000       867.0000       29.44486    
   378.0000       830.0000       28.80972    
   379.0000       773.0000       27.80288    
   380.0000       883.0000       29.71532    
   381.0000       740.0000       27.20294    
   382.0000       871.0000       29.51271    
   383.0000       867.0000       29.44486    
   384.0000       850.0000       29.15476    
   385.0000       853.0000       29.20616    
   386.0000       846.0000       29.08608    
   387.0000       884.0000       29.73214    
   388.0000       829.0000       28.79236    
   389.0000       891.0000       29.84962    
   390.0000       812.0000       28.49561    
   391.0000       833.0000       28.86174    
   392.0000       827.0000       28.75761    
   393.0000       822.0000       28.67054    
   394.0000       846.0000       29.08608    
   395.0000       867.0000       29.44486    
   396.0000       845.0000       29.06888    
   397.0000       862.0000       29.35984    
   398.0000       851.0000       29.17190    
   399.0000       909.0000       30.14963    
   400.0000       902.0000       30.03332    
   401.0000       864.0000       29.39388    
   402.0000       852.0000       29.18904    
   403.0000       854.0000       29.22328    
   404.0000       907.0000       30.11644    
   405.0000       877.0000       29.61419    
   406.0000       783.0000       27.98214    
   407.0000       805.0000       28.37252    
   408.0000       825.0000       28.72281    
   409.0000       837.0000       28.93095    
   410.0000       796.0000       28.21347    
   411.0000       801.0000       28.30194    
   412.0000       842.0000       29.01724    
   413.0000       788.0000       28.07134    
   414.0000       803.0000       28.33726    
   415.0000       840.0000       28.98275    
   416.0000       888.0000       29.79933    
   417.0000       820.0000       28.63564    
   418.0000       759.0000       27.54996    
   419.0000       785.0000       28.01785    
   420.0000       792.0000       28.14249    
   421.0000       841.0000       29.00000    
   422.0000       781.0000       27.94638    
   423.0000       799.0000       28.26659    
   424.0000       828.0000       28.77499    
   425.0000       849.0000       29.13760    
   426.0000       888.0000       29.79933    
   427.0000       844.0000       29.05168    
   428.0000       818.0000       28.60070    
   429.0000       794.0000       28.17801    
   430.0000       797.0000       28.23119    
   431.0000       830.0000       28.80972    
   432.0000       823.0000       28.68798    
   433.0000       785.0000       28.01785    
   434.0000       872.0000       29.52965    
   435.0000       820.0000       28.63564    
   436.0000       829.0000       28.79236    
   437.0000       804.0000       28.35489    
   438.0000       774.0000       27.82086    
   439.0000       791.0000       28.12472    
   440.0000       867.0000       29.44486    
   441.0000       869.0000       29.47881    
   442.0000       869.0000       29.47881    
   443.0000       770.0000       27.74887    
   444.0000       815.0000       28.54820    
   445.0000       819.0000       28.61818    
   446.0000       868.0000       29.46184    
   447.0000       766.0000       27.67670    
   448.0000       799.0000       28.26659    
   449.0000       846.0000       29.08608    
   450.0000       837.0000       28.93095    
   451.0000       862.0000       29.35984    
   452.0000       812.0000       28.49561    
   453.0000       780.0000       27.92848    
   454.0000       837.0000       28.93095    
   455.0000       856.0000       29.25748    
   456.0000       829.0000       28.79236    
   457.0000       816.0000       28.56571    
   458.0000       780.0000       27.92848    
   459.0000       730.0000       27.01851    
   460.0000       920.0000       30.33150    
   461.0000       771.0000       27.76689    
   462.0000       769.0000       27.73085    
   463.0000       811.0000       28.47806    
   464.0000       834.0000       28.87906    
   465.0000       808.0000       28.42534    
   466.0000       841.0000       29.00000    
   467.0000       844.0000       29.05168    
   468.0000       863.0000       29.37686    
   469.0000       916.0000       30.26549    
   470.0000       828.0000       28.77499    
   471.0000       806.0000       28.39014    
   472.0000       773.0000       27.80288    
   473.0000       786.0000       28.03569    
   474.0000       810.0000       28.46050    
   475.0000       808.0000       28.42534    
   476.0000       835.0000       28.89637    
   477.0000       805.0000       28.37252    
   478.0000       828.0000       28.77499    
   479.0000       864.0000       29.39388    
   480.0000       791.0000       28.12472    
   481.0000       857.0000       29.27456    
   482.0000       829.0000       28.79236    
   483.0000       877.0000       29.61419    
   484.0000       845.0000       29.06888    
   485.0000       836.0000       28.91366    
   486.0000       861.0000       29.34280    
   487.0000       885.0000       29.74895    
   488.0000       849.0000       29.13760    
   489.0000       861.0000       29.34280    
   490.0000       832.0000       28.84441    
   491.0000       771.0000       27.76689    
   492.0000       884.0000       29.73214    
   493.0000       832.0000       28.84441    
   494.0000       795.0000       28.19574    
   495.0000       778.0000       27.89265    
   496.0000       814.0000       28.53069    
   497.0000       861.0000       29.34280    
   498.0000       856.0000       29.25748    
   499.0000       794.0000       28.17801    
   500.0000       828.0000       28.77499    
   501.0000       871.0000       29.51271    
   502.0000       846.0000       29.08608    
   503.0000       811.0000       28.47806    
   504.0000       871.0000       29.51271    
   505.0000       806.0000       28.39014    
   506.0000       878.0000       29.63107    
   507.0000       852.0000       29.18904    
   508.0000       860.0000       29.32576    
   509.0000       868.0000       29.46184    
   510.0000       813.0000       28.51315    
   511.0000       830.0000       28.80972    
   512.0000       854.0000       29.22328    
   513.0000       788.0000       28.07134    
   514.0000       895.0000       29.91655    
   515.0000       819.0000       28.61818    
   516.0000       833.0000       28.86174    
   517.0000       849.0000       29.13760    
   518.0000       904.0000       30.06659    
   519.0000       861.0000       29.34280    
   520.0000       872.0000       29.52965    
   521.0000       811.0000       28.47806    
   522.0000       844.0000       29.05168    
   523.0000       811.0000       28.47806    
   524.0000       787.0000       28.05352    
   525.0000       809.0000       28.44292    
   526.0000       778.0000       27.89265    
   527.0000       832.0000       28.84441    
   528.0000       815.0000       28.54820    
   529.0000       895.0000       29.91655    
   530.0000       793.0000       28.16026    
   531.0000       839.0000       28.96550    
   532.0000       862.0000       29.35984    
   533.0000       853.0000       29.20616    
   534.0000       871.0000       29.51271    
   535.0000       843.0000       29.03446    
   536.0000       894.0000       29.89983    
   537.0000       826.0000       28.74022    
   538.0000       782.0000       27.96426    
   539.0000       871.0000       29.51271    
   540.0000       854.0000       29.22328    
   541.0000       817.0000       28.58321    
   542.0000       826.0000       28.74022    
   543.0000       889.0000       29.81610    
   544.0000       857.0000       29.27456    
   545.0000       849.0000       29.13760    
   546.0000       848.0000       29.12044    
   547.0000       908.0000       30.13304    
   548.0000       838.0000       28.94823    
   549.0000       828.0000       28.77499    
   550.0000       815.0000       28.54820    
   551.0000       914.0000       30.23243    
   552.0000       817.0000       28.58321    
   553.0000       820.0000       28.63564    
   554.0000       821.0000       28.65310    
   555.0000       845.0000       29.06888    
   556.0000       854.0000       29.22328    
   557.0000       824.0000       28.70540    
   558.0000       802.0000       28.31960    
   559.0000       810.0000       28.46050    
   560.0000       858.0000       29.29164    
   561.0000       794.0000       28.17801    
   562.0000       839.0000       28.96550    
   563.0000       822.0000       28.67054    
   564.0000       809.0000       28.44292    
   565.0000       829.0000       28.79236    
   566.0000       869.0000       29.47881    
   567.0000       925.0000       30.41381    
   568.0000       763.0000       27.62245    
   569.0000       847.0000       29.10326    
   570.0000       792.0000       28.14249    
   571.0000       800.0000       28.28427    
   572.0000       906.0000       30.09983    
   573.0000       808.0000       28.42534    
   574.0000       855.0000       29.24038    
   575.0000       812.0000       28.49561    
   576.0000       815.0000       28.54820    
   577.0000       800.0000       28.28427    
   578.0000       828.0000       28.77499    
   579.0000       731.0000       27.03701    
   580.0000       805.0000       28.37252    
   581.0000       791.0000       28.12472    
   582.0000       775.0000       27.83882    
   583.0000       782.0000       27.96426    
   584.0000       879.0000       29.64793    
   585.0000       769.0000       27.73085    
   586.0000       791.0000       28.12472    
   587.0000       769.0000       27.73085    
   588.0000       761.0000       27.58623    
   589.0000       799.0000       28.26659    
   590.0000       758.0000       27.53180    
   591.0000       753.0000       27.44085    
   592.0000       786.0000       28.03569    
   593.0000       713.0000       26.70206    
   594.0000       766.0000       27.67670    
   595.0000       795.0000       28.19574    
   596.0000       747.0000       27.33130    
   597.0000       714.0000       26.72078    
   598.0000       737.0000       27.14774    
   599.0000       710.0000       26.64582    
   600.0000       743.0000       27.25803    
   601.0000       727.0000       26.96294    
   602.0000       695.0000       26.36285    
   603.0000       774.0000       27.82086    
   604.0000       757.0000       27.51363    
   605.0000       772.0000       27.78489    
   606.0000       754.0000       27.45906    
   607.0000       759.0000       27.54996    
   608.0000       747.0000       27.33130    
   609.0000       793.0000       28.16026    
   610.0000       675.0000       25.98076    
   611.0000       712.0000       26.68333    
   612.0000       733.0000       27.07397    
   613.0000       715.0000       26.73948    
   614.0000       667.0000       25.82634    
   615.0000       706.0000       26.57066    
   616.0000       736.0000       27.12932    
   617.0000       692.0000       26.30589    
   618.0000       872.0000       29.52965    
   619.0000       851.0000       29.17190    
   620.0000       973.0000       31.19295    
   621.0000       831.0000       28.82707    
   622.0000       887.0000       29.78255    
   623.0000       871.0000       29.51271    
   624.0000       833.0000       28.86174    
   625.0000       886.0000       29.76575    
   626.0000       837.0000       28.93095    
   627.0000       894.0000       29.89983    
   628.0000       798.0000       28.24889    
   629.0000       848.0000       29.12044    
   630.0000       775.0000       27.83882    
   631.0000       806.0000       28.39014    
   632.0000       779.0000       27.91057    
   633.0000       751.0000       27.40438    
   634.0000       869.0000       29.47881    
   635.0000       789.0000       28.08914    
   636.0000       833.0000       28.86174    
   637.0000       850.0000       29.15476    
   638.0000       829.0000       28.79236    
   639.0000       790.0000       28.10694    
