sample v-GeO2 1100K tst                                      23-11-07    50.000K
                                                                                
  XO,DX,Lambda :   0.0000000E+00   1.000000       0.0
  0.0000000E+00   312.0000       17.66352    
   1.000000       25.00000       5.000000    
   2.000000       39.00000       6.244998    
   3.000000       50.00000       7.071068    
   4.000000       68.00000       8.246211    
   5.000000       83.00000       9.110434    
   6.000000       117.0000       10.81665    
   7.000000       152.0000       12.32883    
   8.000000       133.0000       11.53256    
   9.000000       159.0000       12.60952    
   10.00000       152.0000       12.32883    
   11.00000       124.0000       11.13553    
   12.00000       145.0000       12.04159    
   13.00000       100.0000       10.00000    
   14.00000       91.00000       9.539392    
   15.00000       95.00000       9.746795    
   16.00000       120.0000       10.95445    
   17.00000       124.0000       11.13553    
   18.00000       134.0000       11.57584    
   19.00000       331.0000       18.19341    
   20.00000       149.0000       12.20656    
   21.00000       154.0000       12.40967    
   22.00000       164.0000       12.80625    
   23.00000       196.0000       14.00000    
   24.00000       622.0000       24.93993    
   25.00000       1116.000       33.40659    
   26.00000       1158.000       34.02940    
   27.00000       1283.000       35.81899    
   28.00000       1295.000       35.98611    
   29.00000       1283.000       35.81899    
   30.00000       1100.000       33.16625    
   31.00000       1111.000       33.33167    
   32.00000       1285.000       35.84690    
   33.00000       1340.000       36.60601    
   34.00000       1270.000       35.63706    
   35.00000       1254.000       35.41186    
   36.00000       1353.000       36.78315    
   37.00000       1352.000       36.76955    
   38.00000       1266.000       35.58089    
   39.00000       1183.000       34.39477    
   40.00000       1373.000       37.05402    
   41.00000       1384.000       37.20215    
   42.00000       1328.000       36.44173    
   43.00000       1357.000       36.83748    
   44.00000       1446.000       38.02631    
   45.00000       1402.000       37.44329    
   46.00000       1396.000       37.36308    
   47.00000       1412.000       37.57659    
   48.00000       1351.000       36.75595    
   49.00000       1463.000       38.24918    
   50.00000       1233.000       35.11410    
   51.00000       1378.000       37.12142    
   52.00000       1424.000       37.73592    
   53.00000       1388.000       37.25587    
   54.00000       1482.000       38.49675    
   55.00000       1472.000       38.36665    
   56.00000       1409.000       37.53665    
   57.00000       1445.000       38.01316    
   58.00000       1406.000       37.49667    
   59.00000       1295.000       35.98611    
   60.00000       1883.000       43.39355    
   61.00000       2328.000       48.24935    
   62.00000       2363.000       48.61070    
   63.00000       1754.000       41.88078    
   64.00000       1597.000       39.96248    
   65.00000       1618.000       40.22437    
   66.00000       1640.000       40.49691    
   67.00000       1635.000       40.43513    
   68.00000       1631.000       40.38564    
   69.00000       1792.000       42.33202    
   70.00000       1654.000       40.66940    
   71.00000       1743.000       41.74925    
   72.00000       2371.000       48.69292    
   73.00000       4348.000       65.93937    
   74.00000       6141.000       78.36453    
   75.00000       4085.000       63.91401    
   76.00000       2325.000       48.21825    
   77.00000       1733.000       41.62932    
   78.00000       1524.000       39.03844    
   79.00000       1342.000       36.63332    
   80.00000       1579.000       39.73663    
   81.00000       1551.000       39.38274    
   82.00000       1618.000       40.22437    
   83.00000       1591.000       39.88734    
   84.00000       1586.000       39.82462    
   85.00000       1564.000       39.54744    
   86.00000       1525.000       39.05125    
   87.00000       1546.000       39.31921    
   88.00000       1586.000       39.82462    
   89.00000       1670.000       40.86563    
   90.00000       1542.000       39.26831    
   91.00000       1556.000       39.44617    
   92.00000       1654.000       40.66940    
   93.00000       1615.000       40.18706    
   94.00000       1732.000       41.61731    
   95.00000       1918.000       43.79498    
   96.00000       2338.000       48.35287    
   97.00000       2546.000       50.45790    
   98.00000       2088.000       45.69464    
   99.00000       1765.000       42.01190    
   100.0000       1918.000       43.79498    
   101.0000       2357.000       48.54894    
   102.0000       2484.000       49.83974    
   103.0000       2522.000       50.21952    
   104.0000       2223.000       47.14870    
   105.0000       2064.000       45.43127    
   106.0000       1980.000       44.49719    
   107.0000       1827.000       42.74342    
   108.0000       1952.000       44.18144    
   109.0000       2273.000       47.67599    
   110.0000       2076.000       45.56314    
   111.0000       2014.000       44.87761    
   112.0000       1797.000       42.39104    
   113.0000       1730.000       41.59327    
   114.0000       1712.000       41.37632    
   115.0000       1744.000       41.76123    
   116.0000       1790.000       42.30839    
   117.0000       1721.000       41.48494    
   118.0000       1668.000       40.84116    
   119.0000       1433.000       37.85499    
   120.0000       1727.000       41.55719    
   121.0000       1648.000       40.59557    
   122.0000       1732.000       41.61731    
   123.0000       2119.000       46.03260    
   124.0000       2205.000       46.95743    
   125.0000       2275.000       47.69696    
   126.0000       2216.000       47.07441    
   127.0000       2042.000       45.18850    
   128.0000       1743.000       41.74925    
   129.0000       1779.000       42.17819    
   130.0000       1699.000       41.21893    
   131.0000       1700.000       41.23106    
   132.0000       2040.000       45.16636    
   133.0000       2017.000       44.91102    
   134.0000       2288.000       47.83304    
   135.0000       2186.000       46.75468    
   136.0000       2220.000       47.11687    
   137.0000       2112.000       45.95650    
   138.0000       1833.000       42.81355    
   139.0000       1853.000       43.04649    
   140.0000       1717.000       41.43670    
   141.0000       1716.000       41.42463    
   142.0000       1860.000       43.12772    
   143.0000       2053.000       45.31004    
   144.0000       2162.000       46.49731    
   145.0000       2316.000       48.12484    
   146.0000       2396.000       48.94895    
   147.0000       2431.000       49.30517    
   148.0000       2343.000       48.40454    
   149.0000       2315.000       48.11445    
   150.0000       1943.000       44.07948    
   151.0000       1957.000       44.23799    
   152.0000       2114.000       45.97826    
   153.0000       2041.000       45.17743    
   154.0000       2047.000       45.24379    
   155.0000       1949.000       44.14748    
   156.0000       2077.000       45.57412    
   157.0000       2176.000       46.64761    
   158.0000       2114.000       45.97826    
   159.0000       1921.000       43.82921    
   160.0000       2992.000       54.69918    
   161.0000       3038.000       55.11805    
   162.0000       3168.000       56.28499    
   163.0000       3194.000       56.51548    
   164.0000       3030.000       55.04544    
   165.0000       2681.000       51.77837    
   166.0000       2579.000       50.78386    
   167.0000       2554.000       50.53711    
   168.0000       2380.000       48.78524    
   169.0000       2708.000       52.03845    
   170.0000       2544.000       50.43808    
   171.0000       2520.000       50.19960    
   172.0000       2617.000       51.15662    
   173.0000       2296.000       47.91660    
   174.0000       2271.000       47.65501    
   175.0000       2280.000       47.74934    
   176.0000       2304.000       48.00000    
   177.0000       2185.000       46.74398    
   178.0000       2154.000       46.41121    
   179.0000       2183.000       46.72258    
   180.0000       2370.000       48.68264    
   181.0000       2321.000       48.17676    
   182.0000       2374.000       48.72371    
   183.0000       2550.000       50.49752    
   184.0000       2586.000       50.85273    
   185.0000       2652.000       51.49757    
   186.0000       2625.000       51.23475    
   187.0000       2540.000       50.39841    
   188.0000       2348.000       48.45617    
   189.0000       2385.000       48.83646    
   190.0000       2133.000       46.18441    
   191.0000       2078.000       45.58509    
   192.0000       2157.000       46.44352    
   193.0000       1979.000       44.48595    
   194.0000       1835.000       42.83690    
   195.0000       2018.000       44.92215    
   196.0000       1853.000       43.04649    
   197.0000       1825.000       42.72002    
   198.0000       1830.000       42.77850    
   199.0000       1930.000       43.93177    
   200.0000       1767.000       42.03570    
   201.0000       1834.000       42.82523    
   202.0000       1837.000       42.86024    
   203.0000       1934.000       43.97727    
   204.0000       1926.000       43.88622    
   205.0000       1964.000       44.31704    
   206.0000       2010.000       44.83302    
   207.0000       2074.000       45.54119    
   208.0000       1980.000       44.49719    
   209.0000       2013.000       44.86647    
   210.0000       1789.000       42.29657    
   211.0000       1918.000       43.79498    
   212.0000       2062.000       45.40925    
   213.0000       1904.000       43.63485    
   214.0000       1876.000       43.31282    
   215.0000       1837.000       42.86024    
   216.0000       1978.000       44.47471    
   217.0000       1889.000       43.46263    
   218.0000       1837.000       42.86024    
   219.0000       1795.000       42.36744    
   220.0000       2082.000       45.62894    
   221.0000       1908.000       43.68066    
   222.0000       1974.000       44.42972    
   223.0000       2003.000       44.75489    
   224.0000       2002.000       44.74371    
   225.0000       1966.000       44.33960    
   226.0000       1935.000       43.98864    
   227.0000       1975.000       44.44097    
   228.0000       1908.000       43.68066    
   229.0000       2068.000       45.47527    
   230.0000       1824.000       42.70831    
   231.0000       1830.000       42.77850    
   232.0000       1932.000       43.95452    
   233.0000       1959.000       44.26059    
   234.0000       1935.000       43.98864    
   235.0000       1881.000       43.37050    
   236.0000       1873.000       43.27817    
   237.0000       1920.000       43.81781    
   238.0000       1838.000       42.87190    
   239.0000       1774.000       42.11888    
   240.0000       1977.000       44.46347    
   241.0000       2034.000       45.09989    
   242.0000       2098.000       45.80393    
   243.0000       1985.000       44.55334    
   244.0000       1973.000       44.41846    
   245.0000       2023.000       44.97777    
   246.0000       2016.000       44.89989    
   247.0000       1925.000       43.87482    
   248.0000       1910.000       43.70355    
   249.0000       2102.000       45.84757    
   250.0000       1846.000       42.96510    
   251.0000       1919.000       43.80639    
   252.0000       1967.000       44.35087    
   253.0000       2025.000       45.00000    
   254.0000       2089.000       45.70558    
   255.0000       1877.000       43.32436    
   256.0000       1969.000       44.37342    
   257.0000       1998.000       44.69899    
   258.0000       1826.000       42.73172    
   259.0000       1742.000       41.73727    
   260.0000       2091.000       45.72746    
   261.0000       2029.000       45.04442    
   262.0000       2039.000       45.15529    
   263.0000       2054.000       45.32108    
   264.0000       2131.000       46.16275    
   265.0000       2100.000       45.82576    
   266.0000       2152.000       46.38965    
   267.0000       2163.000       46.50806    
   268.0000       2228.000       47.20169    
   269.0000       2312.000       48.08326    
   270.0000       2069.000       45.48626    
   271.0000       2109.000       45.92385    
   272.0000       2249.000       47.42362    
   273.0000       2180.000       46.69047    
   274.0000       2227.000       47.19110    
   275.0000       2136.000       46.21688    
   276.0000       2251.000       47.44471    
   277.0000       2189.000       46.78675    
   278.0000       2095.000       45.77117    
   279.0000       1872.000       43.26662    
   280.0000       2119.000       46.03260    
   281.0000       2076.000       45.56314    
   282.0000       2199.000       46.89350    
   283.0000       2200.000       46.90416    
   284.0000       2091.000       45.72746    
   285.0000       2113.000       45.96738    
   286.0000       2072.000       45.51923    
   287.0000       2190.000       46.79744    
   288.0000       2155.000       46.42198    
   289.0000       2177.000       46.65833    
   290.0000       2025.000       45.00000    
   291.0000       2098.000       45.80393    
   292.0000       2075.000       45.55217    
   293.0000       2086.000       45.67275    
   294.0000       2181.000       46.70118    
   295.0000       2093.000       45.74932    
   296.0000       2067.000       45.46427    
   297.0000       1990.000       44.60942    
   298.0000       2002.000       44.74371    
   299.0000       2008.000       44.81071    
   300.0000       2145.000       46.31414    
   301.0000       2024.000       44.98889    
   302.0000       1973.000       44.41846    
   303.0000       2049.000       45.26588    
   304.0000       2038.000       45.14421    
   305.0000       2079.000       45.59605    
   306.0000       2093.000       45.74932    
   307.0000       2035.000       45.11097    
   308.0000       2037.000       45.13314    
   309.0000       2188.000       46.77606    
   310.0000       1932.000       43.95452    
   311.0000       2076.000       45.56314    
   312.0000       2125.000       46.09772    
   313.0000       2057.000       45.35416    
   314.0000       2083.000       45.63990    
   315.0000       1968.000       44.36214    
   316.0000       1999.000       44.71018    
   317.0000       2022.000       44.96666    
   318.0000       2005.000       44.77723    
   319.0000       1922.000       43.84062    
   320.0000       1872.000       43.26662    
   321.0000       2038.000       45.14421    
   322.0000       2051.000       45.28797    
   323.0000       2028.000       45.03332    
   324.0000       1978.000       44.47471    
   325.0000       2024.000       44.98889    
   326.0000       1992.000       44.63183    
   327.0000       1939.000       44.03408    
   328.0000       1917.000       43.78356    
   329.0000       2062.000       45.40925    
   330.0000       1890.000       43.47413    
   331.0000       1889.000       43.46263    
   332.0000       1996.000       44.67662    
   333.0000       1870.000       43.24350    
   334.0000       1888.000       43.45112    
   335.0000       2035.000       45.11097    
   336.0000       1966.000       44.33960    
   337.0000       1969.000       44.37342    
   338.0000       1950.000       44.15881    
   339.0000       1904.000       43.63485    
   340.0000       2046.000       45.23273    
   341.0000       1892.000       43.49713    
   342.0000       2042.000       45.18850    
   343.0000       1969.000       44.37342    
   344.0000       2037.000       45.13314    
   345.0000       2087.000       45.68370    
   346.0000       1994.000       44.65423    
   347.0000       1934.000       43.97727    
   348.0000       2022.000       44.96666    
   349.0000       2166.000       46.54031    
   350.0000       1943.000       44.07948    
   351.0000       1906.000       43.65776    
   352.0000       2036.000       45.12206    
   353.0000       1948.000       44.13615    
   354.0000       1972.000       44.40721    
   355.0000       1940.000       44.04543    
   356.0000       1993.000       44.64303    
   357.0000       1943.000       44.07948    
   358.0000       2048.000       45.25483    
   359.0000       2023.000       44.97777    
   360.0000       1903.000       43.62339    
   361.0000       2000.000       44.72136    
   362.0000       1990.000       44.60942    
   363.0000       1984.000       44.54211    
   364.0000       2003.000       44.75489    
   365.0000       2018.000       44.92215    
   366.0000       1892.000       43.49713    
   367.0000       2080.000       45.60702    
   368.0000       1987.000       44.57578    
   369.0000       2112.000       45.95650    
   370.0000       1873.000       43.27817    
   371.0000       1947.000       44.12482    
   372.0000       2075.000       45.55217    
   373.0000       2011.000       44.84417    
   374.0000       1951.000       44.17012    
   375.0000       2072.000       45.51923    
   376.0000       2073.000       45.53021    
   377.0000       2052.000       45.29901    
   378.0000       1987.000       44.57578    
   379.0000       1884.000       43.40507    
   380.0000       2011.000       44.84417    
   381.0000       1821.000       42.67318    
   382.0000       1959.000       44.26059    
   383.0000       2008.000       44.81071    
   384.0000       2006.000       44.78839    
   385.0000       2012.000       44.85532    
   386.0000       1994.000       44.65423    
   387.0000       2025.000       45.00000    
   388.0000       1965.000       44.32832    
   389.0000       2055.000       45.33211    
   390.0000       1939.000       44.03408    
   391.0000       2039.000       45.15529    
   392.0000       1999.000       44.71018    
   393.0000       1939.000       44.03408    
   394.0000       2109.000       45.92385    
   395.0000       2056.000       45.34314    
   396.0000       2037.000       45.13314    
   397.0000       2081.000       45.61798    
   398.0000       2023.000       44.97777    
   399.0000       2067.000       45.46427    
   400.0000       2079.000       45.59605    
   401.0000       2031.000       45.06662    
   402.0000       2005.000       44.77723    
   403.0000       2052.000       45.29901    
   404.0000       2051.000       45.28797    
   405.0000       2163.000       46.50806    
   406.0000       2120.000       46.04346    
   407.0000       2118.000       46.02173    
   408.0000       2028.000       45.03332    
   409.0000       2007.000       44.79955    
   410.0000       1938.000       44.02272    
   411.0000       2038.000       45.14421    
   412.0000       2117.000       46.01087    
   413.0000       2018.000       44.92215    
   414.0000       2065.000       45.44227    
   415.0000       1964.000       44.31704    
   416.0000       1998.000       44.69899    
   417.0000       2078.000       45.58509    
   418.0000       1978.000       44.47471    
   419.0000       1914.000       43.74929    
   420.0000       2078.000       45.58509    
   421.0000       2042.000       45.18850    
   422.0000       2080.000       45.60702    
   423.0000       2168.000       46.56179    
   424.0000       2079.000       45.59605    
   425.0000       2081.000       45.61798    
   426.0000       2104.000       45.86938    
   427.0000       2157.000       46.44352    
   428.0000       2063.000       45.42026    
   429.0000       2225.000       47.16991    
   430.0000       1928.000       43.90900    
   431.0000       2062.000       45.40925    
   432.0000       2157.000       46.44352    
   433.0000       1952.000       44.18144    
   434.0000       2086.000       45.67275    
   435.0000       2064.000       45.43127    
   436.0000       2006.000       44.78839    
   437.0000       2094.000       45.76025    
   438.0000       2038.000       45.14421    
   439.0000       2028.000       45.03332    
   440.0000       2154.000       46.41121    
   441.0000       2112.000       45.95650    
   442.0000       2199.000       46.89350    
   443.0000       2020.000       44.94441    
   444.0000       2101.000       45.83667    
   445.0000       2162.000       46.49731    
   446.0000       1976.000       44.45222    
   447.0000       2045.000       45.22168    
   448.0000       1992.000       44.63183    
   449.0000       2105.000       45.88028    
   450.0000       2018.000       44.92215    
   451.0000       2051.000       45.28797    
   452.0000       2123.000       46.07602    
   453.0000       2043.000       45.19956    
   454.0000       1949.000       44.14748    
   455.0000       2019.000       44.93328    
   456.0000       2085.000       45.66180    
   457.0000       2015.000       44.88875    
   458.0000       2023.000       44.97777    
   459.0000       1908.000       43.68066    
   460.0000       2430.000       49.29503    
   461.0000       1986.000       44.56456    
   462.0000       1941.000       44.05678    
   463.0000       2036.000       45.12206    
   464.0000       2017.000       44.91102    
   465.0000       2066.000       45.45327    
   466.0000       2018.000       44.92215    
   467.0000       2067.000       45.46427    
   468.0000       2026.000       45.01111    
   469.0000       2155.000       46.42198    
   470.0000       1893.000       43.50862    
   471.0000       2016.000       44.89989    
   472.0000       2043.000       45.19956    
   473.0000       1967.000       44.35087    
   474.0000       1976.000       44.45222    
   475.0000       2014.000       44.87761    
   476.0000       2101.000       45.83667    
   477.0000       2069.000       45.48626    
   478.0000       2013.000       44.86647    
   479.0000       2056.000       45.34314    
   480.0000       1836.000       42.84857    
   481.0000       1990.000       44.60942    
   482.0000       2029.000       45.04442    
   483.0000       2066.000       45.45327    
   484.0000       1962.000       44.29447    
   485.0000       1945.000       44.10215    
   486.0000       2063.000       45.42026    
   487.0000       2030.000       45.05552    
   488.0000       1961.000       44.28318    
   489.0000       2071.000       45.50824    
   490.0000       1875.000       43.30127    
   491.0000       1946.000       44.11349    
   492.0000       1996.000       44.67662    
   493.0000       1957.000       44.23799    
   494.0000       1970.000       44.38468    
   495.0000       1997.000       44.68781    
   496.0000       2038.000       45.14421    
   497.0000       2030.000       45.05552    
   498.0000       2006.000       44.78839    
   499.0000       1975.000       44.44097    
   500.0000       1944.000       44.09082    
   501.0000       1933.000       43.96590    
   502.0000       1995.000       44.66542    
   503.0000       1914.000       43.74929    
   504.0000       2019.000       44.93328    
   505.0000       1988.000       44.58699    
   506.0000       2005.000       44.77723    
   507.0000       2074.000       45.54119    
   508.0000       1897.000       43.55456    
   509.0000       2054.000       45.32108    
   510.0000       1890.000       43.47413    
   511.0000       1984.000       44.54211    
   512.0000       2073.000       45.53021    
   513.0000       1971.000       44.39595    
   514.0000       1958.000       44.24929    
   515.0000       1966.000       44.33960    
   516.0000       2014.000       44.87761    
   517.0000       2134.000       46.19524    
   518.0000       2046.000       45.23273    
   519.0000       2030.000       45.05552    
   520.0000       2193.000       46.82948    
   521.0000       1945.000       44.10215    
   522.0000       1970.000       44.38468    
   523.0000       1944.000       44.09082    
   524.0000       1980.000       44.49719    
   525.0000       1955.000       44.21538    
   526.0000       1917.000       43.78356    
   527.0000       2049.000       45.26588    
   528.0000       1856.000       43.08132    
   529.0000       2085.000       45.66180    
   530.0000       1985.000       44.55334    
   531.0000       2040.000       45.16636    
   532.0000       2045.000       45.22168    
   533.0000       1969.000       44.37342    
   534.0000       2000.000       44.72136    
   535.0000       1900.000       43.58899    
   536.0000       2058.000       45.36518    
   537.0000       2084.000       45.65085    
   538.0000       1997.000       44.68781    
   539.0000       1992.000       44.63183    
   540.0000       1992.000       44.63183    
   541.0000       1904.000       43.63485    
   542.0000       2055.000       45.33211    
   543.0000       2021.000       44.95553    
   544.0000       2026.000       45.01111    
   545.0000       2119.000       46.03260    
   546.0000       2035.000       45.11097    
   547.0000       2051.000       45.28797    
   548.0000       1996.000       44.67662    
   549.0000       2160.000       46.47580    
   550.0000       2044.000       45.21062    
   551.0000       2051.000       45.28797    
   552.0000       2048.000       45.25483    
   553.0000       2046.000       45.23273    
   554.0000       2056.000       45.34314    
   555.0000       2015.000       44.88875    
   556.0000       2112.000       45.95650    
   557.0000       2077.000       45.57412    
   558.0000       2072.000       45.51923    
   559.0000       1828.000       42.75512    
   560.0000       1932.000       43.95452    
   561.0000       1932.000       43.95452    
   562.0000       1947.000       44.12482    
   563.0000       2055.000       45.33211    
   564.0000       2027.000       45.02222    
   565.0000       2022.000       44.96666    
   566.0000       2007.000       44.79955    
   567.0000       1930.000       43.93177    
   568.0000       1957.000       44.23799    
   569.0000       2126.000       46.10857    
   570.0000       1827.000       42.74342    
   571.0000       1943.000       44.07948    
   572.0000       2016.000       44.89989    
   573.0000       1995.000       44.66542    
   574.0000       2054.000       45.32108    
   575.0000       1987.000       44.57578    
   576.0000       1983.000       44.53089    
   577.0000       1979.000       44.48595    
   578.0000       1845.000       42.95346    
   579.0000       1584.000       39.79950    
   580.0000       1849.000       43.00000    
   581.0000       1928.000       43.90900    
   582.0000       1925.000       43.87482    
   583.0000       1929.000       43.92038    
   584.0000       1968.000       44.36214    
   585.0000       1979.000       44.48595    
   586.0000       1937.000       44.01136    
   587.0000       1975.000       44.44097    
   588.0000       1856.000       43.08132    
   589.0000       2038.000       45.14421    
   590.0000       1830.000       42.77850    
   591.0000       1884.000       43.40507    
   592.0000       1987.000       44.57578    
   593.0000       1780.000       42.19004    
   594.0000       1829.000       42.76681    
   595.0000       1916.000       43.77214    
   596.0000       1912.000       43.72642    
   597.0000       1704.000       41.27953    
   598.0000       1816.000       42.61455    
   599.0000       1716.000       41.42463    
   600.0000       1895.000       43.53160    
   601.0000       1707.000       41.31586    
   602.0000       1852.000       43.03487    
   603.0000       1874.000       43.28972    
   604.0000       1881.000       43.37050    
   605.0000       1782.000       42.21374    
   606.0000       1748.000       41.80909    
   607.0000       1920.000       43.81781    
   608.0000       1799.000       42.41462    
   609.0000       1866.000       43.19722    
   610.0000       1717.000       41.43670    
   611.0000       1768.000       42.04759    
   612.0000       1842.000       42.91853    
   613.0000       1740.000       41.71331    
   614.0000       1739.000       41.70132    
   615.0000       1725.000       41.53312    
   616.0000       1774.000       42.11888    
   617.0000       1791.000       42.32021    
   618.0000       1998.000       44.69899    
   619.0000       2048.000       45.25483    
   620.0000       2455.000       49.54796    
   621.0000       2029.000       45.04442    
   622.0000       2126.000       46.10857    
   623.0000       2106.000       45.89117    
   624.0000       1961.000       44.28318    
   625.0000       2102.000       45.84757    
   626.0000       1980.000       44.49719    
   627.0000       2091.000       45.72746    
   628.0000       2036.000       45.12206    
   629.0000       2115.000       45.98913    
   630.0000       1903.000       43.62339    
   631.0000       1945.000       44.10215    
   632.0000       2128.000       46.13025    
   633.0000       1940.000       44.04543    
   634.0000       1958.000       44.24929    
   635.0000       1979.000       44.48595    
   636.0000       1991.000       44.62062    
   637.0000       2105.000       45.88028    
   638.0000       1989.000       44.59821    
   639.0000       2030.000       45.05552    
