sample v-GeO2 850K babana displaced by -0.8°                 21-11-07    69.693K
                                                                                
  XO,DX,Lambda :   0.0000000E+00   1.000000       0.0
  0.0000000E+00   413.0000       20.32240    
   1.000000       46.00000       6.782330    
   2.000000       59.00000       7.681146    
   3.000000       66.00000       8.124039    
   4.000000       97.00000       9.848858    
   5.000000       131.0000       11.44552    
   6.000000       169.0000       13.00000    
   7.000000       194.0000       13.92839    
   8.000000       248.0000       15.74802    
   9.000000       330.0000       18.16590    
   10.00000       276.0000       16.61325    
   11.00000       262.0000       16.18641    
   12.00000       277.0000       16.64332    
   13.00000       279.0000       16.70329    
   14.00000       263.0000       16.21728    
   15.00000       273.0000       16.52271    
   16.00000       252.0000       15.87451    
   17.00000       204.0000       14.28286    
   18.00000       211.0000       14.52584    
   19.00000       436.0000       20.88061    
   20.00000       178.0000       13.34166    
   21.00000       172.0000       13.11488    
   22.00000       209.0000       14.45683    
   23.00000       226.0000       15.03330    
   24.00000       247.0000       15.71623    
   25.00000       277.0000       16.64332    
   26.00000       307.0000       17.52142    
   27.00000       340.0000       18.43909    
   28.00000       834.0000       28.87906    
   29.00000       1356.000       36.82391    
   30.00000       1402.000       37.44329    
   31.00000       1512.000       38.88445    
   32.00000       1768.000       42.04759    
   33.00000       1983.000       44.53089    
   34.00000       1943.000       44.07948    
   35.00000       1852.000       43.03487    
   36.00000       2042.000       45.18850    
   37.00000       2131.000       46.16275    
   38.00000       1838.000       42.87190    
   39.00000       1839.000       42.88356    
   40.00000       2084.000       45.65085    
   41.00000       2059.000       45.37621    
   42.00000       2096.000       45.78209    
   43.00000       2062.000       45.40925    
   44.00000       2102.000       45.84757    
   45.00000       2170.000       46.58326    
   46.00000       2110.000       45.93474    
   47.00000       2117.000       46.01087    
   48.00000       2001.000       44.73254    
   49.00000       2229.000       47.21229    
   50.00000       1977.000       44.46347    
   51.00000       2049.000       45.26588    
   52.00000       2262.000       47.56049    
   53.00000       2274.000       47.68648    
   54.00000       2311.000       48.07286    
   55.00000       2275.000       47.69696    
   56.00000       2362.000       48.60041    
   57.00000       2422.000       49.21382    
   58.00000       2367.000       48.65182    
   59.00000       2087.000       45.68370    
   60.00000       2617.000       51.15662    
   61.00000       2710.000       52.05766    
   62.00000       2878.000       53.64700    
   63.00000       3099.000       55.66866    
   64.00000       3063.000       55.34438    
   65.00000       3135.000       55.99107    
   66.00000       3137.000       56.00893    
   67.00000       3229.000       56.82429    
   68.00000       3259.000       57.08765    
   69.00000       3664.000       60.53098    
   70.00000       3326.000       57.67148    
   71.00000       3158.000       56.19609    
   72.00000       3166.000       56.26722    
   73.00000       3109.000       55.75841    
   74.00000       3213.000       56.68333    
   75.00000       3130.000       55.94640    
   76.00000       2920.000       54.03703    
   77.00000       2975.000       54.54356    
   78.00000       2727.000       52.22068    
   79.00000       2471.000       49.70915    
   80.00000       2736.000       52.30679    
   81.00000       2862.000       53.49767    
   82.00000       2792.000       52.83938    
   83.00000       2785.000       52.77310    
   84.00000       2791.000       52.82991    
   85.00000       2651.000       51.48786    
   86.00000       2728.000       52.23026    
   87.00000       2695.000       51.91339    
   88.00000       2646.000       51.43929    
   89.00000       2793.000       52.84884    
   90.00000       2473.000       49.72927    
   91.00000       2579.000       50.78386    
   92.00000       2711.000       52.06726    
   93.00000       2634.000       51.32251    
   94.00000       2673.000       51.70107    
   95.00000       2646.000       51.43929    
   96.00000       2556.000       50.55690    
   97.00000       2694.000       51.90376    
   98.00000       2530.000       50.29911    
   99.00000       2428.000       49.27474    
   100.0000       2514.000       50.13980    
   101.0000       2541.000       50.40833    
   102.0000       2635.000       51.33225    
   103.0000       2720.000       52.15362    
   104.0000       2710.000       52.05766    
   105.0000       2801.000       52.92447    
   106.0000       2679.000       51.75906    
   107.0000       2810.000       53.00943    
   108.0000       2696.000       51.92302    
   109.0000       2846.000       53.34792    
   110.0000       2658.000       51.55579    
   111.0000       2649.000       51.46844    
   112.0000       2807.000       52.98113    
   113.0000       2633.000       51.31277    
   114.0000       2788.000       52.80151    
   115.0000       2800.000       52.91503    
   116.0000       2803.000       52.94337    
   117.0000       2678.000       51.74940    
   118.0000       2551.000       50.50742    
   119.0000       2212.000       47.03190    
   120.0000       2863.000       53.50701    
   121.0000       2590.000       50.89204    
   122.0000       2705.000       52.00961    
   123.0000       2752.000       52.45951    
   124.0000       2654.000       51.51699    
   125.0000       2705.000       52.00961    
   126.0000       2711.000       52.06726    
   127.0000       2691.000       51.87485    
   128.0000       2563.000       50.62608    
   129.0000       2845.000       53.33854    
   130.0000       2617.000       51.15662    
   131.0000       2633.000       51.31277    
   132.0000       2760.000       52.53570    
   133.0000       2650.000       51.47815    
   134.0000       2726.000       52.21111    
   135.0000       2611.000       51.09795    
   136.0000       2610.000       51.08816    
   137.0000       2681.000       51.77837    
   138.0000       2685.000       51.81699    
   139.0000       2723.000       52.18237    
   140.0000       2716.000       52.11526    
   141.0000       2680.000       51.76871    
   142.0000       2704.000       52.00000    
   143.0000       2831.000       53.20714    
   144.0000       2904.000       53.88877    
   145.0000       2954.000       54.35071    
   146.0000       2798.000       52.89613    
   147.0000       2983.000       54.61685    
   148.0000       2945.000       54.26785    
   149.0000       3145.000       56.08030    
   150.0000       2903.000       53.87949    
   151.0000       2955.000       54.35991    
   152.0000       3063.000       55.34438    
   153.0000       3062.000       55.33534    
   154.0000       3237.000       56.89464    
   155.0000       2980.000       54.58937    
   156.0000       3186.000       56.44466    
   157.0000       3294.000       57.39338    
   158.0000       3092.000       55.60575    
   159.0000       2401.000       49.00000    
   160.0000       3390.000       58.22371    
   161.0000       3443.000       58.67708    
   162.0000       3402.000       58.32667    
   163.0000       3533.000       59.43904    
   164.0000       3507.000       59.21993    
   165.0000       3385.000       58.18075    
   166.0000       3492.000       59.09315    
   167.0000       3692.000       60.76183    
   168.0000       3691.000       60.75360    
   169.0000       4101.000       64.03905    
   170.0000       3858.000       62.11280    
   171.0000       3733.000       61.09828    
   172.0000       3957.000       62.90469    
   173.0000       3804.000       61.67657    
   174.0000       3607.000       60.05830    
   175.0000       3830.000       61.88699    
   176.0000       4105.000       64.07027    
   177.0000       3861.000       62.13694    
   178.0000       3669.000       60.57227    
   179.0000       3573.000       59.77458    
   180.0000       3521.000       59.33802    
   181.0000       3344.000       57.82733    
   182.0000       3474.000       58.94065    
   183.0000       3365.000       58.00862    
   184.0000       3465.000       58.86425    
   185.0000       3415.000       58.43800    
   186.0000       3352.000       57.89646    
   187.0000       3358.000       57.94825    
   188.0000       3281.000       57.28001    
   189.0000       3527.000       59.38855    
   190.0000       3320.000       57.61944    
   191.0000       3078.000       55.47972    
   192.0000       3123.000       55.88381    
   193.0000       2980.000       54.58937    
   194.0000       3008.000       54.84524    
   195.0000       3064.000       55.35341    
   196.0000       2868.000       53.55371    
   197.0000       2890.000       53.75872    
   198.0000       2761.000       52.54522    
   199.0000       2941.000       54.23099    
   200.0000       2681.000       51.77837    
   201.0000       2764.000       52.57376    
   202.0000       2798.000       52.89613    
   203.0000       2758.000       52.51666    
   204.0000       2862.000       53.49767    
   205.0000       2716.000       52.11526    
   206.0000       2838.000       53.27288    
   207.0000       2763.000       52.56425    
   208.0000       2617.000       51.15662    
   209.0000       2767.000       52.60228    
   210.0000       2397.000       48.95917    
   211.0000       2558.000       50.57668    
   212.0000       2824.000       53.14132    
   213.0000       2587.000       50.86256    
   214.0000       2619.000       51.17617    
   215.0000       2537.000       50.36864    
   216.0000       2645.000       51.42956    
   217.0000       2797.000       52.88667    
   218.0000       2516.000       50.15974    
   219.0000       2424.000       49.23413    
   220.0000       2846.000       53.34792    
   221.0000       2565.000       50.64583    
   222.0000       2659.000       51.56549    
   223.0000       2589.000       50.88222    
   224.0000       2622.000       51.20547    
   225.0000       2611.000       51.09795    
   226.0000       2673.000       51.70107    
   227.0000       2851.000       53.39476    
   228.0000       2720.000       52.15362    
   229.0000       2768.000       52.61179    
   230.0000       2618.000       51.16640    
   231.0000       2525.000       50.24938    
   232.0000       2702.000       51.98077    
   233.0000       2642.000       51.40039    
   234.0000       2655.000       51.52669    
   235.0000       2671.000       51.68172    
   236.0000       2662.000       51.59457    
   237.0000       2535.000       50.34879    
   238.0000       2508.000       50.07994    
   239.0000       2322.000       48.18713    
   240.0000       2878.000       53.64700    
   241.0000       2693.000       51.89412    
   242.0000       2869.000       53.56305    
   243.0000       2781.000       52.73519    
   244.0000       2672.000       51.69139    
   245.0000       2863.000       53.50701    
   246.0000       2723.000       52.18237    
   247.0000       2776.000       52.68776    
   248.0000       2651.000       51.48786    
   249.0000       2920.000       54.03703    
   250.0000       2587.000       50.86256    
   251.0000       2672.000       51.69139    
   252.0000       2863.000       53.50701    
   253.0000       2719.000       52.14403    
   254.0000       2778.000       52.70674    
   255.0000       2752.000       52.45951    
   256.0000       2828.000       53.17894    
   257.0000       2751.000       52.44998    
   258.0000       2608.000       51.06858    
   259.0000       2378.000       48.76474    
   260.0000       3014.000       54.89991    
   261.0000       2863.000       53.50701    
   262.0000       2756.000       52.49762    
   263.0000       2845.000       53.33854    
   264.0000       2833.000       53.22593    
   265.0000       2885.000       53.71220    
   266.0000       3020.000       54.95452    
   267.0000       3140.000       56.03570    
   268.0000       2952.000       54.33231    
   269.0000       3145.000       56.08030    
   270.0000       2817.000       53.07542    
   271.0000       2978.000       54.57106    
   272.0000       3077.000       55.47071    
   273.0000       2904.000       53.88877    
   274.0000       3004.000       54.80876    
   275.0000       2912.000       53.96295    
   276.0000       3090.000       55.58777    
   277.0000       2972.000       54.51605    
   278.0000       2754.000       52.47857    
   279.0000       2380.000       48.78524    
   280.0000       2977.000       54.56189    
   281.0000       2976.000       54.55273    
   282.0000       3005.000       54.81788    
   283.0000       3028.000       55.02727    
   284.0000       3001.000       54.78138    
   285.0000       2995.000       54.72659    
   286.0000       2980.000       54.58937    
   287.0000       3024.000       54.99091    
   288.0000       2951.000       54.32311    
   289.0000       3112.000       55.78530    
   290.0000       2900.000       53.85165    
   291.0000       2992.000       54.69918    
   292.0000       2979.000       54.58022    
   293.0000       2933.000       54.15718    
   294.0000       2767.000       52.60228    
   295.0000       2989.000       54.67175    
   296.0000       2979.000       54.58022    
   297.0000       2969.000       54.48853    
   298.0000       2923.000       54.06478    
   299.0000       2784.000       52.76362    
   300.0000       3116.000       55.82114    
   301.0000       3015.000       54.90902    
   302.0000       2996.000       54.73573    
   303.0000       2919.000       54.02777    
   304.0000       2908.000       53.92588    
   305.0000       2921.000       54.04628    
   306.0000       3029.000       55.03635    
   307.0000       2901.000       53.86093    
   308.0000       2894.000       53.79591    
   309.0000       3084.000       55.53378    
   310.0000       2858.000       53.46027    
   311.0000       2882.000       53.68426    
   312.0000       2943.000       54.24942    
   313.0000       2871.000       53.58171    
   314.0000       2855.000       53.43220    
   315.0000       2846.000       53.34792    
   316.0000       2799.000       52.90557    
   317.0000       2971.000       54.50688    
   318.0000       2691.000       51.87485    
   319.0000       2527.000       50.26928    
   320.0000       2648.000       51.45872    
   321.0000       2765.000       52.58327    
   322.0000       2917.000       54.00926    
   323.0000       2840.000       53.29165    
   324.0000       2831.000       53.20714    
   325.0000       2779.000       52.71622    
   326.0000       2891.000       53.76802    
   327.0000       2920.000       54.03703    
   328.0000       2667.000       51.64301    
   329.0000       2940.000       54.22177    
   330.0000       2610.000       51.08816    
   331.0000       2701.000       51.97115    
   332.0000       2763.000       52.56425    
   333.0000       2709.000       52.04805    
   334.0000       2645.000       51.42956    
   335.0000       2695.000       51.91339    
   336.0000       2681.000       51.77837    
   337.0000       2666.000       51.63332    
   338.0000       2676.000       51.73007    
   339.0000       2583.000       50.82322    
   340.0000       2865.000       53.52570    
   341.0000       2702.000       51.98077    
   342.0000       2808.000       52.99057    
   343.0000       2783.000       52.75415    
   344.0000       2933.000       54.15718    
   345.0000       2853.000       53.41348    
   346.0000       2873.000       53.60037    
   347.0000       2895.000       53.80520    
   348.0000       2852.000       53.40412    
   349.0000       2879.000       53.65631    
   350.0000       2668.000       51.65269    
   351.0000       2818.000       53.08484    
   352.0000       2802.000       52.93392    
   353.0000       2737.000       52.31635    
   354.0000       2656.000       51.53640    
   355.0000       2642.000       51.40039    
   356.0000       2788.000       52.80151    
   357.0000       2756.000       52.49762    
   358.0000       2689.000       51.85557    
   359.0000       2789.000       52.81099    
   360.0000       2844.000       53.32917    
   361.0000       2691.000       51.87485    
   362.0000       2782.000       52.74467    
   363.0000       2827.000       53.16954    
   364.0000       2739.000       52.33546    
   365.0000       2825.000       53.15073    
   366.0000       2784.000       52.76362    
   367.0000       2851.000       53.39476    
   368.0000       2718.000       52.13444    
   369.0000       2791.000       52.82991    
   370.0000       2659.000       51.56549    
   371.0000       2617.000       51.15662    
   372.0000       2897.000       53.82379    
   373.0000       2670.000       51.67204    
   374.0000       2693.000       51.89412    
   375.0000       2760.000       52.53570    
   376.0000       2779.000       52.71622    
   377.0000       2836.000       53.25411    
   378.0000       2600.000       50.99020    
   379.0000       2459.000       49.58831    
   380.0000       2777.000       52.69725    
   381.0000       2553.000       50.52722    
   382.0000       2754.000       52.47857    
   383.0000       2844.000       53.32917    
   384.0000       2811.000       53.01886    
   385.0000       2766.000       52.59277    
   386.0000       2851.000       53.39476    
   387.0000       2742.000       52.36411    
   388.0000       2694.000       51.90376    
   389.0000       2858.000       53.46027    
   390.0000       2783.000       52.75415    
   391.0000       2807.000       52.98113    
   392.0000       2817.000       53.07542    
   393.0000       2650.000       51.47815    
   394.0000       2787.000       52.79205    
   395.0000       2768.000       52.61179    
   396.0000       2758.000       52.51666    
   397.0000       2826.000       53.16014    
   398.0000       2710.000       52.05766    
   399.0000       2824.000       53.14132    
   400.0000       2851.000       53.39476    
   401.0000       2817.000       53.07542    
   402.0000       2806.000       52.97169    
   403.0000       2877.000       53.63767    
   404.0000       2823.000       53.13191    
   405.0000       3013.000       54.89080    
   406.0000       2791.000       52.82991    
   407.0000       2831.000       53.20714    
   408.0000       2726.000       52.21111    
   409.0000       2850.000       53.38539    
   410.0000       2628.000       51.26402    
   411.0000       2811.000       53.01886    
   412.0000       2916.000       54.00000    
   413.0000       2894.000       53.79591    
   414.0000       2905.000       53.89805    
   415.0000       2701.000       51.97115    
   416.0000       2835.000       53.24472    
   417.0000       2697.000       51.93265    
   418.0000       2667.000       51.64301    
   419.0000       2533.000       50.32892    
   420.0000       2880.000       53.66563    
   421.0000       2845.000       53.33854    
   422.0000       2962.000       54.42426    
   423.0000       3066.000       55.37147    
   424.0000       2828.000       53.17894    
   425.0000       2972.000       54.51605    
   426.0000       2948.000       54.29549    
   427.0000       3078.000       55.47972    
   428.0000       2804.000       52.95281    
   429.0000       2994.000       54.71746    
   430.0000       2719.000       52.14403    
   431.0000       2740.000       52.34501    
   432.0000       2932.000       54.14795    
   433.0000       2768.000       52.61179    
   434.0000       2901.000       53.86093    
   435.0000       2862.000       53.49767    
   436.0000       2826.000       53.16014    
   437.0000       2933.000       54.15718    
   438.0000       2933.000       54.15718    
   439.0000       2754.000       52.47857    
   440.0000       2962.000       54.42426    
   441.0000       2951.000       54.32311    
   442.0000       2943.000       54.24942    
   443.0000       2786.000       52.78257    
   444.0000       2906.000       53.90733    
   445.0000       2884.000       53.70288    
   446.0000       2916.000       54.00000    
   447.0000       2887.000       53.73081    
   448.0000       2892.000       53.77732    
   449.0000       2976.000       54.55273    
   450.0000       2796.000       52.87722    
   451.0000       2780.000       52.72570    
   452.0000       2936.000       54.18487    
   453.0000       2832.000       53.21654    
   454.0000       2804.000       52.95281    
   455.0000       2795.000       52.86776    
   456.0000       2948.000       54.29549    
   457.0000       2794.000       52.85830    
   458.0000       2772.000       52.64979    
   459.0000       2632.000       51.30302    
   460.0000       3284.000       57.30619    
   461.0000       2783.000       52.75415    
   462.0000       2845.000       53.33854    
   463.0000       2948.000       54.29549    
   464.0000       2977.000       54.56189    
   465.0000       2998.000       54.75399    
   466.0000       2861.000       53.48832    
   467.0000       2882.000       53.68426    
   468.0000       2703.000       51.99038    
   469.0000       3047.000       55.19964    
   470.0000       2749.000       52.43091    
   471.0000       2826.000       53.16014    
   472.0000       2755.000       52.48809    
   473.0000       2756.000       52.49762    
   474.0000       2773.000       52.65928    
   475.0000       2746.000       52.40229    
   476.0000       2921.000       54.04628    
   477.0000       2806.000       52.97169    
   478.0000       2802.000       52.93392    
   479.0000       2851.000       53.39476    
   480.0000       2636.000       51.34199    
   481.0000       2795.000       52.86776    
   482.0000       2852.000       53.40412    
   483.0000       2785.000       52.77310    
   484.0000       2690.000       51.86521    
   485.0000       2765.000       52.58327    
   486.0000       2833.000       53.22593    
   487.0000       2832.000       53.21654    
   488.0000       2672.000       51.69139    
   489.0000       2859.000       53.46962    
   490.0000       2792.000       52.83938    
   491.0000       2725.000       52.20153    
   492.0000       2822.000       53.12250    
   493.0000       2742.000       52.36411    
   494.0000       2795.000       52.86776    
   495.0000       2665.000       51.62364    
   496.0000       2785.000       52.77310    
   497.0000       2885.000       53.71220    
   498.0000       2733.000       52.27810    
   499.0000       2730.000       52.24940    
   500.0000       2738.000       52.32590    
   501.0000       2742.000       52.36411    
   502.0000       2705.000       52.00961    
   503.0000       2659.000       51.56549    
   504.0000       2867.000       53.54437    
   505.0000       2890.000       53.75872    
   506.0000       2885.000       53.71220    
   507.0000       3053.000       55.25396    
   508.0000       2710.000       52.05766    
   509.0000       2931.000       54.13871    
   510.0000       2756.000       52.49762    
   511.0000       2838.000       53.27288    
   512.0000       2749.000       52.43091    
   513.0000       2651.000       51.48786    
   514.0000       2706.000       52.01923    
   515.0000       2763.000       52.56425    
   516.0000       2834.000       53.23532    
   517.0000       2911.000       53.95368    
   518.0000       2731.000       52.25897    
   519.0000       2748.000       52.42137    
   520.0000       3045.000       55.18152    
   521.0000       2646.000       51.43929    
   522.0000       2808.000       52.99057    
   523.0000       2771.000       52.64029    
   524.0000       2823.000       53.13191    
   525.0000       2848.000       53.36666    
   526.0000       2725.000       52.20153    
   527.0000       2972.000       54.51605    
   528.0000       2627.000       51.25427    
   529.0000       3006.000       54.82700    
   530.0000       2693.000       51.89412    
   531.0000       2709.000       52.04805    
   532.0000       2770.000       52.63079    
   533.0000       2802.000       52.93392    
   534.0000       2785.000       52.77310    
   535.0000       2773.000       52.65928    
   536.0000       2844.000       53.32917    
   537.0000       2861.000       53.48832    
   538.0000       2596.000       50.95096    
   539.0000       2716.000       52.11526    
   540.0000       2902.000       53.87021    
   541.0000       2598.000       50.97058    
   542.0000       2770.000       52.63079    
   543.0000       2882.000       53.68426    
   544.0000       2748.000       52.42137    
   545.0000       2856.000       53.44156    
   546.0000       2790.000       52.82045    
   547.0000       3006.000       54.82700    
   548.0000       2728.000       52.23026    
   549.0000       2967.000       54.47018    
   550.0000       2676.000       51.73007    
   551.0000       2748.000       52.42137    
   552.0000       2833.000       53.22593    
   553.0000       2678.000       51.74940    
   554.0000       2768.000       52.61179    
   555.0000       2857.000       53.45091    
   556.0000       2831.000       53.20714    
   557.0000       2908.000       53.92588    
   558.0000       2711.000       52.06726    
   559.0000       2562.000       50.61620    
   560.0000       2782.000       52.74467    
   561.0000       2767.000       52.60228    
   562.0000       2777.000       52.69725    
   563.0000       2741.000       52.35456    
   564.0000       2805.000       52.96225    
   565.0000       2873.000       53.60037    
   566.0000       2797.000       52.88667    
   567.0000       2853.000       53.41348    
   568.0000       2704.000       52.00000    
   569.0000       2877.000       53.63767    
   570.0000       2641.000       51.39066    
   571.0000       2653.000       51.50728    
   572.0000       2819.000       53.09426    
   573.0000       2785.000       52.77310    
   574.0000       2744.000       52.38320    
   575.0000       2796.000       52.87722    
   576.0000       2762.000       52.55473    
   577.0000       2778.000       52.70674    
   578.0000       2632.000       51.30302    
   579.0000       2298.000       47.93746    
   580.0000       2710.000       52.05766    
   581.0000       2652.000       51.49757    
   582.0000       2726.000       52.21111    
   583.0000       2804.000       52.95281    
   584.0000       2829.000       53.18834    
   585.0000       2766.000       52.59277    
   586.0000       2740.000       52.34501    
   587.0000       2784.000       52.76362    
   588.0000       2675.000       51.72040    
   589.0000       2795.000       52.86776    
   590.0000       2541.000       50.40833    
   591.0000       2496.000       49.95998    
   592.0000       2645.000       51.42956    
   593.0000       2462.000       49.61855    
   594.0000       2510.000       50.09990    
   595.0000       2672.000       51.69139    
   596.0000       2571.000       50.70503    
   597.0000       2392.000       48.90808    
   598.0000       2530.000       50.29911    
   599.0000       2337.000       48.34253    
   600.0000       2608.000       51.06858    
   601.0000       2499.000       49.99000    
   602.0000       2647.000       51.44901    
   603.0000       2650.000       51.47815    
   604.0000       2505.000       50.04998    
   605.0000       2531.000       50.30904    
   606.0000       2591.000       50.90187    
   607.0000       2640.000       51.38093    
   608.0000       2479.000       49.78956    
   609.0000       2643.000       51.41011    
   610.0000       2357.000       48.54894    
   611.0000       2435.000       49.34572    
   612.0000       2489.000       49.88988    
   613.0000       2484.000       49.83974    
   614.0000       2433.000       49.32545    
   615.0000       2443.000       49.42671    
   616.0000       2380.000       48.78524    
   617.0000       2410.000       49.09175    
   618.0000       2759.000       52.52618    
   619.0000       2912.000       53.96295    
   620.0000       3519.000       59.32116    
   621.0000       2878.000       53.64700    
   622.0000       2961.000       54.41507    
   623.0000       2942.000       54.24021    
   624.0000       2896.000       53.81450    
   625.0000       2995.000       54.72659    
   626.0000       2860.000       53.47897    
   627.0000       2875.000       53.61903    
   628.0000       2832.000       53.21654    
   629.0000       3042.000       55.15433    
   630.0000       2664.000       51.61395    
   631.0000       2666.000       51.63332    
   632.0000       2840.000       53.29165    
   633.0000       2657.000       51.54610    
   634.0000       2837.000       53.26350    
   635.0000       2746.000       52.40229    
   636.0000       2773.000       52.65928    
   637.0000       2863.000       53.50701    
   638.0000       2770.000       52.63079    
   639.0000       2871.000       53.58171    
