sample v-GeO2 850K			21-11-07  2000.000K
                                                                                
  XO,DX,Lambda :   0.0000000E+00   1.000000       0.0
  0.0000000E+00   12210.00       110.4989    
   1.000000       1430.000       37.81534    
   2.000000       1609.000       40.11234    
   3.000000       1966.000       44.33960    
   4.000000       2832.000       53.21654    
   5.000000       3961.000       62.93648    
   6.000000       4479.000       66.92533    
   7.000000       5548.000       74.48490    
   8.000000       5736.000       75.73638    
   9.000000       5950.000       77.13625    
   10.00000       5534.000       74.39086    
   11.00000       5489.000       74.08778    
   12.00000       4974.000       70.52659    
   13.00000       4367.000       66.08328    
   14.00000       4094.000       63.98437    
   15.00000       3964.000       62.96030    
   16.00000       4064.000       63.74951    
   17.00000       4482.000       66.94774    
   18.00000       5057.000       71.11259    
   19.00000       11940.00       109.2703    
   20.00000       6131.000       78.30070    
   21.00000       6623.000       81.38181    
   22.00000       7046.000       83.94045    
   23.00000       8161.000       90.33826    
   24.00000       24964.00       158.0000    
   25.00000       45283.00       212.7980    
   26.00000       49540.00       222.5758    
   27.00000       53506.00       231.3136    
   28.00000       54016.00       232.4134    
   29.00000       53743.00       231.8254    
   30.00000       46212.00       214.9698    
   31.00000       47709.00       218.4239    
   32.00000       53218.00       230.6903    
   33.00000       57080.00       238.9142    
   34.00000       55090.00       234.7126    
   35.00000       54863.00       234.2285    
   36.00000       59207.00       243.3249    
   37.00000       59429.00       243.7806    
   38.00000       55633.00       235.8665    
   39.00000       53169.00       230.5840    
   40.00000       61398.00       247.7862    
   41.00000       58909.00       242.7118    
   42.00000       59027.00       242.9547    
   43.00000       62231.00       249.4614    
   44.00000       62534.00       250.0680    
   45.00000       64005.00       252.9921    
   46.00000       61898.00       248.7931    
   47.00000       62530.00       250.0600    
   48.00000       61850.00       248.6966    
   49.00000       66720.00       258.3022    
   50.00000       58873.00       242.6376    
   51.00000       64459.00       253.8878    
   52.00000       71662.00       267.6976    
   53.00000       69594.00       263.8068    
   54.00000       71565.00       267.5164    
   55.00000       74424.00       272.8076    
   56.00000       74886.00       273.6531    
   57.00000       77092.00       277.6544    
   58.00000       76241.00       276.1177    
   59.00000       68863.00       262.4176    
   60.00000       84571.00       290.8109    
   61.00000       87067.00       295.0712    
   62.00000       93239.00       305.3506    
   63.00000       94835.00       307.9529    
   64.00000       95294.00       308.6973    
   65.00000       96800.00       311.1270    
   66.00000       95380.00       308.8365    
   67.00000       93612.00       305.9608    
   68.00000       91525.00       302.5310    
   69.00000       98410.00       313.7037    
   70.00000       87614.00       295.9966    
   71.00000       86396.00       293.9320    
   72.00000       85884.00       293.0597    
   73.00000       84254.00       290.2654    
   74.00000       86540.00       294.1768    
   75.00000       82246.00       286.7856    
   76.00000       80898.00       284.4258    
   77.00000       80464.00       283.6618    
   78.00000       74810.00       273.5142    
   79.00000       65473.00       255.8769    
   80.00000       78794.00       280.7027    
   81.00000       77023.00       277.5302    
   82.00000       77064.00       277.6040    
   83.00000       78033.00       279.3439    
   84.00000       77641.00       278.6414    
   85.00000       78226.00       279.6891    
   86.00000       75256.00       274.3283    
   87.00000       76286.00       276.1992    
   88.00000       76976.00       277.4455    
   89.00000       80922.00       284.4679    
   90.00000       72822.00       269.8555    
   91.00000       75359.00       274.5159    
   92.00000       75793.00       275.3053    
   93.00000       74987.00       273.8376    
   94.00000       76678.00       276.9079    
   95.00000       75142.00       274.1204    
   96.00000       75748.00       275.2235    
   97.00000       77981.00       279.2508    
   98.00000       76211.00       276.0634    
   99.00000       71930.00       268.1977    
   100.0000       72616.00       269.4736    
   101.0000       75046.00       273.9453    
   102.0000       76030.00       275.7354    
   103.0000       80146.00       283.1007    
   104.0000       79934.00       282.7260    
   105.0000       80744.00       284.1549    
   106.0000       78720.00       280.5709    
   107.0000       80815.00       284.2798    
   108.0000       78114.00       279.4888    
   109.0000       83922.00       289.6929    
   110.0000       76781.00       277.0938    
   111.0000       79717.00       282.3420    
   112.0000       81637.00       285.7219    
   113.0000       76135.00       275.9257    
   114.0000       78061.00       279.3940    
   115.0000       77235.00       277.9119    
   116.0000       77199.00       277.8471    
   117.0000       75618.00       274.9873    
   118.0000       71057.00       266.5652    
   119.0000       63951.00       252.8853    
   120.0000       81522.00       285.5206    
   121.0000       75299.00       274.4066    
   122.0000       79782.00       282.4571    
   123.0000       80011.00       282.8622    
   124.0000       77676.00       278.7041    
   125.0000       78347.00       279.9053    
   126.0000       78569.00       280.3016    
   127.0000       79852.00       282.5810    
   128.0000       75175.00       274.1806    
   129.0000       82709.00       287.5917    
   130.0000       75514.00       274.7981    
   131.0000       77932.00       279.1630    
   132.0000       80832.00       284.3097    
   133.0000       78034.00       279.3457    
   134.0000       79343.00       281.6789    
   135.0000       78420.00       280.0357    
   136.0000       79872.00       282.6163    
   137.0000       82075.00       286.4873    
   138.0000       78441.00       280.0732    
   139.0000       81990.00       286.3390    
   140.0000       77882.00       279.0735    
   141.0000       79739.00       282.3810    
   142.0000       82217.00       286.7351    
   143.0000       84276.00       290.3033    
   144.0000       84002.00       289.8310    
   145.0000       84903.00       291.3812    
   146.0000       85124.00       291.7602    
   147.0000       88924.00       298.2013    
   148.0000       87085.00       295.1017    
   149.0000       93473.00       305.7336    
   150.0000       87224.00       295.3371    
   151.0000       90266.00       300.4430    
   152.0000       94646.00       307.6459    
   153.0000       92971.00       304.9115    
   154.0000       93453.00       305.7008    
   155.0000       90040.00       300.0667    
   156.0000       95040.00       308.2856    
   157.0000       96364.00       310.4255    
   158.0000       89508.00       299.1789    
   159.0000       70317.00       265.1735    
   160.0000       102072.0       319.4871    
   161.0000       99239.00       315.0222    
   162.0000       100436.0       316.9164    
   163.0000       100914.0       317.6696    
   164.0000       101758.0       318.9953    
   165.0000       101973.0       319.3321    
   166.0000       101250.0       318.1981    
   167.0000       103510.0       321.7297    
   168.0000       98206.00       313.3784    
   169.0000       106680.0       326.6190    
   170.0000       99700.00       315.7531    
   171.0000       99409.00       315.2919    
   172.0000       102686.0       320.4466    
   173.0000       97267.00       311.8766    
   174.0000       96758.00       311.0595    
   175.0000       100833.0       317.5421    
   176.0000       102594.0       320.3030    
   177.0000       98538.00       313.9076    
   178.0000       94605.00       307.5793    
   179.0000       91521.00       302.5244    
   180.0000       99583.00       315.5677    
   181.0000       97517.00       312.2771    
   182.0000       97746.00       312.6436    
   183.0000       98488.00       313.8280    
   184.0000       97358.00       312.0224    
   185.0000       97693.00       312.5588    
   186.0000       94020.00       306.6268    
   187.0000       93173.00       305.2425    
   188.0000       90008.00       300.0133    
   189.0000       93960.00       306.5290    
   190.0000       86001.00       293.2593    
   191.0000       85487.00       292.3816    
   192.0000       86593.00       294.2669    
   193.0000       82821.00       287.7864    
   194.0000       82306.00       286.8902    
   195.0000       82699.00       287.5743    
   196.0000       81173.00       284.9088    
   197.0000       80610.00       283.9190    
   198.0000       79480.00       281.9220    
   199.0000       81532.00       285.5381    
   200.0000       74884.00       273.6494    
   201.0000       74808.00       273.5105    
   202.0000       78599.00       280.3551    
   203.0000       79104.00       281.2543    
   204.0000       77769.00       278.8709    
   205.0000       76706.00       276.9585    
   206.0000       75946.00       275.5830    
   207.0000       80121.00       283.0565    
   208.0000       75623.00       274.9964    
   209.0000       79715.00       282.3384    
   210.0000       71135.00       266.7115    
   211.0000       74482.00       272.9139    
   212.0000       80117.00       283.0495    
   213.0000       76590.00       276.7490    
   214.0000       75734.00       275.1981    
   215.0000       74674.00       273.2654    
   216.0000       76639.00       276.8375    
   217.0000       77265.00       277.9658    
   218.0000       73207.00       270.5679    
   219.0000       70924.00       266.3156    
   220.0000       80969.00       284.5505    
   221.0000       75318.00       274.4413    
   222.0000       75892.00       275.4850    
   223.0000       77494.00       278.3774    
   224.0000       76216.00       276.0724    
   225.0000       76089.00       275.8423    
   226.0000       76264.00       276.1594    
   227.0000       78683.00       280.5049    
   228.0000       77016.00       277.5176    
   229.0000       81590.00       285.6396    
   230.0000       72578.00       269.4030    
   231.0000       74523.00       272.9890    
   232.0000       77923.00       279.1469    
   233.0000       76672.00       276.8971    
   234.0000       76255.00       276.1431    
   235.0000       76944.00       277.3878    
   236.0000       78486.00       280.1535    
   237.0000       76305.00       276.2336    
   238.0000       75661.00       275.0655    
   239.0000       69344.00       263.3325    
   240.0000       80927.00       284.4767    
   241.0000       78064.00       279.3994    
   242.0000       81477.00       285.4418    
   243.0000       79847.00       282.5721    
   244.0000       78925.00       280.9359    
   245.0000       82255.00       286.8013    
   246.0000       80040.00       282.9134    
   247.0000       82062.00       286.4647    
   248.0000       78950.00       280.9804    
   249.0000       84472.00       290.6407    
   250.0000       77965.00       279.2221    
   251.0000       80628.00       283.9507    
   252.0000       82984.00       288.0694    
   253.0000       80414.00       283.5736    
   254.0000       82111.00       286.5502    
   255.0000       80462.00       283.6582    
   256.0000       82707.00       287.5883    
   257.0000       81872.00       286.1328    
   258.0000       78153.00       279.5586    
   259.0000       72167.00       268.6392    
   260.0000       86306.00       293.7788    
   261.0000       84999.00       291.5459    
   262.0000       83645.00       289.2144    
   263.0000       84506.00       290.6992    
   264.0000       85145.00       291.7962    
   265.0000       84994.00       291.5373    
   266.0000       86008.00       293.2712    
   267.0000       90267.00       300.4447    
   268.0000       86149.00       293.5115    
   269.0000       92213.00       303.6659    
   270.0000       83521.00       289.0000    
   271.0000       83251.00       288.5325    
   272.0000       88065.00       296.7575    
   273.0000       85913.00       293.1092    
   274.0000       85320.00       292.0959    
   275.0000       85386.00       292.2088    
   276.0000       87001.00       294.9593    
   277.0000       85076.00       291.6779    
   278.0000       82718.00       287.6074    
   279.0000       72453.00       269.1710    
   280.0000       87403.00       295.6400    
   281.0000       85373.00       292.1866    
   282.0000       86584.00       294.2516    
   283.0000       87932.00       296.5333    
   284.0000       85728.00       292.7935    
   285.0000       85906.00       293.0973    
   286.0000       86039.00       293.3241    
   287.0000       87916.00       296.5063    
   288.0000       84022.00       289.8655    
   289.0000       89875.00       299.7916    
   290.0000       82606.00       287.4126    
   291.0000       83891.00       289.6394    
   292.0000       86140.00       293.4962    
   293.0000       83241.00       288.5152    
   294.0000       83416.00       288.8183    
   295.0000       84250.00       290.2585    
   296.0000       85740.00       292.8139    
   297.0000       82953.00       288.0156    
   298.0000       79689.00       282.2924    
   299.0000       81163.00       284.8912    
   300.0000       87853.00       296.4001    
   301.0000       83385.00       288.7646    
   302.0000       84139.00       290.0672    
   303.0000       84450.00       290.6028    
   304.0000       82908.00       287.9375    
   305.0000       84353.00       290.4359    
   306.0000       83845.00       289.5600    
   307.0000       83293.00       288.6053    
   308.0000       82460.00       287.1585    
   309.0000       88347.00       297.2322    
   310.0000       80053.00       282.9364    
   311.0000       83857.00       289.5807    
   312.0000       85862.00       293.0222    
   313.0000       81717.00       285.8618    
   314.0000       82719.00       287.6091    
   315.0000       80928.00       284.4785    
   316.0000       81741.00       285.9038    
   317.0000       84154.00       290.0931    
   318.0000       80080.00       282.9841    
   319.0000       75080.00       274.0073    
   320.0000       76736.00       277.0126    
   321.0000       79853.00       282.5827    
   322.0000       82262.00       286.8135    
   323.0000       82021.00       286.3931    
   324.0000       81671.00       285.7814    
   325.0000       80651.00       283.9912    
   326.0000       79997.00       282.8374    
   327.0000       80854.00       284.3484    
   328.0000       77538.00       278.4565    
   329.0000       82964.00       288.0347    
   330.0000       76624.00       276.8104    
   331.0000       77758.00       278.8512    
   332.0000       79890.00       282.6482    
   333.0000       76040.00       275.7535    
   334.0000       77392.00       278.1942    
   335.0000       77309.00       278.0450    
   336.0000       77081.00       277.6346    
   337.0000       78095.00       279.4548    
   338.0000       76489.00       276.5664    
   339.0000       75887.00       275.4760    
   340.0000       81896.00       286.1748    
   341.0000       77303.00       278.0342    
   342.0000       79150.00       281.3361    
   343.0000       80508.00       283.7393    
   344.0000       81391.00       285.2911    
   345.0000       83113.00       288.2932    
   346.0000       79755.00       282.4093    
   347.0000       79448.00       281.8652    
   348.0000       79925.00       282.7101    
   349.0000       84193.00       290.1603    
   350.0000       75909.00       275.5159    
   351.0000       78906.00       280.9021    
   352.0000       80753.00       284.1707    
   353.0000       78172.00       279.5926    
   354.0000       78447.00       280.0839    
   355.0000       78786.00       280.6884    
   356.0000       81964.00       286.2935    
   357.0000       80262.00       283.3055    
   358.0000       78490.00       280.1607    
   359.0000       82859.00       287.8524    
   360.0000       81699.00       285.8304    
   361.0000       78483.00       280.1482    
   362.0000       79506.00       281.9681    
   363.0000       80920.00       284.4644    
   364.0000       80458.00       283.6512    
   365.0000       80358.00       283.4749    
   366.0000       79565.00       282.0727    
   367.0000       81763.00       285.9423    
   368.0000       79076.00       281.2046    
   369.0000       84115.00       290.0258    
   370.0000       74895.00       273.6695    
   371.0000       76458.00       276.5104    
   372.0000       82332.00       286.9355    
   373.0000       78236.00       279.7070    
   374.0000       78460.00       280.1071    
   375.0000       79462.00       281.8900    
   376.0000       80142.00       283.0936    
   377.0000       81343.00       285.2069    
   378.0000       77425.00       278.2535    
   379.0000       74956.00       273.7809    
   380.0000       81851.00       286.0961    
   381.0000       73578.00       271.2527    
   382.0000       77596.00       278.5606    
   383.0000       81092.00       284.7666    
   384.0000       79747.00       282.3951    
   385.0000       80544.00       283.8027    
   386.0000       80605.00       283.9102    
   387.0000       82693.00       287.5639    
   388.0000       78927.00       280.9395    
   389.0000       84575.00       290.8178    
   390.0000       78176.00       279.5997    
   391.0000       80592.00       283.8873    
   392.0000       80965.00       284.5435    
   393.0000       77190.00       277.8309    
   394.0000       80714.00       284.1021    
   395.0000       81376.00       285.2648    
   396.0000       81723.00       285.8723    
   397.0000       82158.00       286.6322    
   398.0000       79844.00       282.5668    
   399.0000       82341.00       286.9512    
   400.0000       81869.00       286.1276    
   401.0000       80927.00       284.4767    
   402.0000       81270.00       285.0789    
   403.0000       81591.00       285.6414    
   404.0000       82312.00       286.9007    
   405.0000       85264.00       292.0000    
   406.0000       82464.00       287.1655    
   407.0000       81612.00       285.6781    
   408.0000       80184.00       283.1678    
   409.0000       84387.00       290.4944    
   410.0000       75380.00       274.5542    
   411.0000       81234.00       285.0158    
   412.0000       83123.00       288.3106    
   413.0000       80817.00       284.2833    
   414.0000       82170.00       286.6531    
   415.0000       81106.00       284.7911    
   416.0000       82135.00       286.5920    
   417.0000       81571.00       285.6064    
   418.0000       77458.00       278.3128    
   419.0000       76308.00       276.2390    
   420.0000       83306.00       288.6278    
   421.0000       82077.00       286.4908    
   422.0000       85406.00       292.2430    
   423.0000       85206.00       291.9007    
   424.0000       81390.00       285.2893    
   425.0000       84303.00       290.3498    
   426.0000       84742.00       291.1048    
   427.0000       85758.00       292.8447    
   428.0000       82813.00       287.7725    
   429.0000       87311.00       295.4843    
   430.0000       79297.00       281.5972    
   431.0000       81681.00       285.7989    
   432.0000       85541.00       292.4739    
   433.0000       82792.00       287.7360    
   434.0000       84016.00       289.8551    
   435.0000       83385.00       288.7646    
   436.0000       81409.00       285.3226    
   437.0000       84741.00       291.1031    
   438.0000       83487.00       288.9412    
   439.0000       80746.00       284.1584    
   440.0000       86489.00       294.0901    
   441.0000       83849.00       289.5669    
   442.0000       81670.00       285.7796    
   443.0000       80907.00       284.4416    
   444.0000       82886.00       287.8993    
   445.0000       83785.00       289.4564    
   446.0000       82823.00       287.7899    
   447.0000       83318.00       288.6486    
   448.0000       81572.00       285.6081    
   449.0000       87460.00       295.7364    
   450.0000       79991.00       282.8268    
   451.0000       81769.00       285.9528    
   452.0000       83850.00       289.5686    
   453.0000       81433.00       285.3647    
   454.0000       80867.00       284.3712    
   455.0000       82019.00       286.3896    
   456.0000       83608.00       289.1505    
   457.0000       82048.00       286.4402    
   458.0000       80725.00       284.1215    
   459.0000       77708.00       278.7615    
   460.0000       93639.00       306.0049    
   461.0000       81049.00       284.6911    
   462.0000       81460.00       285.4120    
   463.0000       84102.00       290.0034    
   464.0000       83674.00       289.2646    
   465.0000       83571.00       289.0865    
   466.0000       82285.00       286.8536    
   467.0000       84482.00       290.6579    
   468.0000       80865.00       284.3677    
   469.0000       86600.00       294.2788    
   470.0000       80834.00       284.3132    
   471.0000       81012.00       284.6261    
   472.0000       80276.00       283.3302    
   473.0000       79623.00       282.1755    
   474.0000       80462.00       283.6582    
   475.0000       80767.00       284.1953    
   476.0000       83759.00       289.4115    
   477.0000       82014.00       286.3809    
   478.0000       79316.00       281.6310    
   479.0000       82960.00       288.0278    
   480.0000       75042.00       273.9380    
   481.0000       81042.00       284.6788    
   482.0000       82117.00       286.5606    
   483.0000       80726.00       284.1232    
   484.0000       78757.00       280.6368    
   485.0000       79576.00       282.0922    
   486.0000       81104.00       284.7876    
   487.0000       82430.00       287.1063    
   488.0000       79642.00       282.2091    
   489.0000       85603.00       292.5799    
   490.0000       78267.00       279.7624    
   491.0000       77916.00       279.1344    
   492.0000       82030.00       286.4088    
   493.0000       79762.00       282.4217    
   494.0000       80093.00       283.0071    
   495.0000       79996.00       282.8356    
   496.0000       80312.00       283.3937    
   497.0000       82496.00       287.2212    
   498.0000       79374.00       281.7339    
   499.0000       79123.00       281.2881    
   500.0000       79095.00       281.2383    
   501.0000       77964.00       279.2203    
   502.0000       78379.00       279.9625    
   503.0000       78183.00       279.6122    
   504.0000       79954.00       282.7614    
   505.0000       81757.00       285.9318    
   506.0000       80883.00       284.3994    
   507.0000       83163.00       288.3799    
   508.0000       78278.00       279.7820    
   509.0000       83001.00       288.0989    
   510.0000       76398.00       276.4019    
   511.0000       80479.00       283.6882    
   512.0000       80671.00       284.0264    
   513.0000       78248.00       279.7285    
   514.0000       79836.00       282.5526    
   515.0000       79690.00       282.2942    
   516.0000       81145.00       284.8596    
   517.0000       81624.00       285.6991    
   518.0000       79502.00       281.9610    
   519.0000       81016.00       284.6331    
   520.0000       85991.00       293.2422    
   521.0000       77911.00       279.1254    
   522.0000       79797.00       282.4836    
   523.0000       81055.00       284.7016    
   524.0000       80525.00       283.7693    
   525.0000       80099.00       283.0177    
   526.0000       81257.00       285.0561    
   527.0000       82907.00       287.9358    
   528.0000       77908.00       279.1201    
   529.0000       84878.00       291.3383    
   530.0000       78505.00       280.1874    
   531.0000       79944.00       282.7437    
   532.0000       81569.00       285.6029    
   533.0000       79243.00       281.5013    
   534.0000       78786.00       280.6884    
   535.0000       77976.00       279.2418    
   536.0000       84215.00       290.1982    
   537.0000       82234.00       286.7647    
   538.0000       79129.00       281.2988    
   539.0000       79342.00       281.6771    
   540.0000       82162.00       286.6392    
   541.0000       78098.00       279.4602    
   542.0000       80331.00       283.4272    
   543.0000       81938.00       286.2481    
   544.0000       80795.00       284.2446    
   545.0000       81967.00       286.2988    
   546.0000       81771.00       285.9563    
   547.0000       83889.00       289.6360    
   548.0000       80857.00       284.3537    
   549.0000       85929.00       293.1365    
   550.0000       79620.00       282.1702    
   551.0000       80712.00       284.0986    
   552.0000       83049.00       288.1822    
   553.0000       80623.00       283.9419    
   554.0000       81640.00       285.7271    
   555.0000       80848.00       284.3378    
   556.0000       82054.00       286.4507    
   557.0000       83372.00       288.7421    
   558.0000       78943.00       280.9680    
   559.0000       73597.00       271.2877    
   560.0000       79304.00       281.6096    
   561.0000       79569.00       282.0798    
   562.0000       79363.00       281.7144    
   563.0000       80560.00       283.8309    
   564.0000       81954.00       286.2761    
   565.0000       82380.00       287.0192    
   566.0000       82869.00       287.8698    
   567.0000       82456.00       287.1515    
   568.0000       78042.00       279.3600    
   569.0000       84653.00       290.9519    
   570.0000       76517.00       276.6171    
   571.0000       77371.00       278.1564    
   572.0000       82552.00       287.3186    
   573.0000       79284.00       281.5742    
   574.0000       80458.00       283.6512    
   575.0000       78914.00       280.9164    
   576.0000       78488.00       280.1571    
   577.0000       80335.00       283.4343    
   578.0000       76766.00       277.0668    
   579.0000       65808.00       256.5307    
   580.0000       78179.00       279.6051    
   581.0000       77990.00       279.2669    
   582.0000       78359.00       279.9268    
   583.0000       80218.00       283.2278    
   584.0000       80204.00       283.2031    
   585.0000       79565.00       282.0727    
   586.0000       77393.00       278.1960    
   587.0000       80584.00       283.8732    
   588.0000       76493.00       276.5737    
   589.0000       82283.00       286.8501    
   590.0000       73527.00       271.1586    
   591.0000       73484.00       271.0793    
   592.0000       77843.00       279.0036    
   593.0000       72996.00       270.1777    
   594.0000       74115.00       272.2407    
   595.0000       76964.00       277.4239    
   596.0000       76063.00       275.7952    
   597.0000       71424.00       267.2527    
   598.0000       72515.00       269.2861    
   599.0000       70089.00       264.7433    
   600.0000       76755.00       277.0469    
   601.0000       72595.00       269.4346    
   602.0000       72990.00       270.1666    
   603.0000       75608.00       274.9691    
   604.0000       74747.00       273.3990    
   605.0000       73102.00       270.3738    
   606.0000       71376.00       267.1629    
   607.0000       73241.00       270.6307    
   608.0000       72555.00       269.3604    
   609.0000       74844.00       273.5763    
   610.0000       70004.00       264.5827    
   611.0000       71174.00       266.7845    
   612.0000       72240.00       268.7750    
   613.0000       70208.00       264.9679    
   614.0000       69422.00       263.4806    
   615.0000       69895.00       264.3766    
   616.0000       69698.00       264.0038    
   617.0000       71024.00       266.5033    
   618.0000       81315.00       285.1578    
   619.0000       84111.00       290.0190    
   620.0000       99188.00       314.9413    
   621.0000       82931.00       287.9774    
   622.0000       84362.00       290.4514    
   623.0000       85650.00       292.6602    
   624.0000       82727.00       287.6230    
   625.0000       84496.00       290.6819    
   626.0000       83193.00       288.4320    
   627.0000       84592.00       290.8470    
   628.0000       80959.00       284.5330    
   629.0000       85518.00       292.4346    
   630.0000       78537.00       280.2445    
   631.0000       79215.00       281.4516    
   632.0000       83636.00       289.1989    
   633.0000       79000.00       281.0694    
   634.0000       79463.00       281.8918    
   635.0000       79398.00       281.7765    
   636.0000       80779.00       284.2165    
   637.0000       81748.00       285.9161    
   638.0000       80158.00       283.1219    
   639.0000       80180.00       283.1607    
