empty can 300K                                               17-11-07   660.672K
                                                                                
  XO,DX,Lambda :   0.0000000E+00   1.000000       0.0
  0.0000000E+00   2246.000       47.39198    
   1.000000       320.0000       17.88854    
   2.000000       392.0000       19.79899    
   3.000000       432.0000       20.78461    
   4.000000       661.0000       25.70992    
   5.000000       1030.000       32.09361    
   6.000000       1168.000       34.17601    
   7.000000       1265.000       35.56684    
   8.000000       1236.000       35.15679    
   9.000000       1242.000       35.24202    
   10.00000       1219.000       34.91418    
   11.00000       1208.000       34.75629    
   12.00000       1140.000       33.76389    
   13.00000       1010.000       31.78050    
   14.00000       1012.000       31.81195    
   15.00000       921.0000       30.34798    
   16.00000       1025.000       32.01562    
   17.00000       1113.000       33.36166    
   18.00000       1218.000       34.89986    
   19.00000       2541.000       50.40833    
   20.00000       1539.000       39.23009    
   21.00000       1641.000       40.50926    
   22.00000       1681.000       41.00000    
   23.00000       2114.000       45.97826    
   24.00000       6842.000       82.71638    
   25.00000       11465.00       107.0747    
   26.00000       12695.00       112.6721    
   27.00000       14133.00       118.8823    
   28.00000       14393.00       119.9708    
   29.00000       14456.00       120.2331    
   30.00000       12504.00       111.8213    
   31.00000       12568.00       112.1071    
   32.00000       13945.00       118.0890    
   33.00000       15277.00       123.6002    
   34.00000       14403.00       120.0125    
   35.00000       14518.00       120.4907    
   36.00000       15220.00       123.3694    
   37.00000       15208.00       123.3207    
   38.00000       14498.00       120.4076    
   39.00000       13721.00       117.1367    
   40.00000       15457.00       124.3262    
   41.00000       14844.00       121.8360    
   42.00000       14718.00       121.3178    
   43.00000       15130.00       123.0041    
   44.00000       15300.00       123.6932    
   45.00000       15257.00       123.5192    
   46.00000       14772.00       121.5401    
   47.00000       14718.00       121.3178    
   48.00000       14466.00       120.2747    
   49.00000       15066.00       122.7436    
   50.00000       13415.00       115.8231    
   51.00000       14432.00       120.1333    
   52.00000       15504.00       124.5151    
   53.00000       14726.00       121.3507    
   54.00000       14937.00       122.2170    
   55.00000       14926.00       122.1720    
   56.00000       14824.00       121.7539    
   57.00000       14501.00       120.4201    
   58.00000       14289.00       119.5366    
   59.00000       12738.00       112.8627    
   60.00000       14577.00       120.7352    
   61.00000       14833.00       121.7908    
   62.00000       15392.00       124.0645    
   63.00000       15583.00       124.8319    
   64.00000       15626.00       125.0040    
   65.00000       15946.00       126.2775    
   66.00000       15457.00       124.3262    
   67.00000       15189.00       123.2437    
   68.00000       14952.00       122.2784    
   69.00000       16372.00       127.9531    
   70.00000       15428.00       124.2095    
   71.00000       15142.00       123.0528    
   72.00000       15312.00       123.7417    
   73.00000       15202.00       123.2964    
   74.00000       15736.00       125.4432    
   75.00000       15143.00       123.0569    
   76.00000       15441.00       124.2618    
   77.00000       15456.00       124.3222    
   78.00000       14485.00       120.3536    
   79.00000       13210.00       114.9348    
   80.00000       15474.00       124.3945    
   81.00000       15518.00       124.5713    
   82.00000       15620.00       124.9800    
   83.00000       16106.00       126.9094    
   84.00000       15822.00       125.7855    
   85.00000       15945.00       126.2735    
   86.00000       15285.00       123.6325    
   87.00000       15859.00       125.9325    
   88.00000       16101.00       126.8897    
   89.00000       16643.00       129.0078    
   90.00000       15435.00       124.2377    
   91.00000       15535.00       124.6395    
   92.00000       15860.00       125.9365    
   93.00000       15671.00       125.1839    
   94.00000       15810.00       125.7378    
   95.00000       15728.00       125.4113    
   96.00000       15734.00       125.4352    
   97.00000       15902.00       126.1031    
   98.00000       15554.00       124.7157    
   99.00000       15032.00       122.6051    
   100.0000       14657.00       121.0661    
   101.0000       15411.00       124.1411    
   102.0000       15627.00       125.0080    
   103.0000       16112.00       126.9331    
   104.0000       16223.00       127.3695    
   105.0000       16111.00       126.9291    
   106.0000       15966.00       126.3566    
   107.0000       16407.00       128.0898    
   108.0000       16057.00       126.7162    
   109.0000       16922.00       130.0846    
   110.0000       16203.00       127.2910    
   111.0000       16699.00       129.2246    
   112.0000       17446.00       132.0833    
   113.0000       15978.00       126.4041    
   114.0000       16096.00       126.8700    
   115.0000       15860.00       125.9365    
   116.0000       16456.00       128.2809    
   117.0000       15544.00       124.6756    
   118.0000       14662.00       121.0867    
   119.0000       13263.00       115.1651    
   120.0000       16569.00       128.7206    
   121.0000       15567.00       124.7678    
   122.0000       16206.00       127.3028    
   123.0000       16236.00       127.4206    
   124.0000       15946.00       126.2775    
   125.0000       15847.00       125.8849    
   126.0000       15937.00       126.2418    
   127.0000       16214.00       127.3342    
   128.0000       15316.00       123.7578    
   129.0000       16496.00       128.4368    
   130.0000       15122.00       122.9715    
   131.0000       15614.00       124.9560    
   132.0000       16309.00       127.7067    
   133.0000       15635.00       125.0400    
   134.0000       15791.00       125.6622    
   135.0000       15484.00       124.4347    
   136.0000       16050.00       126.6886    
   137.0000       16017.00       126.5583    
   138.0000       15117.00       122.9512    
   139.0000       15998.00       126.4832    
   140.0000       15173.00       123.1787    
   141.0000       15174.00       123.1828    
   142.0000       15653.00       125.1119    
   143.0000       15860.00       125.9365    
   144.0000       15753.00       125.5110    
   145.0000       15779.00       125.6145    
   146.0000       15598.00       124.8920    
   147.0000       15805.00       125.7179    
   148.0000       15928.00       126.2062    
   149.0000       16519.00       128.5263    
   150.0000       15807.00       125.7259    
   151.0000       16034.00       126.6254    
   152.0000       16808.00       129.6457    
   153.0000       16287.00       127.6205    
   154.0000       16301.00       127.6754    
   155.0000       15643.00       125.0720    
   156.0000       16376.00       127.9687    
   157.0000       16097.00       126.8740    
   158.0000       14752.00       121.4578    
   159.0000       11822.00       108.7290    
   160.0000       16247.00       127.4637    
   161.0000       15975.00       126.3923    
   162.0000       16158.00       127.1141    
   163.0000       16057.00       126.7162    
   164.0000       15918.00       126.1666    
   165.0000       15888.00       126.0476    
   166.0000       16185.00       127.2203    
   167.0000       16091.00       126.8503    
   168.0000       15208.00       123.3207    
   169.0000       16513.00       128.5029    
   170.0000       15546.00       124.6836    
   171.0000       15328.00       123.8063    
   172.0000       16044.00       126.6649    
   173.0000       15027.00       122.5847    
   174.0000       14833.00       121.7908    
   175.0000       15700.00       125.2996    
   176.0000       16063.00       126.7399    
   177.0000       15167.00       123.1544    
   178.0000       14585.00       120.7684    
   179.0000       14705.00       121.2642    
   180.0000       15806.00       125.7219    
   181.0000       16062.00       126.7359    
   182.0000       16209.00       127.3146    
   183.0000       16533.00       128.5807    
   184.0000       16633.00       128.9690    
   185.0000       16780.00       129.5376    
   186.0000       16482.00       128.3822    
   187.0000       16602.00       128.8488    
   188.0000       15796.00       125.6821    
   189.0000       16498.00       128.4445    
   190.0000       15655.00       125.1199    
   191.0000       15687.00       125.2478    
   192.0000       15945.00       126.2735    
   193.0000       15559.00       124.7357    
   194.0000       15474.00       124.3945    
   195.0000       15529.00       124.6154    
   196.0000       15502.00       124.5070    
   197.0000       15440.00       124.2578    
   198.0000       15603.00       124.9120    
   199.0000       15867.00       125.9643    
   200.0000       14986.00       122.4173    
   201.0000       14810.00       121.6963    
   202.0000       15465.00       124.3584    
   203.0000       15942.00       126.2616    
   204.0000       15445.00       124.2779    
   205.0000       15509.00       124.5351    
   206.0000       15366.00       123.9597    
   207.0000       16060.00       126.7281    
   208.0000       15114.00       122.9390    
   209.0000       16226.00       127.3813    
   210.0000       14572.00       120.7145    
   211.0000       15154.00       123.1016    
   212.0000       16157.00       127.1102    
   213.0000       15499.00       124.4950    
   214.0000       15252.00       123.4990    
   215.0000       14957.00       122.2988    
   216.0000       15647.00       125.0880    
   217.0000       15465.00       124.3584    
   218.0000       14702.00       121.2518    
   219.0000       14517.00       120.4865    
   220.0000       16179.00       127.1967    
   221.0000       15089.00       122.8373    
   222.0000       14824.00       121.7539    
   223.0000       15438.00       124.2497    
   224.0000       15383.00       124.0282    
   225.0000       14998.00       122.4663    
   226.0000       15565.00       124.7598    
   227.0000       15722.00       125.3874    
   228.0000       15517.00       124.5673    
   229.0000       15957.00       126.3210    
   230.0000       14634.00       120.9711    
   231.0000       15001.00       122.4786    
   232.0000       15344.00       123.8709    
   233.0000       15198.00       123.2802    
   234.0000       15069.00       122.7559    
   235.0000       15186.00       123.2315    
   236.0000       15521.00       124.5833    
   237.0000       15135.00       123.0244    
   238.0000       14798.00       121.6470    
   239.0000       13993.00       118.2920    
   240.0000       15881.00       126.0198    
   241.0000       14939.00       122.2252    
   242.0000       15780.00       125.6185    
   243.0000       15235.00       123.4301    
   244.0000       15237.00       123.4382    
   245.0000       15903.00       126.1071    
   246.0000       15465.00       124.3584    
   247.0000       15528.00       124.6114    
   248.0000       15016.00       122.5398    
   249.0000       15837.00       125.8451    
   250.0000       14881.00       121.9877    
   251.0000       15061.00       122.7233    
   252.0000       15548.00       124.6916    
   253.0000       14987.00       122.4214    
   254.0000       15299.00       123.6891    
   255.0000       14765.00       121.5113    
   256.0000       15480.00       124.4186    
   257.0000       15192.00       123.2558    
   258.0000       14449.00       120.2040    
   259.0000       13746.00       117.2433    
   260.0000       15497.00       124.4869    
   261.0000       15383.00       124.0282    
   262.0000       15093.00       122.8536    
   263.0000       14893.00       122.0369    
   264.0000       15025.00       122.5765    
   265.0000       15282.00       123.6204    
   266.0000       15296.00       123.6770    
   267.0000       15815.00       125.7577    
   268.0000       15079.00       122.7966    
   269.0000       15946.00       126.2775    
   270.0000       14861.00       121.9057    
   271.0000       14354.00       119.8082    
   272.0000       15520.00       124.5793    
   273.0000       15107.00       122.9105    
   274.0000       14879.00       121.9795    
   275.0000       14840.00       121.8195    
   276.0000       15085.00       122.8210    
   277.0000       14929.00       122.1843    
   278.0000       14409.00       120.0375    
   279.0000       12963.00       113.8552    
   280.0000       15442.00       124.2658    
   281.0000       15007.00       122.5031    
   282.0000       15356.00       123.9193    
   283.0000       15217.00       123.3572    
   284.0000       15131.00       123.0081    
   285.0000       14985.00       122.4132    
   286.0000       15220.00       123.3694    
   287.0000       15518.00       124.5713    
   288.0000       14922.00       122.1556    
   289.0000       15475.00       124.3986    
   290.0000       14497.00       120.4035    
   291.0000       14641.00       121.0000    
   292.0000       15041.00       122.6418    
   293.0000       14381.00       119.9208    
   294.0000       14585.00       120.7684    
   295.0000       14893.00       122.0369    
   296.0000       15117.00       122.9512    
   297.0000       14598.00       120.8222    
   298.0000       14351.00       119.7957    
   299.0000       14195.00       119.1428    
   300.0000       15491.00       124.4628    
   301.0000       14613.00       120.8842    
   302.0000       14822.00       121.7456    
   303.0000       15070.00       122.7599    
   304.0000       14626.00       120.9380    
   305.0000       15074.00       122.7762    
   306.0000       14795.00       121.6347    
   307.0000       14771.00       121.5360    
   308.0000       14579.00       120.7435    
   309.0000       15355.00       123.9153    
   310.0000       14506.00       120.4409    
   311.0000       14897.00       122.0533    
   312.0000       15060.00       122.7192    
   313.0000       14312.00       119.6328    
   314.0000       14531.00       120.5446    
   315.0000       14294.00       119.5575    
   316.0000       14827.00       121.7662    
   317.0000       14890.00       122.0246    
   318.0000       14369.00       119.8708    
   319.0000       14033.00       118.4610    
   320.0000       13440.00       115.9310    
   321.0000       14581.00       120.7518    
   322.0000       14998.00       122.4663    
   323.0000       14883.00       121.9959    
   324.0000       14601.00       120.8346    
   325.0000       14767.00       121.5195    
   326.0000       14789.00       121.6100    
   327.0000       14741.00       121.4125    
   328.0000       13968.00       118.1863    
   329.0000       15167.00       123.1544    
   330.0000       14250.00       119.3734    
   331.0000       14233.00       119.3021    
   332.0000       14650.00       121.0372    
   333.0000       14040.00       118.4905    
   334.0000       14427.00       120.1124    
   335.0000       14237.00       119.3189    
   336.0000       14366.00       119.8582    
   337.0000       14485.00       120.3536    
   338.0000       14577.00       120.7352    
   339.0000       14230.00       119.2896    
   340.0000       15081.00       122.8047    
   341.0000       14568.00       120.6980    
   342.0000       14929.00       122.1843    
   343.0000       15041.00       122.6418    
   344.0000       15118.00       122.9553    
   345.0000       15775.00       125.5986    
   346.0000       15142.00       123.0528    
   347.0000       15337.00       123.8426    
   348.0000       15272.00       123.5799    
   349.0000       15760.00       125.5388    
   350.0000       14743.00       121.4208    
   351.0000       15086.00       122.8251    
   352.0000       15394.00       124.0726    
   353.0000       14774.00       121.5483    
   354.0000       15086.00       122.8251    
   355.0000       15131.00       123.0081    
   356.0000       15512.00       124.5472    
   357.0000       15161.00       123.1300    
   358.0000       14976.00       122.3765    
   359.0000       15773.00       125.5906    
   360.0000       15548.00       124.6916    
   361.0000       15031.00       122.6010    
   362.0000       15223.00       123.3815    
   363.0000       15332.00       123.8225    
   364.0000       15396.00       124.0806    
   365.0000       15352.00       123.9032    
   366.0000       15232.00       123.4180    
   367.0000       15698.00       125.2917    
   368.0000       15232.00       123.4180    
   369.0000       16020.00       126.5701    
   370.0000       14398.00       119.9917    
   371.0000       14610.00       120.8718    
   372.0000       15774.00       125.5946    
   373.0000       14893.00       122.0369    
   374.0000       15021.00       122.5602    
   375.0000       15153.00       123.0975    
   376.0000       15273.00       123.5840    
   377.0000       15234.00       123.4261    
   378.0000       14593.00       120.8015    
   379.0000       14462.00       120.2581    
   380.0000       15398.00       124.0887    
   381.0000       13956.00       118.1355    
   382.0000       14695.00       121.2229    
   383.0000       15147.00       123.0732    
   384.0000       14998.00       122.4663    
   385.0000       15016.00       122.5398    
   386.0000       14961.00       122.3152    
   387.0000       15533.00       124.6315    
   388.0000       14562.00       120.6731    
   389.0000       15479.00       124.4146    
   390.0000       14620.00       120.9132    
   391.0000       15010.00       122.5153    
   392.0000       14858.00       121.8934    
   393.0000       14647.00       121.0248    
   394.0000       15040.00       122.6377    
   395.0000       14957.00       122.2988    
   396.0000       15217.00       123.3572    
   397.0000       15166.00       123.1503    
   398.0000       14634.00       120.9711    
   399.0000       15081.00       122.8047    
   400.0000       15036.00       122.6214    
   401.0000       14949.00       122.2661    
   402.0000       15081.00       122.8047    
   403.0000       14965.00       122.3315    
   404.0000       14982.00       122.4010    
   405.0000       15090.00       122.8414    
   406.0000       14936.00       122.2129    
   407.0000       14794.00       121.6306    
   408.0000       14374.00       119.8916    
   409.0000       15182.00       123.2153    
   410.0000       13991.00       118.2836    
   411.0000       14608.00       120.8636    
   412.0000       15004.00       122.4908    
   413.0000       14237.00       119.3189    
   414.0000       14833.00       121.7908    
   415.0000       14519.00       120.4948    
   416.0000       14831.00       121.7826    
   417.0000       14549.00       120.6192    
   418.0000       13834.00       117.6180    
   419.0000       13457.00       116.0043    
   420.0000       14550.00       120.6234    
   421.0000       14482.00       120.3412    
   422.0000       14935.00       122.2088    
   423.0000       15109.00       122.9187    
   424.0000       14608.00       120.8636    
   425.0000       14985.00       122.4132    
   426.0000       14869.00       121.9385    
   427.0000       15131.00       123.0081    
   428.0000       14598.00       120.8222    
   429.0000       15608.00       124.9320    
   430.0000       14237.00       119.3189    
   431.0000       14364.00       119.8499    
   432.0000       14754.00       121.4660    
   433.0000       14590.00       120.7891    
   434.0000       14725.00       121.3466    
   435.0000       14474.00       120.3079    
   436.0000       14279.00       119.4948    
   437.0000       14673.00       121.1322    
   438.0000       14705.00       121.2642    
   439.0000       14023.00       118.4187    
   440.0000       15154.00       123.1016    
   441.0000       14724.00       121.3425    
   442.0000       14122.00       118.8360    
   443.0000       14146.00       118.9370    
   444.0000       14352.00       119.7998    
   445.0000       14587.00       120.7767    
   446.0000       14429.00       120.1208    
   447.0000       14540.00       120.5819    
   448.0000       14322.00       119.6746    
   449.0000       15246.00       123.4747    
   450.0000       14095.00       118.7224    
   451.0000       14331.00       119.7122    
   452.0000       14711.00       121.2889    
   453.0000       14234.00       119.3063    
   454.0000       14503.00       120.4284    
   455.0000       14611.00       120.8760    
   456.0000       14516.00       120.4824    
   457.0000       14612.00       120.8801    
   458.0000       14363.00       119.8457    
   459.0000       13856.00       117.7115    
   460.0000       16466.00       128.3199    
   461.0000       14414.00       120.0583    
   462.0000       14392.00       119.9667    
   463.0000       14849.00       121.8565    
   464.0000       14863.00       121.9139    
   465.0000       14728.00       121.3590    
   466.0000       14329.00       119.7038    
   467.0000       14948.00       122.2620    
   468.0000       14402.00       120.0083    
   469.0000       15513.00       124.5512    
   470.0000       14525.00       120.5197    
   471.0000       14545.00       120.6027    
   472.0000       14543.00       120.5944    
   473.0000       14456.00       120.2331    
   474.0000       14288.00       119.5324    
   475.0000       14583.00       120.7601    
   476.0000       15263.00       123.5435    
   477.0000       14591.00       120.7932    
   478.0000       14420.00       120.0833    
   479.0000       15256.00       123.5152    
   480.0000       13595.00       116.5976    
   481.0000       14699.00       121.2394    
   482.0000       15103.00       122.8943    
   483.0000       14640.00       120.9959    
   484.0000       14243.00       119.3440    
   485.0000       14634.00       120.9711    
   486.0000       14871.00       121.9467    
   487.0000       15052.00       122.6866    
   488.0000       14584.00       120.7642    
   489.0000       15686.00       125.2438    
   490.0000       14131.00       118.8739    
   491.0000       14253.00       119.3859    
   492.0000       15142.00       123.0528    
   493.0000       14594.00       120.8056    
   494.0000       14683.00       121.1734    
   495.0000       14639.00       120.9917    
   496.0000       15075.00       122.7803    
   497.0000       14998.00       122.4663    
   498.0000       14587.00       120.7767    
   499.0000       14750.00       121.4496    
   500.0000       14504.00       120.4326    
   501.0000       14599.00       120.8263    
   502.0000       14382.00       119.9250    
   503.0000       14560.00       120.6648    
   504.0000       14815.00       121.7169    
   505.0000       15022.00       122.5643    
   506.0000       14879.00       121.9795    
   507.0000       15229.00       123.4058    
   508.0000       14555.00       120.6441    
   509.0000       15216.00       123.3531    
   510.0000       14352.00       119.7998    
   511.0000       14867.00       121.9303    
   512.0000       15154.00       123.1016    
   513.0000       14502.00       120.4242    
   514.0000       14854.00       121.8770    
   515.0000       14756.00       121.4743    
   516.0000       15012.00       122.5235    
   517.0000       14914.00       122.1229    
   518.0000       14629.00       120.9504    
   519.0000       15084.00       122.8169    
   520.0000       15969.00       126.3685    
   521.0000       14412.00       120.0500    
   522.0000       14598.00       120.8222    
   523.0000       15114.00       122.9390    
   524.0000       14751.00       121.4537    
   525.0000       14732.00       121.3755    
   526.0000       15047.00       122.6662    
   527.0000       15179.00       123.2031    
   528.0000       14183.00       119.0924    
   529.0000       15729.00       125.4153    
   530.0000       14363.00       119.8457    
   531.0000       14978.00       122.3846    
   532.0000       15024.00       122.5724    
   533.0000       14757.00       121.4784    
   534.0000       14776.00       121.5566    
   535.0000       14472.00       120.2996    
   536.0000       15737.00       125.4472    
   537.0000       15316.00       123.7578    
   538.0000       14639.00       120.9917    
   539.0000       14951.00       122.2743    
   540.0000       14950.00       122.2702    
   541.0000       14444.00       120.1832    
   542.0000       14918.00       122.1393    
   543.0000       15012.00       122.5235    
   544.0000       15118.00       122.9553    
   545.0000       15016.00       122.5398    
   546.0000       15120.00       122.9634    
   547.0000       15276.00       123.5961    
   548.0000       14864.00       121.9180    
   549.0000       15716.00       125.3635    
   550.0000       14847.00       121.8483    
   551.0000       14729.00       121.3631    
   552.0000       15219.00       123.3653    
   553.0000       14706.00       121.2683    
   554.0000       14882.00       121.9918    
   555.0000       14791.00       121.6183    
   556.0000       15045.00       122.6581    
   557.0000       15135.00       123.0244    
   558.0000       14494.00       120.3910    
   559.0000       13599.00       116.6148    
   560.0000       14546.00       120.6068    
   561.0000       14446.00       120.1915    
   562.0000       14549.00       120.6192    
   563.0000       14644.00       121.0124    
   564.0000       14768.00       121.5237    
   565.0000       14986.00       122.4173    
   566.0000       14906.00       122.0901    
   567.0000       14963.00       122.3233    
   568.0000       14068.00       118.6086    
   569.0000       15289.00       123.6487    
   570.0000       14121.00       118.8318    
   571.0000       14374.00       119.8916    
   572.0000       15060.00       122.7192    
   573.0000       14472.00       120.2996    
   574.0000       14636.00       120.9793    
   575.0000       14351.00       119.7957    
   576.0000       14442.00       120.1749    
   577.0000       14474.00       120.3079    
   578.0000       13963.00       118.1651    
   579.0000       12633.00       112.3966    
   580.0000       14080.00       118.6592    
   581.0000       14251.00       119.3776    
   582.0000       14396.00       119.9833    
   583.0000       14282.00       119.5073    
   584.0000       14488.00       120.3661    
   585.0000       14255.00       119.3943    
   586.0000       14108.00       118.7771    
   587.0000       14602.00       120.8387    
   588.0000       13815.00       117.5372    
   589.0000       14589.00       120.7849    
   590.0000       13347.00       115.5292    
   591.0000       13536.00       116.3443    
   592.0000       14044.00       118.5074    
   593.0000       13064.00       114.2979    
   594.0000       13474.00       116.0776    
   595.0000       13574.00       116.5075    
   596.0000       13686.00       116.9872    
   597.0000       12728.00       112.8184    
   598.0000       13243.00       115.0782    
   599.0000       12762.00       112.9690    
   600.0000       13663.00       116.8888    
   601.0000       12890.00       113.5341    
   602.0000       13063.00       114.2935    
   603.0000       13555.00       116.4259    
   604.0000       13399.00       115.7541    
   605.0000       13134.00       114.6037    
   606.0000       12859.00       113.3975    
   607.0000       13229.00       115.0174    
   608.0000       13150.00       114.6734    
   609.0000       13405.00       115.7800    
   610.0000       12699.00       112.6898    
   611.0000       12739.00       112.8672    
   612.0000       13053.00       114.2497    
   613.0000       12646.00       112.4544    
   614.0000       12428.00       111.4809    
   615.0000       12388.00       111.3014    
   616.0000       12605.00       112.2720    
   617.0000       12520.00       111.8928    
   618.0000       14522.00       120.5073    
   619.0000       14962.00       122.3193    
   620.0000       17788.00       133.3717    
   621.0000       14914.00       122.1229    
   622.0000       14824.00       121.7539    
   623.0000       15221.00       123.3734    
   624.0000       14820.00       121.7374    
   625.0000       15142.00       123.0528    
   626.0000       14915.00       122.1270    
   627.0000       15008.00       122.5071    
   628.0000       14567.00       120.6938    
   629.0000       15142.00       123.0528    
   630.0000       14140.00       118.9117    
   631.0000       14325.00       119.6871    
   632.0000       14831.00       121.7826    
   633.0000       14048.00       118.5243    
   634.0000       14205.00       119.1847    
   635.0000       13928.00       118.0169    
   636.0000       14276.00       119.4822    
   637.0000       14488.00       120.3661    
   638.0000       14036.00       118.4736    
   639.0000       14169.00       119.0336    
