sample v-GeO2 800K  x3                                       25-11-07   200.000K
                                                                                
  XO,DX,Lambda :   0.0000000E+00   1.000000       0.0
  0.0000000E+00   1077.000       32.81768    
   1.000000       155.0000       12.44990    
   2.000000       142.0000       11.91638    
   3.000000       204.0000       14.28286    
   4.000000       243.0000       15.58846    
   5.000000       379.0000       19.46792    
   6.000000       408.0000       20.19901    
   7.000000       478.0000       21.86321    
   8.000000       535.0000       23.13007    
   9.000000       554.0000       23.53720    
   10.00000       515.0000       22.69361    
   11.00000       498.0000       22.31591    
   12.00000       434.0000       20.83267    
   13.00000       378.0000       19.44222    
   14.00000       394.0000       19.84943    
   15.00000       388.0000       19.69772    
   16.00000       385.0000       19.62142    
   17.00000       383.0000       19.57038    
   18.00000       455.0000       21.33073    
   19.00000       1144.000       33.82307    
   20.00000       519.0000       22.78157    
   21.00000       642.0000       25.33772    
   22.00000       652.0000       25.53429    
   23.00000       798.0000       28.24889    
   24.00000       2310.000       48.06246    
   25.00000       4145.000       64.38168    
   26.00000       4562.000       67.54258    
   27.00000       4863.000       69.73521    
   28.00000       5004.000       70.73896    
   29.00000       4790.000       69.20982    
   30.00000       4131.000       64.27286    
   31.00000       4418.000       66.46804    
   32.00000       4786.000       69.18092    
   33.00000       5165.000       71.86794    
   34.00000       4812.000       69.36858    
   35.00000       4711.000       68.63673    
   36.00000       5187.000       72.02083    
   37.00000       5208.000       72.16647    
   38.00000       4744.000       68.87670    
   39.00000       4458.000       66.76826    
   40.00000       5165.000       71.86794    
   41.00000       5073.000       71.22500    
   42.00000       4983.000       70.59037    
   43.00000       5135.000       71.65891    
   44.00000       5359.000       73.20519    
   45.00000       5376.000       73.32121    
   46.00000       5079.000       71.26711    
   47.00000       5041.000       71.00000    
   48.00000       4912.000       70.08566    
   49.00000       5221.000       72.25648    
   50.00000       4440.000       66.63332    
   51.00000       4813.000       69.37579    
   52.00000       5393.000       73.43705    
   53.00000       5198.000       72.09716    
   54.00000       4988.000       70.62577    
   55.00000       5185.000       72.00694    
   56.00000       5144.000       71.72169    
   57.00000       4976.000       70.54077    
   58.00000       4735.000       68.81133    
   59.00000       4065.000       63.75735    
   60.00000       5480.000       74.02702    
   61.00000       8006.000       89.47626    
   62.00000       8440.000       91.86948    
   63.00000       5879.000       76.67464    
   64.00000       5420.000       73.62065    
   65.00000       5393.000       73.43705    
   66.00000       5347.000       73.12318    
   67.00000       5389.000       73.40981    
   68.00000       5373.000       73.30075    
   69.00000       6048.000       77.76889    
   70.00000       5397.000       73.46428    
   71.00000       5569.000       74.62573    
   72.00000       7227.000       85.01176    
   73.00000       12039.00       109.7224    
   74.00000       18335.00       135.4068    
   75.00000       16073.00       126.7793    
   76.00000       9945.000       99.72462    
   77.00000       6824.000       82.60751    
   78.00000       5690.000       75.43209    
   79.00000       4644.000       68.14690    
   80.00000       5770.000       75.96052    
   81.00000       5600.000       74.83315    
   82.00000       5842.000       76.43298    
   83.00000       5818.000       76.27582    
   84.00000       5684.000       75.39231    
   85.00000       5755.000       75.86172    
   86.00000       5560.000       74.56541    
   87.00000       5620.000       74.96666    
   88.00000       5703.000       75.51821    
   89.00000       6047.000       77.76246    
   90.00000       5395.000       73.45066    
   91.00000       5653.000       75.18643    
   92.00000       5755.000       75.86172    
   93.00000       5756.000       75.86831    
   94.00000       6083.000       77.99359    
   95.00000       7015.000       83.75560    
   96.00000       8658.000       93.04838    
   97.00000       9355.000       96.72125    
   98.00000       8190.000       90.49862    
   99.00000       5934.000       77.03246    
   100.0000       5952.000       77.14921    
   101.0000       6479.000       80.49223    
   102.0000       6820.000       82.58329    
   103.0000       7201.000       84.85870    
   104.0000       6938.000       83.29465    
   105.0000       6830.000       82.64381    
   106.0000       6460.000       80.37412    
   107.0000       7034.000       83.86894    
   108.0000       7347.000       85.71465    
   109.0000       8529.000       92.35258    
   110.0000       8123.000       90.12769    
   111.0000       8004.000       89.46508    
   112.0000       6804.000       82.48637    
   113.0000       5822.000       76.30203    
   114.0000       6175.000       78.58117    
   115.0000       6158.000       78.47292    
   116.0000       6174.000       78.57481    
   117.0000       6080.000       77.97436    
   118.0000       5863.000       76.57023    
   119.0000       4892.000       69.94283    
   120.0000       6441.000       80.25584    
   121.0000       6044.000       77.74316    
   122.0000       6584.000       81.14185    
   123.0000       7623.000       87.30979    
   124.0000       9998.000       99.99000    
   125.0000       10595.00       102.9320    
   126.0000       10077.00       100.3843    
   127.0000       7896.000       88.85944    
   128.0000       6132.000       78.30709    
   129.0000       6437.000       80.23092    
   130.0000       5756.000       75.86831    
   131.0000       6346.000       79.66178    
   132.0000       7594.000       87.14356    
   133.0000       8306.000       91.13726    
   134.0000       11160.00       105.6409    
   135.0000       12492.00       111.7676    
   136.0000       12835.00       113.2917    
   137.0000       11626.00       107.8239    
   138.0000       8340.000       91.32360    
   139.0000       6552.000       80.94443    
   140.0000       5950.000       77.13625    
   141.0000       6315.000       79.46697    
   142.0000       6404.000       80.02499    
   143.0000       6780.000       82.34075    
   144.0000       7404.000       86.04650    
   145.0000       7726.000       87.89767    
   146.0000       7814.000       88.39684    
   147.0000       7994.000       89.40917    
   148.0000       7833.000       88.50423    
   149.0000       8016.000       89.53212    
   150.0000       6673.000       81.68843    
   151.0000       6553.000       80.95060    
   152.0000       6695.000       81.82298    
   153.0000       6834.000       82.66801    
   154.0000       6643.000       81.50460    
   155.0000       6494.000       80.58536    
   156.0000       6687.000       81.77408    
   157.0000       6938.000       83.29465    
   158.0000       6559.000       80.98766    
   159.0000       5743.000       75.78259    
   160.0000       9898.000       99.48869    
   161.0000       10077.00       100.3843    
   162.0000       10212.00       101.0544    
   163.0000       10426.00       102.1078    
   164.0000       10271.00       101.3459    
   165.0000       9140.000       95.60335    
   166.0000       8327.000       91.25240    
   167.0000       8407.000       91.68970    
   168.0000       7852.000       88.61151    
   169.0000       8559.000       92.51486    
   170.0000       8146.000       90.25520    
   171.0000       8209.000       90.60353    
   172.0000       8536.000       92.39047    
   173.0000       7829.000       88.48164    
   174.0000       7607.000       87.21812    
   175.0000       7510.000       86.66026    
   176.0000       7952.000       89.17399    
   177.0000       7518.000       86.70640    
   178.0000       6939.000       83.30066    
   179.0000       6997.000       83.64807    
   180.0000       7728.000       87.90904    
   181.0000       8412.000       91.71696    
   182.0000       11064.00       105.1855    
   183.0000       13374.00       115.6460    
   184.0000       16297.00       127.6597    
   185.0000       20810.00       144.2567    
   186.0000       22892.00       151.3010    
   187.0000       19057.00       138.0471    
   188.0000       10232.00       101.1534    
   189.0000       8719.000       93.37559    
   190.0000       7738.000       87.96590    
   191.0000       7690.000       87.69264    
   192.0000       7835.000       88.51553    
   193.0000       7217.000       84.95293    
   194.0000       6834.000       82.66801    
   195.0000       6937.000       83.28866    
   196.0000       6824.000       82.60751    
   197.0000       6710.000       81.91459    
   198.0000       6732.000       82.04877    
   199.0000       6910.000       83.12641    
   200.0000       6389.000       79.93122    
   201.0000       6505.000       80.65358    
   202.0000       6961.000       83.43261    
   203.0000       7326.000       85.59206    
   204.0000       7332.000       85.62710    
   205.0000       7447.000       86.29601    
   206.0000       7236.000       85.06468    
   207.0000       7554.000       86.91375    
   208.0000       7140.000       84.49852    
   209.0000       7428.000       86.18584    
   210.0000       6453.000       80.33057    
   211.0000       6629.000       81.41867    
   212.0000       6925.000       83.21658    
   213.0000       6752.000       82.17056    
   214.0000       6770.000       82.28001    
   215.0000       6615.000       81.33265    
   216.0000       6911.000       83.13242    
   217.0000       6813.000       82.54090    
   218.0000       6459.000       80.36790    
   219.0000       6244.000       79.01898    
   220.0000       7739.000       87.97159    
   221.0000       7278.000       85.31120    
   222.0000       7350.000       85.73214    
   223.0000       7144.000       84.52219    
   224.0000       7158.000       84.60497    
   225.0000       6876.000       82.92165    
   226.0000       6898.000       83.05420    
   227.0000       7106.000       84.29710    
   228.0000       6723.000       81.99390    
   229.0000       7282.000       85.33463    
   230.0000       6399.000       79.99375    
   231.0000       6569.000       81.04937    
   232.0000       6656.000       81.58431    
   233.0000       6565.000       81.02469    
   234.0000       6640.000       81.48620    
   235.0000       6782.000       82.35290    
   236.0000       7165.000       84.64632    
   237.0000       7152.000       84.56950    
   238.0000       7528.000       86.76405    
   239.0000       7085.000       84.17244    
   240.0000       8515.000       92.27676    
   241.0000       8731.000       93.43982    
   242.0000       9715.000       98.56470    
   243.0000       10023.00       100.1149    
   244.0000       9774.000       98.86354    
   245.0000       8532.000       92.36883    
   246.0000       7453.000       86.33076    
   247.0000       7517.000       86.70064    
   248.0000       7069.000       84.07735    
   249.0000       7607.000       87.21812    
   250.0000       6661.000       81.61495    
   251.0000       6864.000       82.84926    
   252.0000       6956.000       83.40264    
   253.0000       6920.000       83.18654    
   254.0000       7042.000       83.91663    
   255.0000       7016.000       83.76157    
   256.0000       7097.000       84.24369    
   257.0000       7154.000       84.58132    
   258.0000       6655.000       81.57819    
   259.0000       5879.000       76.67464    
   260.0000       7770.000       88.14761    
   261.0000       7958.000       89.20763    
   262.0000       7691.000       87.69835    
   263.0000       7574.000       87.02873    
   264.0000       7537.000       86.81590    
   265.0000       7583.000       87.08042    
   266.0000       7939.000       89.10107    
   267.0000       8282.000       91.00549    
   268.0000       7481.000       86.49277    
   269.0000       8031.000       89.61584    
   270.0000       7124.000       84.40379    
   271.0000       7183.000       84.75258    
   272.0000       7748.000       88.02273    
   273.0000       7592.000       87.13208    
   274.0000       7684.000       87.65842    
   275.0000       7798.000       88.30628    
   276.0000       8001.000       89.44831    
   277.0000       8013.000       89.51537    
   278.0000       7971.000       89.28046    
   279.0000       7128.000       84.42748    
   280.0000       8975.000       94.73647    
   281.0000       8485.000       92.11406    
   282.0000       8481.000       92.09235    
   283.0000       8427.000       91.79869    
   284.0000       8033.000       89.62701    
   285.0000       7752.000       88.04544    
   286.0000       7645.000       87.43569    
   287.0000       7881.000       88.77499    
   288.0000       7649.000       87.45856    
   289.0000       8176.000       90.42123    
   290.0000       7261.000       85.21150    
   291.0000       7392.000       85.97674    
   292.0000       7570.000       87.00574    
   293.0000       7188.000       84.78207    
   294.0000       7367.000       85.83123    
   295.0000       7470.000       86.42916    
   296.0000       7573.000       87.02299    
   297.0000       7568.000       86.99426    
   298.0000       6938.000       83.29465    
   299.0000       6959.000       83.42062    
   300.0000       7466.000       86.40602    
   301.0000       7201.000       84.85870    
   302.0000       7173.000       84.69357    
   303.0000       7205.000       84.88227    
   304.0000       7149.000       84.55176    
   305.0000       7314.000       85.52193    
   306.0000       7151.000       84.56358    
   307.0000       7396.000       86.00000    
   308.0000       7195.000       84.82335    
   309.0000       7752.000       88.04544    
   310.0000       6861.000       82.83115    
   311.0000       7149.000       84.55176    
   312.0000       7511.000       86.66602    
   313.0000       7099.000       84.25556    
   314.0000       7350.000       85.73214    
   315.0000       7302.000       85.45174    
   316.0000       7397.000       86.00581    
   317.0000       7430.000       86.19745    
   318.0000       6999.000       83.66003    
   319.0000       6490.000       80.56054    
   320.0000       7020.000       83.78544    
   321.0000       7035.000       83.87491    
   322.0000       7286.000       85.35807    
   323.0000       7356.000       85.76713    
   324.0000       7596.000       87.15504    
   325.0000       7344.000       85.69714    
   326.0000       6961.000       83.43261    
   327.0000       7273.000       85.28188    
   328.0000       6949.000       83.36066    
   329.0000       7455.000       86.34234    
   330.0000       6851.000       82.77077    
   331.0000       7000.000       83.66600    
   332.0000       7330.000       85.61542    
   333.0000       7105.000       84.29116    
   334.0000       7181.000       84.74078    
   335.0000       7077.000       84.12491    
   336.0000       6996.000       83.64210    
   337.0000       7067.000       84.06545    
   338.0000       6926.000       83.22260    
   339.0000       6768.000       82.26785    
   340.0000       7591.000       87.12634    
   341.0000       7045.000       83.93450    
   342.0000       7548.000       86.87923    
   343.0000       7633.000       87.36704    
   344.0000       7742.000       87.98863    
   345.0000       7877.000       88.75246    
   346.0000       7525.000       86.74676    
   347.0000       7452.000       86.32497    
   348.0000       7582.000       87.07468    
   349.0000       7832.000       88.49859    
   350.0000       6987.000       83.58828    
   351.0000       7287.000       85.36393    
   352.0000       7436.000       86.23225    
   353.0000       7223.000       84.98824    
   354.0000       7326.000       85.59206    
   355.0000       7302.000       85.45174    
   356.0000       7633.000       87.36704    
   357.0000       7288.000       85.36978    
   358.0000       7189.000       84.78797    
   359.0000       7626.000       87.32697    
   360.0000       7423.000       86.15684    
   361.0000       7109.000       84.31489    
   362.0000       7181.000       84.74078    
   363.0000       7260.000       85.20564    
   364.0000       7421.000       86.14523    
   365.0000       7345.000       85.70297    
   366.0000       7225.000       85.00000    
   367.0000       7406.000       86.05812    
   368.0000       7344.000       85.69714    
   369.0000       7763.000       88.10789    
   370.0000       6841.000       82.71033    
   371.0000       7094.000       84.22588    
   372.0000       7783.000       88.22131    
   373.0000       7223.000       84.98824    
   374.0000       7104.000       84.28523    
   375.0000       7211.000       84.91761    
   376.0000       7266.000       85.24084    
   377.0000       7221.000       84.97647    
   378.0000       7086.000       84.17838    
   379.0000       6839.000       82.69825    
   380.0000       7390.000       85.96511    
   381.0000       6896.000       83.04216    
   382.0000       7256.000       85.18216    
   383.0000       7269.000       85.25843    
   384.0000       7285.000       85.35221    
   385.0000       7534.000       86.79861    
   386.0000       7335.000       85.64462    
   387.0000       7702.000       87.76104    
   388.0000       7336.000       85.65045    
   389.0000       7417.000       86.12201    
   390.0000       7040.000       83.90471    
   391.0000       7203.000       84.87049    
   392.0000       7230.000       85.02940    
   393.0000       6977.000       83.52843    
   394.0000       7205.000       84.88227    
   395.0000       7274.000       85.28775    
   396.0000       7368.000       85.83705    
   397.0000       7423.000       86.15684    
   398.0000       7162.000       84.62860    
   399.0000       7394.000       85.98837    
   400.0000       7464.000       86.39445    
   401.0000       7263.000       85.22324    
   402.0000       7434.000       86.22065    
   403.0000       7342.000       85.68547    
   404.0000       7349.000       85.72631    
   405.0000       7759.000       88.08519    
   406.0000       7466.000       86.40602    
   407.0000       7141.000       84.50444    
   408.0000       7311.000       85.50439    
   409.0000       7264.000       85.22910    
   410.0000       6891.000       83.01205    
   411.0000       7284.000       85.34635    
   412.0000       7457.000       86.35392    
   413.0000       7363.000       85.80792    
   414.0000       7434.000       86.22065    
   415.0000       7259.000       85.19977    
   416.0000       7583.000       87.08042    
   417.0000       7329.000       85.60958    
   418.0000       7024.000       83.80931    
   419.0000       6867.000       82.86736    
   420.0000       7406.000       86.05812    
   421.0000       7364.000       85.81375    
   422.0000       7916.000       88.97191    
   423.0000       7590.000       87.12061    
   424.0000       7363.000       85.80792    
   425.0000       7870.000       88.71302    
   426.0000       7517.000       86.70064    
   427.0000       7757.000       88.07383    
   428.0000       7600.000       87.17798    
   429.0000       7804.000       88.34025    
   430.0000       7222.000       84.98235    
   431.0000       7504.000       86.62563    
   432.0000       7654.000       87.48714    
   433.0000       7304.000       85.46344    
   434.0000       7520.000       86.71793    
   435.0000       7506.000       86.63718    
   436.0000       7447.000       86.29601    
   437.0000       7631.000       87.35560    
   438.0000       7577.000       87.04597    
   439.0000       7361.000       85.79627    
   440.0000       8189.000       90.49310    
   441.0000       7947.000       89.14595    
   442.0000       7667.000       87.56141    
   443.0000       7572.000       87.01724    
   444.0000       7583.000       87.08042    
   445.0000       7529.000       86.76981    
   446.0000       7408.000       86.06974    
   447.0000       7427.000       86.18005    
   448.0000       7444.000       86.27862    
   449.0000       7843.000       88.56071    
   450.0000       7157.000       84.59905    
   451.0000       7301.000       85.44589    
   452.0000       7436.000       86.23225    
   453.0000       7598.000       87.16650    
   454.0000       7312.000       85.51023    
   455.0000       7339.000       85.66796    
   456.0000       7524.000       86.74100    
   457.0000       7507.000       86.64294    
   458.0000       7304.000       85.46344    
   459.0000       6875.000       82.91562    
   460.0000       8588.000       92.67146    
   461.0000       7247.000       85.12931    
   462.0000       7280.000       85.32291    
   463.0000       7617.000       87.27543    
   464.0000       7692.000       87.70405    
   465.0000       7519.000       86.71217    
   466.0000       7426.000       86.17424    
   467.0000       7737.000       87.96022    
   468.0000       7219.000       84.96470    
   469.0000       8033.000       89.62701    
   470.0000       7200.000       84.85281    
   471.0000       7259.000       85.19977    
   472.0000       7299.000       85.43419    
   473.0000       7278.000       85.31120    
   474.0000       7201.000       84.85870    
   475.0000       7167.000       84.65813    
   476.0000       7693.000       87.70975    
   477.0000       7355.000       85.76130    
   478.0000       7072.000       84.09518    
   479.0000       7360.000       85.79044    
   480.0000       6820.000       82.58329    
   481.0000       7364.000       85.81375    
   482.0000       7342.000       85.68547    
   483.0000       7489.000       86.53901    
   484.0000       7248.000       85.13519    
   485.0000       7345.000       85.70297    
   486.0000       7259.000       85.19977    
   487.0000       7635.000       87.37849    
   488.0000       7303.000       85.45759    
   489.0000       7845.000       88.57201    
   490.0000       7287.000       85.36393    
   491.0000       7278.000       85.31120    
   492.0000       7550.000       86.89074    
   493.0000       7275.000       85.29361    
   494.0000       7356.000       85.76713    
   495.0000       7344.000       85.69714    
   496.0000       7335.000       85.64462    
   497.0000       7448.000       86.30180    
   498.0000       7302.000       85.45174    
   499.0000       7275.000       85.29361    
   500.0000       7075.000       84.11302    
   501.0000       7209.000       84.90583    
   502.0000       6979.000       83.54041    
   503.0000       7026.000       83.82124    
   504.0000       7221.000       84.97647    
   505.0000       7511.000       86.66602    
   506.0000       7298.000       85.42833    
   507.0000       7377.000       85.88947    
   508.0000       7261.000       85.21150    
   509.0000       7542.000       86.84469    
   510.0000       7097.000       84.24369    
   511.0000       7234.000       85.05293    
   512.0000       7298.000       85.42833    
   513.0000       6924.000       83.21058    
   514.0000       7263.000       85.22324    
   515.0000       7239.000       85.08231    
   516.0000       7396.000       86.00000    
   517.0000       7454.000       86.33655    
   518.0000       7221.000       84.97647    
   519.0000       7197.000       84.83514    
   520.0000       7807.000       88.35723    
   521.0000       7242.000       85.09994    
   522.0000       7030.000       83.84509    
   523.0000       7339.000       85.66796    
   524.0000       7129.000       84.43340    
   525.0000       7186.000       84.77028    
   526.0000       7197.000       84.83514    
   527.0000       7692.000       87.70405    
   528.0000       7129.000       84.43340    
   529.0000       7628.000       87.33842    
   530.0000       7182.000       84.74668    
   531.0000       7224.000       84.99412    
   532.0000       7465.000       86.40023    
   533.0000       7173.000       84.69357    
   534.0000       7348.000       85.72047    
   535.0000       7078.000       84.13085    
   536.0000       7654.000       87.48714    
   537.0000       7541.000       86.83893    
   538.0000       7237.000       85.07056    
   539.0000       7207.000       84.89405    
   540.0000       7473.000       86.44652    
   541.0000       7231.000       85.03529    
   542.0000       7197.000       84.83514    
   543.0000       7475.000       86.45808    
   544.0000       7356.000       85.76713    
   545.0000       7398.000       86.01163    
   546.0000       7331.000       85.62126    
   547.0000       7501.000       86.60831    
   548.0000       7378.000       85.89529    
   549.0000       7750.000       88.03408    
   550.0000       7265.000       85.23497    
   551.0000       7347.000       85.71465    
   552.0000       7486.000       86.52168    
   553.0000       7565.000       86.97701    
   554.0000       7503.000       86.61986    
   555.0000       7206.000       84.88816    
   556.0000       7518.000       86.70640    
   557.0000       7529.000       86.76981    
   558.0000       7311.000       85.50439    
   559.0000       6443.000       80.26830    
   560.0000       7194.000       84.81745    
   561.0000       7329.000       85.60958    
   562.0000       7208.000       84.89994    
   563.0000       7269.000       85.25843    
   564.0000       7564.000       86.97126    
   565.0000       7537.000       86.81590    
   566.0000       7642.000       87.41853    
   567.0000       7591.000       87.12634    
   568.0000       7290.000       85.38150    
   569.0000       7861.000       88.66228    
   570.0000       6918.000       83.17451    
   571.0000       7157.000       84.59905    
   572.0000       7492.000       86.55634    
   573.0000       7324.000       85.58037    
   574.0000       7389.000       85.95929    
   575.0000       7164.000       84.64042    
   576.0000       7208.000       84.89994    
   577.0000       7202.000       84.86460    
   578.0000       6904.000       83.09031    
   579.0000       5741.000       75.76939    
   580.0000       7176.000       84.71127    
   581.0000       7234.000       85.05293    
   582.0000       7059.000       84.01785    
   583.0000       7330.000       85.61542    
   584.0000       7318.000       85.54531    
   585.0000       7330.000       85.61542    
   586.0000       7243.000       85.10582    
   587.0000       7336.000       85.65045    
   588.0000       7144.000       84.52219    
   589.0000       7572.000       87.01724    
   590.0000       6742.000       82.10968    
   591.0000       6759.000       82.21313    
   592.0000       7168.000       84.66404    
   593.0000       6585.000       81.14801    
   594.0000       6822.000       82.59540    
   595.0000       6861.000       82.83115    
   596.0000       7056.000       84.00000    
   597.0000       6377.000       79.85612    
   598.0000       6741.000       82.10359    
   599.0000       6189.000       78.67020    
   600.0000       7003.000       83.68393    
   601.0000       6573.000       81.07404    
   602.0000       6610.000       81.30190    
   603.0000       6719.000       81.96951    
   604.0000       6763.000       82.23746    
   605.0000       6621.000       81.36953    
   606.0000       6436.000       80.22469    
   607.0000       6563.000       81.01234    
   608.0000       6529.000       80.80223    
   609.0000       7055.000       83.99405    
   610.0000       6330.000       79.56129    
   611.0000       6383.000       79.89368    
   612.0000       6573.000       81.07404    
   613.0000       6498.000       80.61018    
   614.0000       6509.000       80.67838    
   615.0000       6325.000       79.52987    
   616.0000       6388.000       79.92496    
   617.0000       6480.000       80.49844    
   618.0000       7294.000       85.40491    
   619.0000       7592.000       87.13208    
   620.0000       9174.000       95.78100    
   621.0000       7581.000       87.06894    
   622.0000       7700.000       87.74964    
   623.0000       7801.000       88.32327    
   624.0000       7575.000       87.03448    
   625.0000       7701.000       87.75534    
   626.0000       7640.000       87.40710    
   627.0000       7631.000       87.35560    
   628.0000       7454.000       86.33655    
   629.0000       7810.000       88.37421    
   630.0000       7139.000       84.49260    
   631.0000       7287.000       85.36393    
   632.0000       7543.000       86.85045    
   633.0000       7202.000       84.86460    
   634.0000       7427.000       86.18005    
   635.0000       7238.000       85.07644    
   636.0000       7324.000       85.58037    
   637.0000       7444.000       86.27862    
   638.0000       7296.000       85.41663    
   639.0000       7248.000       85.13519    
