New empty oven                                               26-11-07   200.000K
                                                                                
  XO,DX,Lambda :   0.0000000E+00   1.000000       0.0
  0.0000000E+00   129.0000       11.35782    
   1.000000       55.00000       7.416198    
   2.000000       48.00000       6.928203    
   3.000000       60.00000       7.745967    
   4.000000       104.0000       10.19804    
   5.000000       171.0000       13.07670    
   6.000000       203.0000       14.24781    
   7.000000       194.0000       13.92839    
   8.000000       175.0000       13.22876    
   9.000000       153.0000       12.36932    
   10.00000       147.0000       12.12436    
   11.00000       126.0000       11.22497    
   12.00000       119.0000       10.90871    
   13.00000       143.0000       11.95826    
   14.00000       152.0000       12.32883    
   15.00000       128.0000       11.31371    
   16.00000       143.0000       11.95826    
   17.00000       172.0000       13.11488    
   18.00000       217.0000       14.73092    
   19.00000       287.0000       16.94107    
   20.00000       229.0000       15.13275    
   21.00000       245.0000       15.65248    
   22.00000       261.0000       16.15549    
   23.00000       284.0000       16.85230    
   24.00000       519.0000       22.78157    
   25.00000       728.0000       26.98148    
   26.00000       712.0000       26.68333    
   27.00000       682.0000       26.11513    
   28.00000       678.0000       26.03843    
   29.00000       710.0000       26.64582    
   30.00000       612.0000       24.73863    
   31.00000       658.0000       25.65151    
   32.00000       648.0000       25.45584    
   33.00000       670.0000       25.88436    
   34.00000       655.0000       25.59297    
   35.00000       679.0000       26.05763    
   36.00000       710.0000       26.64582    
   37.00000       723.0000       26.88866    
   38.00000       608.0000       24.65766    
   39.00000       627.0000       25.03997    
   40.00000       686.0000       26.19160    
   41.00000       649.0000       25.47548    
   42.00000       660.0000       25.69047    
   43.00000       731.0000       27.03701    
   44.00000       677.0000       26.01922    
   45.00000       647.0000       25.43620    
   46.00000       665.0000       25.78759    
   47.00000       693.0000       26.32489    
   48.00000       691.0000       26.28688    
   49.00000       692.0000       26.30589    
   50.00000       571.0000       23.89561    
   51.00000       624.0000       24.97999    
   52.00000       693.0000       26.32489    
   53.00000       713.0000       26.70206    
   54.00000       703.0000       26.51415    
   55.00000       714.0000       26.72078    
   56.00000       650.0000       25.49510    
   57.00000       668.0000       25.84570    
   58.00000       640.0000       25.29822    
   59.00000       566.0000       23.79075    
   60.00000       650.0000       25.49510    
   61.00000       628.0000       25.05993    
   62.00000       749.0000       27.36786    
   63.00000       731.0000       27.03701    
   64.00000       743.0000       27.25803    
   65.00000       705.0000       26.55184    
   66.00000       684.0000       26.15339    
   67.00000       676.0000       26.00000    
   68.00000       697.0000       26.40076    
   69.00000       805.0000       28.37252    
   70.00000       654.0000       25.57342    
   71.00000       695.0000       26.36285    
   72.00000       630.0000       25.09980    
   73.00000       685.0000       26.17250    
   74.00000       688.0000       26.22975    
   75.00000       700.0000       26.45751    
   76.00000       682.0000       26.11513    
   77.00000       681.0000       26.09598    
   78.00000       624.0000       24.97999    
   79.00000       587.0000       24.22808    
   80.00000       736.0000       27.12932    
   81.00000       702.0000       26.49528    
   82.00000       741.0000       27.22132    
   83.00000       742.0000       27.23968    
   84.00000       650.0000       25.49510    
   85.00000       729.0000       27.00000    
   86.00000       744.0000       27.27636    
   87.00000       745.0000       27.29469    
   88.00000       740.0000       27.20294    
   89.00000       847.0000       29.10326    
   90.00000       741.0000       27.22132    
   91.00000       751.0000       27.40438    
   92.00000       749.0000       27.36786    
   93.00000       739.0000       27.18456    
   94.00000       758.0000       27.53180    
   95.00000       745.0000       27.29469    
   96.00000       700.0000       26.45751    
   97.00000       706.0000       26.57066    
   98.00000       674.0000       25.96151    
   99.00000       677.0000       26.01922    
   100.0000       632.0000       25.13961    
   101.0000       698.0000       26.41969    
   102.0000       723.0000       26.88866    
   103.0000       777.0000       27.87472    
   104.0000       748.0000       27.34959    
   105.0000       765.0000       27.65863    
   106.0000       718.0000       26.79552    
   107.0000       757.0000       27.51363    
   108.0000       784.0000       28.00000    
   109.0000       781.0000       27.94638    
   110.0000       789.0000       28.08914    
   111.0000       816.0000       28.56571    
   112.0000       773.0000       27.80288    
   113.0000       763.0000       27.62245    
   114.0000       786.0000       28.03569    
   115.0000       770.0000       27.74887    
   116.0000       763.0000       27.62245    
   117.0000       761.0000       27.58623    
   118.0000       681.0000       26.09598    
   119.0000       598.0000       24.45404    
   120.0000       833.0000       28.86174    
   121.0000       779.0000       27.91057    
   122.0000       772.0000       27.78489    
   123.0000       825.0000       28.72281    
   124.0000       714.0000       26.72078    
   125.0000       744.0000       27.27636    
   126.0000       795.0000       28.19574    
   127.0000       735.0000       27.11088    
   128.0000       736.0000       27.12932    
   129.0000       810.0000       28.46050    
   130.0000       751.0000       27.40438    
   131.0000       745.0000       27.29469    
   132.0000       808.0000       28.42534    
   133.0000       734.0000       27.09243    
   134.0000       811.0000       28.47806    
   135.0000       766.0000       27.67670    
   136.0000       704.0000       26.53300    
   137.0000       775.0000       27.83882    
   138.0000       734.0000       27.09243    
   139.0000       751.0000       27.40438    
   140.0000       720.0000       26.83282    
   141.0000       691.0000       26.28688    
   142.0000       763.0000       27.62245    
   143.0000       724.0000       26.90725    
   144.0000       756.0000       27.49545    
   145.0000       796.0000       28.21347    
   146.0000       738.0000       27.16615    
   147.0000       791.0000       28.12472    
   148.0000       770.0000       27.74887    
   149.0000       779.0000       27.91057    
   150.0000       766.0000       27.67670    
   151.0000       745.0000       27.29469    
   152.0000       741.0000       27.22132    
   153.0000       742.0000       27.23968    
   154.0000       746.0000       27.31300    
   155.0000       722.0000       26.87006    
   156.0000       748.0000       27.34959    
   157.0000       762.0000       27.60435    
   158.0000       697.0000       26.40076    
   159.0000       551.0000       23.47339    
   160.0000       800.0000       28.28427    
   161.0000       741.0000       27.22132    
   162.0000       774.0000       27.82086    
   163.0000       741.0000       27.22132    
   164.0000       804.0000       28.35489    
   165.0000       745.0000       27.29469    
   166.0000       745.0000       27.29469    
   167.0000       795.0000       28.19574    
   168.0000       734.0000       27.09243    
   169.0000       783.0000       27.98214    
   170.0000       707.0000       26.58947    
   171.0000       710.0000       26.64582    
   172.0000       783.0000       27.98214    
   173.0000       723.0000       26.88866    
   174.0000       685.0000       26.17250    
   175.0000       755.0000       27.47726    
   176.0000       778.0000       27.89265    
   177.0000       725.0000       26.92582    
   178.0000       674.0000       25.96151    
   179.0000       685.0000       26.17250    
   180.0000       751.0000       27.40438    
   181.0000       719.0000       26.81417    
   182.0000       760.0000       27.56810    
   183.0000       756.0000       27.49545    
   184.0000       825.0000       28.72281    
   185.0000       800.0000       28.28427    
   186.0000       772.0000       27.78489    
   187.0000       772.0000       27.78489    
   188.0000       780.0000       27.92848    
   189.0000       834.0000       28.87906    
   190.0000       726.0000       26.94439    
   191.0000       771.0000       27.76689    
   192.0000       836.0000       28.91366    
   193.0000       706.0000       26.57066    
   194.0000       784.0000       28.00000    
   195.0000       726.0000       26.94439    
   196.0000       724.0000       26.90725    
   197.0000       756.0000       27.49545    
   198.0000       739.0000       27.18456    
   199.0000       791.0000       28.12472    
   200.0000       735.0000       27.11088    
   201.0000       721.0000       26.85144    
   202.0000       759.0000       27.54996    
   203.0000       737.0000       27.14774    
   204.0000       744.0000       27.27636    
   205.0000       722.0000       26.87006    
   206.0000       689.0000       26.24881    
   207.0000       761.0000       27.58623    
   208.0000       747.0000       27.33130    
   209.0000       772.0000       27.78489    
   210.0000       714.0000       26.72078    
   211.0000       691.0000       26.28688    
   212.0000       749.0000       27.36786    
   213.0000       787.0000       28.05352    
   214.0000       718.0000       26.79552    
   215.0000       750.0000       27.38613    
   216.0000       744.0000       27.27636    
   217.0000       747.0000       27.33130    
   218.0000       694.0000       26.34388    
   219.0000       723.0000       26.88866    
   220.0000       745.0000       27.29469    
   221.0000       737.0000       27.14774    
   222.0000       716.0000       26.75818    
   223.0000       717.0000       26.77686    
   224.0000       723.0000       26.88866    
   225.0000       729.0000       27.00000    
   226.0000       731.0000       27.03701    
   227.0000       751.0000       27.40438    
   228.0000       751.0000       27.40438    
   229.0000       754.0000       27.45906    
   230.0000       698.0000       26.41969    
   231.0000       694.0000       26.34388    
   232.0000       763.0000       27.62245    
   233.0000       700.0000       26.45751    
   234.0000       752.0000       27.42262    
   235.0000       719.0000       26.81417    
   236.0000       761.0000       27.58623    
   237.0000       755.0000       27.47726    
   238.0000       705.0000       26.55184    
   239.0000       675.0000       25.98076    
   240.0000       740.0000       27.20294    
   241.0000       703.0000       26.51415    
   242.0000       775.0000       27.83882    
   243.0000       713.0000       26.70206    
   244.0000       705.0000       26.55184    
   245.0000       782.0000       27.96426    
   246.0000       731.0000       27.03701    
   247.0000       772.0000       27.78489    
   248.0000       668.0000       25.84570    
   249.0000       760.0000       27.56810    
   250.0000       728.0000       26.98148    
   251.0000       749.0000       27.36786    
   252.0000       808.0000       28.42534    
   253.0000       705.0000       26.55184    
   254.0000       762.0000       27.60435    
   255.0000       657.0000       25.63201    
   256.0000       682.0000       26.11513    
   257.0000       707.0000       26.58947    
   258.0000       638.0000       25.25866    
   259.0000       614.0000       24.77902    
   260.0000       743.0000       27.25803    
   261.0000       758.0000       27.53180    
   262.0000       703.0000       26.51415    
   263.0000       685.0000       26.17250    
   264.0000       727.0000       26.96294    
   265.0000       685.0000       26.17250    
   266.0000       756.0000       27.49545    
   267.0000       700.0000       26.45751    
   268.0000       745.0000       27.29469    
   269.0000       741.0000       27.22132    
   270.0000       724.0000       26.90725    
   271.0000       698.0000       26.41969    
   272.0000       753.0000       27.44085    
   273.0000       726.0000       26.94439    
   274.0000       676.0000       26.00000    
   275.0000       695.0000       26.36285    
   276.0000       717.0000       26.77686    
   277.0000       682.0000       26.11513    
   278.0000       708.0000       26.60827    
   279.0000       581.0000       24.10394    
   280.0000       704.0000       26.53300    
   281.0000       687.0000       26.21069    
   282.0000       667.0000       25.82634    
   283.0000       760.0000       27.56810    
   284.0000       737.0000       27.14774    
   285.0000       677.0000       26.01922    
   286.0000       722.0000       26.87006    
   287.0000       687.0000       26.21069    
   288.0000       693.0000       26.32489    
   289.0000       705.0000       26.55184    
   290.0000       666.0000       25.80698    
   291.0000       740.0000       27.20294    
   292.0000       717.0000       26.77686    
   293.0000       693.0000       26.32489    
   294.0000       709.0000       26.62705    
   295.0000       706.0000       26.57066    
   296.0000       728.0000       26.98148    
   297.0000       681.0000       26.09598    
   298.0000       648.0000       25.45584    
   299.0000       630.0000       25.09980    
   300.0000       715.0000       26.73948    
   301.0000       697.0000       26.40076    
   302.0000       709.0000       26.62705    
   303.0000       731.0000       27.03701    
   304.0000       678.0000       26.03843    
   305.0000       694.0000       26.34388    
   306.0000       636.0000       25.21904    
   307.0000       714.0000       26.72078    
   308.0000       746.0000       27.31300    
   309.0000       745.0000       27.29469    
   310.0000       604.0000       24.57641    
   311.0000       664.0000       25.76820    
   312.0000       688.0000       26.22975    
   313.0000       689.0000       26.24881    
   314.0000       740.0000       27.20294    
   315.0000       680.0000       26.07681    
   316.0000       679.0000       26.05763    
   317.0000       717.0000       26.77686    
   318.0000       616.0000       24.81935    
   319.0000       586.0000       24.20744    
   320.0000       651.0000       25.51470    
   321.0000       704.0000       26.53300    
   322.0000       652.0000       25.53429    
   323.0000       647.0000       25.43620    
   324.0000       675.0000       25.98076    
   325.0000       740.0000       27.20294    
   326.0000       694.0000       26.34388    
   327.0000       689.0000       26.24881    
   328.0000       696.0000       26.38181    
   329.0000       701.0000       26.47640    
   330.0000       664.0000       25.76820    
   331.0000       649.0000       25.47548    
   332.0000       693.0000       26.32489    
   333.0000       657.0000       25.63201    
   334.0000       657.0000       25.63201    
   335.0000       611.0000       24.71841    
   336.0000       661.0000       25.70992    
   337.0000       704.0000       26.53300    
   338.0000       642.0000       25.33772    
   339.0000       643.0000       25.35744    
   340.0000       682.0000       26.11513    
   341.0000       670.0000       25.88436    
   342.0000       691.0000       26.28688    
   343.0000       695.0000       26.36285    
   344.0000       713.0000       26.70206    
   345.0000       692.0000       26.30589    
   346.0000       731.0000       27.03701    
   347.0000       727.0000       26.96294    
   348.0000       711.0000       26.66458    
   349.0000       750.0000       27.38613    
   350.0000       575.0000       23.97916    
   351.0000       684.0000       26.15339    
   352.0000       710.0000       26.64582    
   353.0000       695.0000       26.36285    
   354.0000       681.0000       26.09598    
   355.0000       698.0000       26.41969    
   356.0000       697.0000       26.40076    
   357.0000       680.0000       26.07681    
   358.0000       681.0000       26.09598    
   359.0000       734.0000       27.09243    
   360.0000       727.0000       26.96294    
   361.0000       678.0000       26.03843    
   362.0000       649.0000       25.47548    
   363.0000       679.0000       26.05763    
   364.0000       648.0000       25.45584    
   365.0000       694.0000       26.34388    
   366.0000       666.0000       25.80698    
   367.0000       680.0000       26.07681    
   368.0000       699.0000       26.43861    
   369.0000       727.0000       26.96294    
   370.0000       622.0000       24.93993    
   371.0000       605.0000       24.59675    
   372.0000       683.0000       26.13427    
   373.0000       632.0000       25.13961    
   374.0000       632.0000       25.13961    
   375.0000       684.0000       26.15339    
   376.0000       695.0000       26.36285    
   377.0000       680.0000       26.07681    
   378.0000       638.0000       25.25866    
   379.0000       598.0000       24.45404    
   380.0000       675.0000       25.98076    
   381.0000       606.0000       24.61707    
   382.0000       642.0000       25.33772    
   383.0000       675.0000       25.98076    
   384.0000       686.0000       26.19160    
   385.0000       667.0000       25.82634    
   386.0000       693.0000       26.32489    
   387.0000       690.0000       26.26785    
   388.0000       661.0000       25.70992    
   389.0000       728.0000       26.98148    
   390.0000       678.0000       26.03843    
   391.0000       639.0000       25.27845    
   392.0000       658.0000       25.65151    
   393.0000       592.0000       24.33105    
   394.0000       642.0000       25.33772    
   395.0000       625.0000       25.00000    
   396.0000       676.0000       26.00000    
   397.0000       646.0000       25.41653    
   398.0000       659.0000       25.67100    
   399.0000       690.0000       26.26785    
   400.0000       650.0000       25.49510    
   401.0000       655.0000       25.59297    
   402.0000       641.0000       25.31798    
   403.0000       643.0000       25.35744    
   404.0000       604.0000       24.57641    
   405.0000       665.0000       25.78759    
   406.0000       660.0000       25.69047    
   407.0000       700.0000       26.45751    
   408.0000       618.0000       24.85961    
   409.0000       665.0000       25.78759    
   410.0000       597.0000       24.43358    
   411.0000       673.0000       25.94224    
   412.0000       724.0000       26.90725    
   413.0000       624.0000       24.97999    
   414.0000       638.0000       25.25866    
   415.0000       656.0000       25.61250    
   416.0000       628.0000       25.05993    
   417.0000       630.0000       25.09980    
   418.0000       570.0000       23.87467    
   419.0000       612.0000       24.73863    
   420.0000       645.0000       25.39685    
   421.0000       634.0000       25.17936    
   422.0000       639.0000       25.27845    
   423.0000       641.0000       25.31798    
   424.0000       612.0000       24.73863    
   425.0000       670.0000       25.88436    
   426.0000       615.0000       24.79919    
   427.0000       646.0000       25.41653    
   428.0000       701.0000       26.47640    
   429.0000       673.0000       25.94224    
   430.0000       613.0000       24.75884    
   431.0000       604.0000       24.57641    
   432.0000       636.0000       25.21904    
   433.0000       580.0000       24.08319    
   434.0000       605.0000       24.59675    
   435.0000       622.0000       24.93993    
   436.0000       612.0000       24.73863    
   437.0000       615.0000       24.79919    
   438.0000       665.0000       25.78759    
   439.0000       555.0000       23.55844    
   440.0000       593.0000       24.35159    
   441.0000       596.0000       24.41311    
   442.0000       583.0000       24.14539    
   443.0000       587.0000       24.22808    
   444.0000       612.0000       24.73863    
   445.0000       616.0000       24.81935    
   446.0000       597.0000       24.43358    
   447.0000       603.0000       24.55606    
   448.0000       583.0000       24.14539    
   449.0000       667.0000       25.82634    
   450.0000       578.0000       24.04163    
   451.0000       597.0000       24.43358    
   452.0000       616.0000       24.81935    
   453.0000       605.0000       24.59675    
   454.0000       570.0000       23.87467    
   455.0000       603.0000       24.55606    
   456.0000       635.0000       25.19921    
   457.0000       589.0000       24.26932    
   458.0000       570.0000       23.87467    
   459.0000       604.0000       24.57641    
   460.0000       722.0000       26.87006    
   461.0000       587.0000       24.22808    
   462.0000       666.0000       25.80698    
   463.0000       645.0000       25.39685    
   464.0000       622.0000       24.93993    
   465.0000       661.0000       25.70992    
   466.0000       617.0000       24.83949    
   467.0000       636.0000       25.21904    
   468.0000       576.0000       24.00000    
   469.0000       666.0000       25.80698    
   470.0000       617.0000       24.83949    
   471.0000       631.0000       25.11971    
   472.0000       612.0000       24.73863    
   473.0000       611.0000       24.71841    
   474.0000       599.0000       24.47448    
   475.0000       593.0000       24.35159    
   476.0000       637.0000       25.23886    
   477.0000       572.0000       23.91652    
   478.0000       622.0000       24.93993    
   479.0000       656.0000       25.61250    
   480.0000       541.0000       23.25941    
   481.0000       613.0000       24.75884    
   482.0000       555.0000       23.55844    
   483.0000       576.0000       24.00000    
   484.0000       565.0000       23.76973    
   485.0000       637.0000       25.23886    
   486.0000       575.0000       23.97916    
   487.0000       587.0000       24.22808    
   488.0000       591.0000       24.31049    
   489.0000       637.0000       25.23886    
   490.0000       549.0000       23.43075    
   491.0000       555.0000       23.55844    
   492.0000       598.0000       24.45404    
   493.0000       533.0000       23.08679    
   494.0000       549.0000       23.43075    
   495.0000       596.0000       24.41311    
   496.0000       603.0000       24.55606    
   497.0000       623.0000       24.95997    
   498.0000       565.0000       23.76973    
   499.0000       622.0000       24.93993    
   500.0000       566.0000       23.79075    
   501.0000       593.0000       24.35159    
   502.0000       617.0000       24.83949    
   503.0000       574.0000       23.95830    
   504.0000       604.0000       24.57641    
   505.0000       602.0000       24.53569    
   506.0000       603.0000       24.55606    
   507.0000       596.0000       24.41311    
   508.0000       621.0000       24.91987    
   509.0000       636.0000       25.21904    
   510.0000       572.0000       23.91652    
   511.0000       584.0000       24.16609    
   512.0000       599.0000       24.47448    
   513.0000       575.0000       23.97916    
   514.0000       583.0000       24.14539    
   515.0000       574.0000       23.95830    
   516.0000       588.0000       24.24871    
   517.0000       646.0000       25.41653    
   518.0000       628.0000       25.05993    
   519.0000       624.0000       24.97999    
   520.0000       666.0000       25.80698    
   521.0000       557.0000       23.60085    
   522.0000       563.0000       23.72762    
   523.0000       613.0000       24.75884    
   524.0000       587.0000       24.22808    
   525.0000       569.0000       23.85372    
   526.0000       608.0000       24.65766    
   527.0000       625.0000       25.00000    
   528.0000       559.0000       23.64318    
   529.0000       619.0000       24.87971    
   530.0000       585.0000       24.18677    
   531.0000       546.0000       23.36664    
   532.0000       582.0000       24.12468    
   533.0000       589.0000       24.26932    
   534.0000       550.0000       23.45208    
   535.0000       569.0000       23.85372    
   536.0000       655.0000       25.59297    
   537.0000       616.0000       24.81935    
   538.0000       586.0000       24.20744    
   539.0000       605.0000       24.59675    
   540.0000       592.0000       24.33105    
   541.0000       573.0000       23.93742    
   542.0000       585.0000       24.18677    
   543.0000       565.0000       23.76973    
   544.0000       582.0000       24.12468    
   545.0000       616.0000       24.81935    
   546.0000       637.0000       25.23886    
   547.0000       606.0000       24.61707    
   548.0000       619.0000       24.87971    
   549.0000       628.0000       25.05993    
   550.0000       604.0000       24.57641    
   551.0000       636.0000       25.21904    
   552.0000       638.0000       25.25866    
   553.0000       574.0000       23.95830    
   554.0000       607.0000       24.63737    
   555.0000       592.0000       24.33105    
   556.0000       617.0000       24.83949    
   557.0000       588.0000       24.24871    
   558.0000       601.0000       24.51530    
   559.0000       538.0000       23.19483    
   560.0000       569.0000       23.85372    
   561.0000       592.0000       24.33105    
   562.0000       582.0000       24.12468    
   563.0000       568.0000       23.83275    
   564.0000       588.0000       24.24871    
   565.0000       566.0000       23.79075    
   566.0000       599.0000       24.47448    
   567.0000       611.0000       24.71841    
   568.0000       555.0000       23.55844    
   569.0000       628.0000       25.05993    
   570.0000       562.0000       23.70654    
   571.0000       571.0000       23.89561    
   572.0000       597.0000       24.43358    
   573.0000       618.0000       24.85961    
   574.0000       600.0000       24.49490    
   575.0000       555.0000       23.55844    
   576.0000       568.0000       23.83275    
   577.0000       580.0000       24.08319    
   578.0000       574.0000       23.95830    
   579.0000       475.0000       21.79449    
   580.0000       558.0000       23.62202    
   581.0000       612.0000       24.73863    
   582.0000       575.0000       23.97916    
   583.0000       562.0000       23.70654    
   584.0000       565.0000       23.76973    
   585.0000       637.0000       25.23886    
   586.0000       587.0000       24.22808    
   587.0000       554.0000       23.53720    
   588.0000       552.0000       23.49468    
   589.0000       580.0000       24.08319    
   590.0000       576.0000       24.00000    
   591.0000       527.0000       22.95648    
   592.0000       558.0000       23.62202    
   593.0000       540.0000       23.23790    
   594.0000       561.0000       23.68544    
   595.0000       570.0000       23.87467    
   596.0000       534.0000       23.10844    
   597.0000       519.0000       22.78157    
   598.0000       543.0000       23.30236    
   599.0000       505.0000       22.47220    
   600.0000       564.0000       23.74868    
   601.0000       537.0000       23.17326    
   602.0000       531.0000       23.04344    
   603.0000       542.0000       23.28089    
   604.0000       539.0000       23.21637    
   605.0000       544.0000       23.32381    
   606.0000       517.0000       22.73763    
   607.0000       530.0000       23.02173    
   608.0000       533.0000       23.08679    
   609.0000       525.0000       22.91288    
   610.0000       472.0000       21.72556    
   611.0000       514.0000       22.67157    
   612.0000       512.0000       22.62742    
   613.0000       500.0000       22.36068    
   614.0000       464.0000       21.54066    
   615.0000       485.0000       22.02271    
   616.0000       502.0000       22.40536    
   617.0000       525.0000       22.91288    
   618.0000       597.0000       24.43358    
   619.0000       578.0000       24.04163    
   620.0000       716.0000       26.75818    
   621.0000       587.0000       24.22808    
   622.0000       666.0000       25.80698    
   623.0000       652.0000       25.53429    
   624.0000       611.0000       24.71841    
   625.0000       595.0000       24.39262    
   626.0000       618.0000       24.85961    
   627.0000       610.0000       24.69818    
   628.0000       600.0000       24.49490    
   629.0000       597.0000       24.43358    
   630.0000       477.0000       21.84033    
   631.0000       510.0000       22.58318    
   632.0000       472.0000       21.72556    
   633.0000       472.0000       21.72556    
   634.0000       482.0000       21.95450    
   635.0000       492.0000       22.18107    
   636.0000       486.0000       22.04541    
   637.0000       517.0000       22.73763    
   638.0000       468.0000       21.63331    
   639.0000       449.0000       21.18962    
