Empty fournace                                               25-11-07  2000.000K
                                                                                
  XO,DX,Lambda :   0.0000000E+00   1.000000       0.0
  0.0000000E+00   1208.000       34.75629    
   1.000000       497.0000       22.29350    
   2.000000       521.0000       22.82542    
   3.000000       648.0000       25.45584    
   4.000000       1184.000       34.40930    
   5.000000       2026.000       45.01111    
   6.000000       2096.000       45.78209    
   7.000000       2072.000       45.51923    
   8.000000       1772.000       42.09513    
   9.000000       1390.000       37.28270    
   10.00000       1305.000       36.12478    
   11.00000       1245.000       35.28456    
   12.00000       1282.000       35.80503    
   13.00000       1304.000       36.11094    
   14.00000       1337.000       36.56501    
   15.00000       1340.000       36.60601    
   16.00000       1425.000       37.74917    
   17.00000       1597.000       39.96248    
   18.00000       2026.000       45.01111    
   19.00000       2557.000       50.56679    
   20.00000       2374.000       48.72371    
   21.00000       2673.000       51.70107    
   22.00000       2481.000       49.80964    
   23.00000       3020.000       54.95452    
   24.00000       5298.000       72.78736    
   25.00000       6905.000       83.09633    
   26.00000       7025.000       83.81527    
   27.00000       7005.000       83.69588    
   28.00000       6963.000       83.44460    
   29.00000       7040.000       83.90471    
   30.00000       6169.000       78.54298    
   31.00000       6222.000       78.87965    
   32.00000       6536.000       80.84554    
   33.00000       6867.000       82.86736    
   34.00000       6792.000       82.41359    
   35.00000       6542.000       80.88263    
   36.00000       7373.000       85.86617    
   37.00000       7133.000       84.45709    
   38.00000       6426.000       80.16234    
   39.00000       6076.000       77.94870    
   40.00000       7043.000       83.92258    
   41.00000       6691.000       81.79853    
   42.00000       6605.000       81.27115    
   43.00000       6903.000       83.08430    
   44.00000       6792.000       82.41359    
   45.00000       6949.000       83.36066    
   46.00000       6734.000       82.06095    
   47.00000       6524.000       80.77128    
   48.00000       6456.000       80.34924    
   49.00000       6699.000       81.84742    
   50.00000       6040.000       77.71744    
   51.00000       6291.000       79.31583    
   52.00000       7014.000       83.74963    
   53.00000       6603.000       81.25884    
   54.00000       6651.000       81.55367    
   55.00000       6980.000       83.54639    
   56.00000       6814.000       82.54696    
   57.00000       6806.000       82.49848    
   58.00000       6472.000       80.44874    
   59.00000       5400.000       73.48470    
   60.00000       6624.000       81.38796    
   61.00000       6872.000       82.89753    
   62.00000       7119.000       84.37417    
   63.00000       7071.000       84.08924    
   64.00000       7102.000       84.27336    
   65.00000       7308.000       85.48684    
   66.00000       7229.000       85.02353    
   67.00000       7127.000       84.42156    
   68.00000       6980.000       83.54639    
   69.00000       7895.000       88.85381    
   70.00000       6990.000       83.60622    
   71.00000       6899.000       83.06022    
   72.00000       7002.000       83.67796    
   73.00000       7096.000       84.23776    
   74.00000       7213.000       84.92938    
   75.00000       7019.000       83.77947    
   76.00000       7139.000       84.49260    
   77.00000       6923.000       83.20457    
   78.00000       6518.000       80.73413    
   79.00000       5639.000       75.09328    
   80.00000       7184.000       84.75848    
   81.00000       7111.000       84.32674    
   82.00000       7282.000       85.33463    
   83.00000       7338.000       85.66212    
   84.00000       7416.000       86.11620    
   85.00000       7452.000       86.32497    
   86.00000       7060.000       84.02380    
   87.00000       7427.000       86.18005    
   88.00000       7572.000       87.01724    
   89.00000       7874.000       88.73557    
   90.00000       6921.000       83.19255    
   91.00000       7180.000       84.73488    
   92.00000       7418.000       86.12782    
   93.00000       7062.000       84.03571    
   94.00000       7266.000       85.24084    
   95.00000       7169.000       84.66994    
   96.00000       7224.000       84.99412    
   97.00000       7495.000       86.57367    
   98.00000       7395.000       85.99419    
   99.00000       6539.000       80.86408    
   100.0000       6738.000       82.08532    
   101.0000       7120.000       84.38009    
   102.0000       7222.000       84.98235    
   103.0000       7491.000       86.55056    
   104.0000       7389.000       85.95929    
   105.0000       7682.000       87.64702    
   106.0000       7427.000       86.18005    
   107.0000       7516.000       86.69487    
   108.0000       7595.000       87.14930    
   109.0000       8254.000       90.85152    
   110.0000       7683.000       87.65273    
   111.0000       7631.000       87.35560    
   112.0000       7867.000       88.69611    
   113.0000       7479.000       86.48121    
   114.0000       7637.000       87.38993    
   115.0000       7510.000       86.66026    
   116.0000       7665.000       87.54999    
   117.0000       7221.000       84.97647    
   118.0000       6934.000       83.27065    
   119.0000       6019.000       77.58221    
   120.0000       7926.000       89.02808    
   121.0000       7238.000       85.07644    
   122.0000       7837.000       88.52683    
   123.0000       7902.000       88.89320    
   124.0000       7454.000       86.33655    
   125.0000       7633.000       87.36704    
   126.0000       7798.000       88.30628    
   127.0000       7855.000       88.62844    
   128.0000       7343.000       85.69131    
   129.0000       7994.000       89.40917    
   130.0000       7240.000       85.08819    
   131.0000       7458.000       86.35971    
   132.0000       7808.000       88.36288    
   133.0000       7503.000       86.61986    
   134.0000       7521.000       86.72370    
   135.0000       7375.000       85.87782    
   136.0000       7602.000       87.18945    
   137.0000       7708.000       87.79522    
   138.0000       7193.000       84.81155    
   139.0000       7701.000       87.75534    
   140.0000       7199.000       84.84692    
   141.0000       7288.000       85.36978    
   142.0000       7431.000       86.20325    
   143.0000       7865.000       88.68484    
   144.0000       7710.000       87.80660    
   145.0000       7575.000       87.03448    
   146.0000       7467.000       86.41180    
   147.0000       7842.000       88.55507    
   148.0000       7679.000       87.62991    
   149.0000       7894.000       88.84818    
   150.0000       7238.000       85.07644    
   151.0000       7538.000       86.82166    
   152.0000       7662.000       87.53285    
   153.0000       7531.000       86.78133    
   154.0000       7562.000       86.95976    
   155.0000       7215.000       84.94115    
   156.0000       7644.000       87.42997    
   157.0000       7668.000       87.56712    
   158.0000       7010.000       83.72575    
   159.0000       5068.000       71.18989    
   160.0000       8040.000       89.66605    
   161.0000       7807.000       88.35723    
   162.0000       7852.000       88.61151    
   163.0000       7732.000       87.93179    
   164.0000       7769.000       88.14193    
   165.0000       7706.000       87.78383    
   166.0000       7779.000       88.19864    
   167.0000       7937.000       89.08984    
   168.0000       7464.000       86.39445    
   169.0000       8154.000       90.29950    
   170.0000       7213.000       84.92938    
   171.0000       7365.000       85.81958    
   172.0000       7576.000       87.04022    
   173.0000       7226.000       85.00588    
   174.0000       6983.000       83.56435    
   175.0000       7345.000       85.70297    
   176.0000       7808.000       88.36288    
   177.0000       7387.000       85.94765    
   178.0000       7002.000       83.67796    
   179.0000       6925.000       83.21658    
   180.0000       7643.000       87.42426    
   181.0000       7591.000       87.12634    
   182.0000       7690.000       87.69264    
   183.0000       7878.000       88.75809    
   184.0000       7805.000       88.34591    
   185.0000       7823.000       88.44772    
   186.0000       7704.000       87.77243    
   187.0000       7643.000       87.42426    
   188.0000       7612.000       87.24677    
   189.0000       8044.000       89.68835    
   190.0000       7459.000       86.36550    
   191.0000       7502.000       86.61409    
   192.0000       7795.000       88.28930    
   193.0000       7411.000       86.08717    
   194.0000       7538.000       86.82166    
   195.0000       7569.000       87.00000    
   196.0000       7459.000       86.36550    
   197.0000       7491.000       86.55056    
   198.0000       7581.000       87.06894    
   199.0000       7522.000       86.72946    
   200.0000       7050.000       83.96428    
   201.0000       7126.000       84.41564    
   202.0000       7706.000       87.78383    
   203.0000       7760.000       88.09086    
   204.0000       7446.000       86.29021    
   205.0000       7545.000       86.86196    
   206.0000       7508.000       86.64872    
   207.0000       7979.000       89.32525    
   208.0000       7453.000       86.33076    
   209.0000       7747.000       88.01704    
   210.0000       6941.000       83.31267    
   211.0000       7256.000       85.18216    
   212.0000       7812.000       88.38552    
   213.0000       7678.000       87.62420    
   214.0000       7355.000       85.76130    
   215.0000       7226.000       85.00588    
   216.0000       7440.000       86.25543    
   217.0000       7445.000       86.28442    
   218.0000       7081.000       84.14868    
   219.0000       6638.000       81.47392    
   220.0000       7649.000       87.45856    
   221.0000       7343.000       85.69131    
   222.0000       7329.000       85.60958    
   223.0000       7428.000       86.18584    
   224.0000       7275.000       85.29361    
   225.0000       7447.000       86.29601    
   226.0000       7327.000       85.59790    
   227.0000       7541.000       86.83893    
   228.0000       7481.000       86.49277    
   229.0000       7905.000       88.91006    
   230.0000       7024.000       83.80931    
   231.0000       7149.000       84.55176    
   232.0000       7387.000       85.94765    
   233.0000       7508.000       86.64872    
   234.0000       7273.000       85.28188    
   235.0000       7291.000       85.38735    
   236.0000       7305.000       85.46929    
   237.0000       7326.000       85.59206    
   238.0000       7067.000       84.06545    
   239.0000       6515.000       80.71555    
   240.0000       7610.000       87.23531    
   241.0000       7318.000       85.54531    
   242.0000       7709.000       87.80091    
   243.0000       7305.000       85.46929    
   244.0000       7294.000       85.40491    
   245.0000       7546.000       86.86771    
   246.0000       7450.000       86.31339    
   247.0000       7715.000       87.83508    
   248.0000       7239.000       85.08231    
   249.0000       7815.000       88.40249    
   250.0000       6864.000       82.84926    
   251.0000       7037.000       83.88683    
   252.0000       7278.000       85.31120    
   253.0000       7086.000       84.17838    
   254.0000       7253.000       85.16454    
   255.0000       7077.000       84.12491    
   256.0000       7193.000       84.81155    
   257.0000       7002.000       83.67796    
   258.0000       6657.000       81.59044    
   259.0000       5960.000       77.20103    
   260.0000       7363.000       85.80792    
   261.0000       7289.000       85.37564    
   262.0000       7144.000       84.52219    
   263.0000       7127.000       84.42156    
   264.0000       7231.000       85.03529    
   265.0000       7377.000       85.88947    
   266.0000       7323.000       85.57453    
   267.0000       7598.000       87.16650    
   268.0000       7184.000       84.75848    
   269.0000       7734.000       87.94316    
   270.0000       6881.000       82.95179    
   271.0000       6975.000       83.51646    
   272.0000       7467.000       86.41180    
   273.0000       7186.000       84.77028    
   274.0000       6997.000       83.64807    
   275.0000       7062.000       84.03571    
   276.0000       7260.000       85.20564    
   277.0000       6926.000       83.22260    
   278.0000       6666.000       81.64558    
   279.0000       5675.000       75.33260    
   280.0000       7282.000       85.33463    
   281.0000       7108.000       84.30895    
   282.0000       7195.000       84.82335    
   283.0000       7442.000       86.26703    
   284.0000       7207.000       84.89405    
   285.0000       7056.000       84.00000    
   286.0000       7139.000       84.49260    
   287.0000       7377.000       85.88947    
   288.0000       7093.000       84.21995    
   289.0000       7391.000       85.97092    
   290.0000       6842.000       82.71638    
   291.0000       6978.000       83.53442    
   292.0000       7152.000       84.56950    
   293.0000       6882.000       82.95782    
   294.0000       6968.000       83.47455    
   295.0000       6937.000       83.28866    
   296.0000       7065.000       84.05355    
   297.0000       6825.000       82.61356    
   298.0000       6564.000       81.01852    
   299.0000       6525.000       80.77747    
   300.0000       7153.000       84.57541    
   301.0000       6936.000       83.28265    
   302.0000       6910.000       83.12641    
   303.0000       7054.000       83.98810    
   304.0000       6905.000       83.09633    
   305.0000       7032.000       83.85702    
   306.0000       6962.000       83.43860    
   307.0000       6958.000       83.41463    
   308.0000       6789.000       82.39539    
   309.0000       7251.000       85.15280    
   310.0000       6522.000       80.75890    
   311.0000       7013.000       83.74366    
   312.0000       7074.000       84.10707    
   313.0000       6754.000       82.18272    
   314.0000       6821.000       82.58935    
   315.0000       6865.000       82.85529    
   316.0000       6745.000       82.12795    
   317.0000       7005.000       83.69588    
   318.0000       6583.000       81.13569    
   319.0000       6180.000       78.61298    
   320.0000       6431.000       80.19352    
   321.0000       6565.000       81.02469    
   322.0000       6930.000       83.24662    
   323.0000       7001.000       83.67198    
   324.0000       7078.000       84.13085    
   325.0000       6853.000       82.78285    
   326.0000       6682.000       81.74350    
   327.0000       6815.000       82.55302    
   328.0000       6488.000       80.54812    
   329.0000       7073.000       84.10113    
   330.0000       6573.000       81.07404    
   331.0000       6736.000       82.07314    
   332.0000       6998.000       83.65405    
   333.0000       6486.000       80.53571    
   334.0000       6588.000       81.16650    
   335.0000       6703.000       81.87185    
   336.0000       6606.000       81.27731    
   337.0000       6758.000       82.20705    
   338.0000       6574.000       81.08021    
   339.0000       6344.000       79.64923    
   340.0000       7119.000       84.37417    
   341.0000       6813.000       82.54090    
   342.0000       6945.000       83.33667    
   343.0000       6941.000       83.31267    
   344.0000       6933.000       83.26464    
   345.0000       7149.000       84.55176    
   346.0000       7036.000       83.88087    
   347.0000       7196.000       84.82924    
   348.0000       7127.000       84.42156    
   349.0000       7258.000       85.19389    
   350.0000       6544.000       80.89500    
   351.0000       6970.000       83.48653    
   352.0000       7054.000       83.98810    
   353.0000       6829.000       82.63776    
   354.0000       6877.000       82.92768    
   355.0000       6847.000       82.74660    
   356.0000       7237.000       85.07056    
   357.0000       7104.000       84.28523    
   358.0000       6820.000       82.58329    
   359.0000       7271.000       85.27016    
   360.0000       7036.000       83.88087    
   361.0000       6873.000       82.90356    
   362.0000       6922.000       83.19855    
   363.0000       6901.000       83.07226    
   364.0000       6879.000       82.93974    
   365.0000       6929.000       83.24062    
   366.0000       6861.000       82.83115    
   367.0000       7043.000       83.92258    
   368.0000       6892.000       83.01807    
   369.0000       7266.000       85.24084    
   370.0000       6378.000       79.86238    
   371.0000       6522.000       80.75890    
   372.0000       6958.000       83.41463    
   373.0000       6795.000       82.43179    
   374.0000       6485.000       80.52950    
   375.0000       6741.000       82.10359    
   376.0000       6715.000       81.94511    
   377.0000       6687.000       81.77408    
   378.0000       6494.000       80.58536    
   379.0000       6256.000       79.09488    
   380.0000       6816.000       82.55907    
   381.0000       6354.000       79.71198    
   382.0000       6694.000       81.81687    
   383.0000       6690.000       81.79242    
   384.0000       6597.000       81.22192    
   385.0000       6664.000       81.63332    
   386.0000       6613.000       81.32035    
   387.0000       6882.000       82.95782    
   388.0000       6572.000       81.06787    
   389.0000       6925.000       83.21658    
   390.0000       6370.000       79.81228    
   391.0000       6616.000       81.33880    
   392.0000       6599.000       81.23423    
   393.0000       6474.000       80.46117    
   394.0000       6744.000       82.12186    
   395.0000       6720.000       81.97561    
   396.0000       6658.000       81.59657    
   397.0000       6676.000       81.70679    
   398.0000       6430.000       80.18728    
   399.0000       6573.000       81.07404    
   400.0000       6592.000       81.19113    
   401.0000       6592.000       81.19113    
   402.0000       6523.000       80.76509    
   403.0000       6591.000       81.18497    
   404.0000       6675.000       81.70068    
   405.0000       6890.000       83.00603    
   406.0000       6639.000       81.48006    
   407.0000       6493.000       80.57915    
   408.0000       6401.000       80.00625    
   409.0000       6645.000       81.51687    
   410.0000       6022.000       77.60155    
   411.0000       6310.000       79.43551    
   412.0000       6682.000       81.74350    
   413.0000       6367.000       79.79348    
   414.0000       6532.000       80.82079    
   415.0000       6444.000       80.27453    
   416.0000       6485.000       80.52950    
   417.0000       6274.000       79.20859    
   418.0000       6154.000       78.44743    
   419.0000       5833.000       76.37408    
   420.0000       6387.000       79.91871    
   421.0000       6396.000       79.97500    
   422.0000       6590.000       81.17882    
   423.0000       6544.000       80.89500    
   424.0000       6324.000       79.52358    
   425.0000       6417.000       80.10618    
   426.0000       6572.000       81.06787    
   427.0000       6459.000       80.36790    
   428.0000       6366.000       79.78722    
   429.0000       6780.000       82.34075    
   430.0000       6011.000       77.53064    
   431.0000       6254.000       79.08224    
   432.0000       6492.000       80.57294    
   433.0000       6294.000       79.33473    
   434.0000       6376.000       79.84986    
   435.0000       6293.000       79.32843    
   436.0000       6266.000       79.15807    
   437.0000       6416.000       80.09994    
   438.0000       6082.000       77.98717    
   439.0000       6046.000       77.75603    
   440.0000       6560.000       80.99383    
   441.0000       6253.000       79.07591    
   442.0000       6259.000       79.11385    
   443.0000       6027.000       77.63376    
   444.0000       6287.000       79.29060    
   445.0000       6540.000       80.87027    
   446.0000       6123.000       78.24960    
   447.0000       6146.000       78.39643    
   448.0000       6106.000       78.14090    
   449.0000       6502.000       80.63498    
   450.0000       5961.000       77.20751    
   451.0000       6056.000       77.82030    
   452.0000       6370.000       79.81228    
   453.0000       6133.000       78.31347    
   454.0000       6148.000       78.40918    
   455.0000       6119.000       78.22404    
   456.0000       6151.000       78.42831    
   457.0000       6153.000       78.44106    
   458.0000       6060.000       77.84600    
   459.0000       5686.000       75.40557    
   460.0000       6897.000       83.04818    
   461.0000       6062.000       77.85885    
   462.0000       6048.000       77.76889    
   463.0000       6237.000       78.97468    
   464.0000       6462.000       80.38657    
   465.0000       6149.000       78.41556    
   466.0000       6192.000       78.68926    
   467.0000       6243.000       79.01266    
   468.0000       6144.000       78.38367    
   469.0000       6481.000       80.50466    
   470.0000       5939.000       77.06491    
   471.0000       6071.000       77.91662    
   472.0000       5884.000       76.70724    
   473.0000       5926.000       76.98051    
   474.0000       6057.000       77.82673    
   475.0000       6055.000       77.81388    
   476.0000       6360.000       79.74961    
   477.0000       6094.000       78.06408    
   478.0000       6101.000       78.10890    
   479.0000       6296.000       79.34734    
   480.0000       5609.000       74.89326    
   481.0000       5980.000       77.33046    
   482.0000       6156.000       78.46018    
   483.0000       6163.000       78.50478    
   484.0000       5849.000       76.47875    
   485.0000       6018.000       77.57577    
   486.0000       6025.000       77.62087    
   487.0000       6224.000       78.89233    
   488.0000       6024.000       77.61443    
   489.0000       6421.000       80.13114    
   490.0000       5884.000       76.70724    
   491.0000       5873.000       76.63550    
   492.0000       6364.000       79.77468    
   493.0000       6011.000       77.53064    
   494.0000       6004.000       77.48548    
   495.0000       5997.000       77.44030    
   496.0000       6176.000       78.58753    
   497.0000       6214.000       78.82893    
   498.0000       5870.000       76.61593    
   499.0000       5916.000       76.91553    
   500.0000       5951.000       77.14272    
   501.0000       5991.000       77.40155    
   502.0000       5800.000       76.15773    
   503.0000       5781.000       76.03289    
   504.0000       5951.000       77.14272    
   505.0000       6293.000       79.32843    
   506.0000       6316.000       79.47327    
   507.0000       6232.000       78.94302    
   508.0000       5897.000       76.79192    
   509.0000       6288.000       79.29691    
   510.0000       5843.000       76.43952    
   511.0000       5949.000       77.12976    
   512.0000       6217.000       78.84795    
   513.0000       5872.000       76.62897    
   514.0000       5935.000       77.03895    
   515.0000       6045.000       77.74960    
   516.0000       6081.000       77.98077    
   517.0000       6169.000       78.54298    
   518.0000       6100.000       78.10249    
   519.0000       6136.000       78.33263    
   520.0000       6507.000       80.66598    
   521.0000       5874.000       76.64203    
   522.0000       6077.000       77.95512    
   523.0000       6121.000       78.23682    
   524.0000       6019.000       77.58221    
   525.0000       6016.000       77.56288    
   526.0000       6020.000       77.58866    
   527.0000       6207.000       78.78452    
   528.0000       5999.000       77.45321    
   529.0000       6346.000       79.66178    
   530.0000       5794.000       76.11833    
   531.0000       6133.000       78.31347    
   532.0000       5961.000       77.20751    
   533.0000       5878.000       76.66811    
   534.0000       6027.000       77.63376    
   535.0000       5886.000       76.72027    
   536.0000       6341.000       79.63039    
   537.0000       6266.000       79.15807    
   538.0000       5923.000       76.96103    
   539.0000       5868.000       76.60287    
   540.0000       5969.000       77.25930    
   541.0000       5877.000       76.66159    
   542.0000       5962.000       77.21399    
   543.0000       6209.000       78.79721    
   544.0000       5977.000       77.31106    
   545.0000       5924.000       76.96753    
   546.0000       6121.000       78.23682    
   547.0000       6116.000       78.20486    
   548.0000       5996.000       77.43385    
   549.0000       6349.000       79.68061    
   550.0000       5954.000       77.16217    
   551.0000       5875.000       76.64855    
   552.0000       6106.000       78.14090    
   553.0000       6044.000       77.74316    
   554.0000       5958.000       77.18808    
   555.0000       5930.000       77.00649    
   556.0000       6075.000       77.94228    
   557.0000       6011.000       77.53064    
   558.0000       5828.000       76.34134    
   559.0000       5181.000       71.97916    
   560.0000       5824.000       76.31514    
   561.0000       5902.000       76.82448    
   562.0000       5823.000       76.30859    
   563.0000       5836.000       76.39371    
   564.0000       5919.000       76.93504    
   565.0000       6102.000       78.11530    
   566.0000       6063.000       77.86526    
   567.0000       5993.000       77.41447    
   568.0000       5650.000       75.16648    
   569.0000       6160.000       78.48566    
   570.0000       5477.000       74.00676    
   571.0000       5677.000       75.34587    
   572.0000       6031.000       77.65952    
   573.0000       5799.000       76.15117    
   574.0000       5794.000       76.11833    
   575.0000       5817.000       76.26926    
   576.0000       5871.000       76.62245    
   577.0000       5885.000       76.71375    
   578.0000       5608.000       74.88658    
   579.0000       4562.000       67.54258    
   580.0000       5746.000       75.80238    
   581.0000       5716.000       75.60423    
   582.0000       5758.000       75.88148    
   583.0000       5936.000       77.04544    
   584.0000       6072.000       77.92304    
   585.0000       5906.000       76.85050    
   586.0000       5720.000       75.63068    
   587.0000       5993.000       77.41447    
   588.0000       5599.000       74.82647    
   589.0000       6023.000       77.60799    
   590.0000       5462.000       73.90534    
   591.0000       5488.000       74.08104    
   592.0000       5752.000       75.84194    
   593.0000       5406.000       73.52551    
   594.0000       5461.000       73.89858    
   595.0000       5703.000       75.51821    
   596.0000       5779.000       76.01974    
   597.0000       5311.000       72.87661    
   598.0000       5416.000       73.59348    
   599.0000       5089.000       71.33723    
   600.0000       5695.000       75.46523    
   601.0000       5428.000       73.67496    
   602.0000       5422.000       73.63423    
   603.0000       5662.000       75.24626    
   604.0000       5471.000       73.96621    
   605.0000       5379.000       73.34167    
   606.0000       5311.000       72.87661    
   607.0000       5371.000       73.28711    
   608.0000       5286.000       72.70488    
   609.0000       5606.000       74.87323    
   610.0000       5111.000       71.49126    
   611.0000       5125.000       71.58910    
   612.0000       5340.000       73.07530    
   613.0000       5164.000       71.86098    
   614.0000       5203.000       72.13182    
   615.0000       5131.000       71.63100    
   616.0000       5159.000       71.82618    
   617.0000       5266.000       72.56721    
   618.0000       5791.000       76.09862    
   619.0000       5921.000       76.94804    
   620.0000       7240.000       85.08819    
   621.0000       6093.000       78.05767    
   622.0000       6062.000       77.85885    
   623.0000       6149.000       78.41556    
   624.0000       5957.000       77.18160    
   625.0000       6053.000       77.80103    
   626.0000       6031.000       77.65952    
   627.0000       6430.000       80.18728    
   628.0000       5743.000       75.78259    
   629.0000       6016.000       77.56288    
   630.0000       5316.000       72.91090    
   631.0000       5135.000       71.65891    
   632.0000       5140.000       71.69379    
   633.0000       4775.000       69.10137    
   634.0000       4777.000       69.11584    
   635.0000       4839.000       69.56292    
   636.0000       4905.000       70.03571    
   637.0000       4832.000       69.51259    
   638.0000       4759.000       68.98550    
   639.0000       4754.000       68.94926    
