           1  0.20121788978576660      -0.41302740573883057       0.99872756004333496     
           2  0.90465104579925537       0.23357737064361572        9.8662137985229492E-002
           3 -0.16360020637512207       0.20936667919158936       0.11353600025177002     
           4  0.95873093605041504       0.37198936939239502       0.93165922164916992     
           5  0.98679089546203613        8.5006475448608398E-002 -0.50164151191711426     
           6 -0.41683363914489746      -0.33757340908050537        3.1702995300292969E-002
           7   9.8963260650634766E-002 -0.96813344955444336      -0.89806902408599854     
           8 -0.51224923133850098      -0.59870862960815430       0.82429313659667969     
           9  -5.9381008148193359E-002  0.35431563854217529        8.7218284606933594E-003
          10  0.87221825122833252       0.60455441474914551       0.91124737262725830     
          11 -0.90422844886779785      -0.95660340785980225       0.30752086639404297     
          12   8.7049007415771484E-003   7.3216676712036133E-002  0.91288316249847412     
          13 -0.83516132831573486       0.63139510154724121      -0.33783853054046631     
          14 -0.25588321685791016      -0.80883097648620605       0.29110801219940186     
          15 -0.58054184913635254      -0.26053345203399658      -0.73872518539428711     
          16 -0.97164618968963623       0.39095580577850342       0.21978187561035156     
          17   6.9078326225280762E-002  0.62412154674530029       0.17271673679351807     
          18 -0.72096240520477295       0.10858309268951416      -0.77867734432220459     
          19 -0.93667757511138916        3.1884789466857910E-002  0.52510583400726318     
          20  0.37650787830352783       -4.4971466064453125E-002  0.93257379531860352     
          21  0.97995936870574951      -0.70600152015686035      -0.27432227134704590     
          22   7.2154760360717773E-002  0.69844758510589600       0.42329812049865723     
          23  0.69297850131988525      -0.77780973911285400      -0.90715515613555908     
          24 -0.35235631465911865       0.97842812538146973       0.91370928287506104     
          25  0.35190272331237793       0.84815526008605957      -0.36028075218200684     
          26  0.37727034091949463       0.81792879104614258       0.40026581287384033     
          27 -0.97919452190399170       0.93027579784393311      -0.15976846218109131     
          28  0.65182530879974365       0.60735893249511719      -0.17662179470062256     
          29  0.82791650295257568       0.32980430126190186      -0.82951712608337402     
          30  0.55565834045410156      -0.99168622493743896      -0.43258440494537354     
          31  0.39244210720062256      -0.83010292053222656      -0.63685858249664307     
          32 -0.45890784263610840      -0.30730068683624268      -0.43577730655670166     
          33  0.96966671943664551      -0.85977995395660400       0.73671734333038330     
          34  0.59427678585052490      -0.50439155101776123       0.16394901275634766     
          35  0.91227865219116211      -0.25121319293975830       0.47766256332397461     
          36 -0.70926320552825928       0.55640625953674316      -0.56419575214385986     
          37 -0.10648310184478760      -0.67495918273925781       0.72293019294738770     
          38  0.52522087097167969        7.2180628776550293E-002 -0.53768432140350342     
          39  0.69229149818420410      -0.14905893802642822      -0.36335408687591553     
          40 -0.52618873119354248      -0.72753405570983887      -0.69938063621520996     
          41 -0.32097768783569336       0.70287263393402100       0.87472784519195557     
          42  0.29405951499938965        5.9140563011169434E-002  0.10707330703735352     
          43 -0.61952185630798340       -7.0838332176208496E-002 -0.47186338901519775     
          44  0.46490967273712158       0.62819957733154297      -0.73787891864776611     
          45  -3.4884572029113770E-002 -0.39681339263916016       0.20634138584136963     
          46  0.37150013446807861      -0.82257139682769775       0.39691185951232910     
          47  0.77273869514465332       0.81929826736450195       -2.6260733604431152E-002
          48 -0.73911619186401367        7.7613949775695801E-002 -0.20005989074707031     
          49   2.9252409934997559E-002 -0.49093914031982422      -0.16644716262817383     
          50 -0.68625688552856445       0.28780877590179443       0.77219569683074951     
          51 -0.73220562934875488       0.87938821315765381      -0.99262738227844238     
          52 -0.72536802291870117      -0.74102389812469482      -0.39753866195678711     
          53  -3.5686254501342773E-002  0.34396183490753174       0.27300333976745605     
          54  0.44652307033538818       0.16850948333740234      -0.93787884712219238     
          55 -0.13311195373535156      -0.36723423004150391       0.96938586235046387     
          56  0.36943316459655762      -0.17577803134918213       0.80294585227966309     
          57  0.75543034076690674        7.6699018478393555E-002  -6.3737392425537109E-002
          58 -0.13183867931365967       0.42241263389587402       0.75558900833129883     
          59 -0.36095035076141357      -0.96513247489929199      -0.79656124114990234     
          60  0.34471273422241211      -0.22807312011718750       -5.7844758033752441E-002
          61  -7.2690486907958984E-002 -0.34791660308837891      -0.58650898933410645     
          62  0.43512678146362305       0.35859286785125732      -0.36840260028839111     
          63 -0.32682263851165771      -0.36690950393676758      -0.61255490779876709     
          64  0.97799634933471680       0.75898206233978271       -9.5691084861755371E-002
          65  0.52183675765991211      -0.22596156597137451       0.61231541633605957     
          66   5.1987171173095703E-002  -4.4477939605712891E-002 -0.79038846492767334     
          67 -0.38381385803222656      -0.12829351425170898      -0.48628556728363037     
          68  0.22840702533721924      -0.71449124813079834       0.35919165611267090     
          69 -0.74933373928070068      -0.41519379615783691       0.75444257259368896     
          70 -0.28681659698486328       0.48794507980346680      -0.40200150012969971     
          71  0.36013579368591309      -0.99167680740356445       0.20920503139495850     
          72 -0.77913749217987061       0.68180954456329346       0.45272088050842285     
          73  0.71346127986907959       0.92826163768768311       0.77841079235076904     
          74 -0.75444734096527100      -0.70597589015960693        9.4367742538452148E-002
          75  0.88087785243988037      -0.33140969276428223       0.85120952129364014     
          76 -0.20395827293395996       0.16471111774444580      -0.70658576488494873     
          77  0.91373980045318604       0.73859691619873047      -0.27195763587951660     
          78 -0.41678822040557861       0.80309593677520752        7.5733900070190430E-002
          79  -8.2055449485778809E-002  0.57086920738220215        2.2340655326843262E-002
          80 -0.49252450466156006       0.89506006240844727       0.52400124073028564     
          81 -0.90657699108123779      -0.82373178005218506        4.7277450561523438E-002
          82  0.20129644870758057       0.74265956878662109      -0.37948882579803467     
          83 -0.80208957195281982       0.26102304458618164      -0.42552208900451660     
          84 -0.21515047550201416      -0.25767993927001953       0.54132103919982910     
          85  0.15200865268707275        5.4154872894287109E-002 -0.46944355964660645     
          86  0.54648220539093018       0.27305841445922852       0.78512561321258545     
          87  0.55542898178100586       0.82304322719573975      -0.97304737567901611     
          88  0.58401715755462646       0.74298131465911865      -0.46243393421173096     
          89 -0.15267133712768555       0.62572991847991943       0.62803649902343750     
          90  0.54237639904022217      -0.19960165023803711      -0.76844584941864014     
          91  0.99259972572326660       0.35939562320709229      -0.71315848827362061     
          92   8.6526632308959961E-002 -0.96947824954986572       0.33595895767211914     
          93  0.56395554542541504      -0.82168757915496826       0.56784951686859131     
          94  -6.7200899124145508E-002  0.53072965145111084      -0.44904911518096924     
          95  0.50614559650421143      -0.36624991893768311       0.91115021705627441     
          96 -0.21004748344421387       -2.7775764465332031E-002  0.82808256149291992     
          97 -0.54611670970916748      -0.49504256248474121      -0.58610296249389648     
          98  0.96846377849578857       0.47772884368896484      -0.53556847572326660     
          99  0.87523794174194336      -0.77337276935577393      -0.79679584503173828     
         100 -0.28598201274871826       0.19473230838775635      -0.15065324306488037     
         101  0.93744909763336182      -0.12455201148986816       0.97819697856903076     
         102  0.55691289901733398       0.16955363750457764      -0.17409110069274902     
         103 -0.48049783706665039       -4.7466754913330078E-003 -0.65195059776306152     
         104 -0.77192234992980957       0.37362122535705566      -0.80644166469573975     
         105  0.12659478187561035      -0.22994709014892578       -7.7001571655273438E-002
         106  0.31048107147216797       0.51053285598754883       0.77718949317932129     
         107 -0.37342727184295654        8.3186149597167969E-002  0.39224803447723389     
         108  0.21464419364929199      -0.16758942604064941      -0.80838561058044434     
         109 -0.99073386192321777      -0.22159814834594727       0.11153328418731689     
         110  0.30047690868377686      -0.44389581680297852      -0.28015363216400146     
         111   6.9198727607727051E-002  0.42297625541687012      -0.79943478107452393     
         112  0.16141164302825928       -5.4991006851196289E-002  0.92085492610931396     
         113 -0.86993181705474854      -0.25328791141510010       0.91042542457580566     
         114  0.37474250793457031      -0.40302729606628418      -0.64525032043457031     
         115 -0.21697425842285156      -0.26183676719665527      -0.46561205387115479     
         116  0.23821187019348145        6.8004727363586426E-002 -0.94347858428955078     
         117 -0.36781966686248779       0.28418087959289551       0.57764303684234619     
         118  0.78485906124114990      -0.46608924865722656      -0.34790647029876709     
         119 -0.33431315422058105       0.45609164237976074      -0.71700561046600342     
         120  -1.3339519500732422E-002 -0.16396772861480713      -0.46831464767456055     
         121 -0.92756235599517822       0.93730628490447998      -0.73596298694610596     
         122 -0.24440705776214600      -0.13566625118255615       0.13552391529083252     
         123 -0.55588150024414062       0.37665724754333496      -0.91968417167663574     
         124 -0.22438120841979980      -0.38860380649566650      -0.83004844188690186     
         125 -0.61088144779205322      -0.15969872474670410       0.16366767883300781     
         126  0.53417921066284180      -0.72338974475860596      -0.38670706748962402     
         127 -0.11785447597503662       0.24621534347534180       0.58102536201477051     
         128 -0.93668246269226074       0.54015398025512695       0.40255045890808105     
         129 -0.55490064620971680      -0.96005821228027344      -0.80447554588317871     
         130   7.2765707969665527E-002 -0.57185828685760498      -0.95709085464477539     
         131 -0.22560667991638184      -0.61901390552520752      -0.56117796897888184     
         132 -0.59913575649261475       0.40854167938232422      -0.61138105392456055     
         133  0.62405443191528320       0.40168321132659912        7.9447984695434570E-002
         134   2.7022838592529297E-002 -0.74292171001434326       0.27639710903167725     
         135 -0.53958404064178467      -0.81777667999267578       0.25783812999725342     
         136 -0.80482530593872070      -0.49971461296081543       0.91509974002838135     
         137 -0.82991349697113037       0.70670950412750244      -0.11638903617858887     
         138 -0.76087760925292969       0.45101964473724365      -0.25118207931518555     
         139  0.98979389667510986       0.80082178115844727       0.23248755931854248     
         140  0.86577141284942627       -9.9726319313049316E-002 -0.75027680397033691     
         141  0.40551173686981201       0.12972915172576904       0.55130982398986816     
         142  0.27601051330566406       0.90490400791168213       0.84880912303924561     
         143  0.60203456878662109       0.87504816055297852      -0.12082815170288086     
         144 -0.22887837886810303       0.70134258270263672       0.45514953136444092     
         145 -0.76215088367462158       0.12778770923614502       0.65771675109863281     
         146 -0.62151217460632324      -0.52191424369812012       0.46639096736907959     
         147  -8.2893252372741699E-002   3.1090497970581055E-002 -0.26743173599243164     
         148 -0.19950342178344727       0.81188356876373291      -0.68875944614410400     
         149  0.79473674297332764       0.45096921920776367      -0.39690601825714111     
         150 -0.76501512527465820       0.19682168960571289       0.17138874530792236     
         151 -0.31005561351776123      -0.94625401496887207       0.11587202548980713     
         152  0.42480742931365967       0.14383411407470703       0.88291501998901367     
         153 -0.41500031948089600        2.5386810302734375E-003 -0.17170083522796631     
         154  0.57451820373535156      -0.12914037704467773       0.89729642868041992     
         155  0.31999826431274414       0.19519376754760742      -0.64310920238494873     
         156  0.82534754276275635       0.19042813777923584      -0.48247683048248291     
         157   6.5902471542358398E-003  0.75112235546112061      -0.79976356029510498     
         158 -0.72942233085632324      -0.86843860149383545       0.29984617233276367     
         159 -0.66046714782714844       0.35310995578765869       0.16945719718933105     
         160 -0.41027045249938965       0.47377622127532959       0.20609009265899658     
         161  0.67489457130432129      -0.26957166194915771      -0.61314570903778076     
         162  0.72115969657897949       0.20959138870239258      -0.27498269081115723     
         163  0.14047968387603760      -0.95136654376983643      -0.14637827873229980     
         164 -0.58090937137603760       0.38420069217681885      -0.43316602706909180     
         165 -0.93248915672302246       0.73371851444244385      -0.87554728984832764     
         166 -0.62889599800109863       0.77851486206054688      -0.56821024417877197     
         167 -0.41946041584014893      -0.96683692932128906      -0.40991640090942383     
         168  0.84888398647308350        5.3716897964477539E-003  0.47538065910339355     
         169  0.95963180065155029       0.86655819416046143       0.87369620800018311     
         170 -0.96382820606231689       0.51913082599639893       -3.0256152153015137E-002
         171  0.17389702796936035       0.87317454814910889       0.45811808109283447     
         172  0.27202320098876953      -0.59744358062744141        1.4819979667663574E-002
         173 -0.59634208679199219       0.18924593925476074        7.6057076454162598E-002
         174  0.73654341697692871      -0.97733664512634277      -0.46116769313812256     
         175  0.39772510528564453      -0.28332722187042236      -0.34661781787872314     
         176 -0.64687967300415039      -0.56726443767547607      -0.33400619029998779     
         177 -0.93574702739715576      -0.61295402050018311       -4.5908689498901367E-002
         178  0.40479850769042969       0.51865875720977783      -0.59075403213500977     
         179 -0.21328210830688477       0.79737627506256104       -5.1129698753356934E-002
         180  -3.9498209953308105E-002 -0.50733458995819092       0.39413964748382568     
         181 -0.89841628074645996      -0.48160469532012939      -0.18553125858306885     
         182  0.43407809734344482        1.6421794891357422E-002  0.29422926902770996     
         183  0.25373160839080811       0.35366487503051758       0.52279257774353027     
         184  0.70011067390441895       0.40926539897918701      -0.19324445724487305     
         185  0.77753031253814697      -0.75731110572814941       -4.6546578407287598E-002
         186  0.32658827304840088      -0.96179068088531494      -0.30588555335998535     
         187 -0.79827141761779785       0.75384080410003662      -0.65036916732788086     
         188  0.87314832210540771       0.80416917800903320      -0.67973566055297852     
         189 -0.77551233768463135      -0.63427436351776123       0.49890434741973877     
         190 -0.35044896602630615       0.92689824104309082      -0.14732384681701660     
         191  0.12668240070343018       0.80678403377532959      -0.58511304855346680     
         192 -0.65891337394714355      -0.30118310451507568       0.91690099239349365     
         193  0.36895370483398438      -0.32386445999145508       0.52318572998046875     
         194 -0.83861744403839111       0.32815325260162354       0.41874980926513672     
         195 -0.74122345447540283       0.97345077991485596      -0.68242645263671875     
         196  0.87271106243133545       0.41183316707611084       0.10528910160064697     
         197 -0.82418084144592285        7.8179955482482910E-002  0.31002008914947510     
         198  0.75526535511016846      -0.25305414199829102      -0.77857589721679688     
         199 -0.74616861343383789      -0.55061805248260498      -0.50948321819305420     
         200 -0.58284211158752441        9.4871640205383301E-002  0.66267061233520508     
         201 -0.49112451076507568       0.43890786170959473       0.39636850357055664     
         202 -0.54907131195068359      -0.84325778484344482      -0.27910184860229492     
         203 -0.34998786449432373      -0.59462821483612061      -0.86598598957061768     
         204  0.18260633945465088      -0.85363936424255371      -0.41891121864318848     
         205 -0.94298624992370605        6.0508251190185547E-002  0.88272309303283691     
         206  0.21789634227752686      -0.89892733097076416        8.7707042694091797E-003
         207 -0.42510831356048584      -0.74266982078552246       0.42513859272003174     
         208  0.86297547817230225      -0.64447212219238281       0.57801151275634766     
         209  0.49498569965362549      -0.56177270412445068       -9.6958637237548828E-002
         210   1.5120983123779297E-002 -0.79770100116729736       0.80907988548278809     
         211  0.51310551166534424      -0.97489118576049805       0.31186664104461670     
         212  0.50507080554962158       -4.9770593643188477E-002  0.65607464313507080     
         213 -0.83420789241790771      -0.88386464118957520       0.74653792381286621     
         214 -0.65243208408355713       0.85748684406280518      -0.33009803295135498     
         215 -0.63585484027862549       0.65153455734252930      -0.74428141117095947     
         216  0.86182498931884766      -0.10221326351165771      -0.53824234008789062     
         217 -0.64345145225524902      -0.94054877758026123       0.78890907764434814     
         218  0.91846609115600586       0.26114928722381592      -0.25306928157806396     
         219  0.23267245292663574      -0.17749333381652832       0.42212891578674316     
         220  0.10693860054016113       0.66577517986297607       -4.5433640480041504E-002
         221  0.84315645694732666       0.73634064197540283       0.50387549400329590     
         222  0.57497310638427734       0.41389143466949463       0.67537927627563477     
         223  0.67285645008087158      -0.58094906806945801       0.40215778350830078     
         224  0.32700181007385254      -0.55088829994201660      -0.82649135589599609     
         225  0.13269793987274170       -9.2399477958679199E-002  0.19303786754608154     
         226  0.47231554985046387      -0.99348616600036621      -0.94411170482635498     
         227 -0.84103834629058838       0.41019153594970703       0.59527993202209473     
         228  0.37442743778228760      -0.42309129238128662       0.36039817333221436     
         229 -0.62912356853485107      -0.39675211906433105       -3.7620425224304199E-002
         230  0.96417295932769775      -0.48171806335449219       0.98904919624328613     
         231 -0.84698057174682617      -0.48818707466125488      -0.77429568767547607     
         232 -0.44014978408813477      -0.88712787628173828       0.56892561912536621     
         233  0.26563942432403564       -9.9090576171875000E-002 -0.35507547855377197     
         234 -0.67327141761779785       -9.4918608665466309E-002  0.65253937244415283     
         235  0.28725922107696533       0.27235090732574463       0.30087387561798096     
         236  0.66144108772277832      -0.17703950405120850       0.26571238040924072     
         237 -0.71368455886840820       -1.6584515571594238E-002   4.8353910446166992E-002
         238 -0.30005645751953125      -0.14861786365509033       0.32406353950500488     
         239  0.50175690650939941      -0.99227356910705566       0.76690542697906494     
         240  0.49427652359008789      -0.16502189636230469       0.36895537376403809     
         241  0.98987293243408203       0.93392789363861084      -0.44265317916870117     
         242  0.45717489719390869       0.99799633026123047      -0.63442611694335938     
         243  -1.3975501060485840E-002  0.90448546409606934       0.97473824024200439     
         244   9.4878554344177246E-002  0.49917447566986084       0.32817029953002930     
         245  0.72863256931304932      -0.86720883846282959       0.30640900135040283     
         246 -0.70104861259460449      -0.35701084136962891       0.39662539958953857     
         247  -7.4369072914123535E-002 -0.96937549114227295       0.24676454067230225     
         248 -0.39258897304534912      -0.67067945003509521       0.24824178218841553     
         249  0.85087633132934570      -0.50820779800415039       0.19274473190307617     
         250   3.8525938987731934E-002 -0.27926135063171387       0.67296421527862549     
         251  0.19235026836395264       0.43435597419738770      -0.23252296447753906     
         252  0.35685622692108154       0.82975792884826660      -0.16381001472473145     
         253 -0.19263601303100586       0.85372793674468994      -0.92904281616210938     
         254 -0.17736315727233887      -0.78164613246917725       0.51796543598175049     
         255  0.14258599281311035      -0.51846897602081299       0.70124769210815430     
         256  0.66515052318572998       0.51772463321685791       0.96988773345947266     
         257  0.22755253314971924      -0.37712526321411133       0.10196149349212646     
         258  0.15199208259582520       0.97637116909027100       0.15307414531707764     
         259  0.35078024864196777       0.10119712352752686      -0.11592459678649902     
         260 -0.69095647335052490      -0.56644296646118164       -6.6934823989868164E-003
         261  0.24221229553222656       0.93494439125061035      -0.82012891769409180     
         262  0.56774449348449707      -0.80264461040496826       0.38520276546478271     
         263  0.13122057914733887        1.9281268119812012E-002  0.58672285079956055     
         264 -0.95079386234283447      -0.30222153663635254       0.61400318145751953     
         265 -0.63327360153198242       0.77749431133270264       0.77091073989868164     
         266 -0.18174326419830322      -0.13085389137268066      -0.92466938495635986     
         267  0.16919219493865967       0.43855381011962891       0.12491798400878906     
         268  0.66450023651123047      -0.67247116565704346       0.23513734340667725     
         269 -0.21237647533416748       0.70924091339111328      -0.26526832580566406     
         270 -0.29047131538391113       0.59853863716125488       -7.2676181793212891E-002
         271 -0.82664811611175537       0.86909639835357666       0.56117737293243408     
         272  0.93940603733062744       0.48288500308990479      -0.25751006603240967     
         273 -0.34608614444732666       0.21775960922241211       0.75385606288909912     
         274 -0.21677172183990479      -0.63481283187866211       0.17910361289978027     
         275  0.45572328567504883       0.66578388214111328        2.4806857109069824E-002
         276  0.47008740901947021      -0.71167623996734619       0.99493062496185303     
         277 -0.41165864467620850      -0.30005276203155518       0.71356940269470215     
         278 -0.93862807750701904      -0.42517387866973877       0.22606635093688965     
         279   8.1850290298461914E-003  0.39965116977691650       0.52152395248413086     
         280  0.76920235157012939       0.42344832420349121       0.65326082706451416     
         281 -0.42299115657806396       -6.9045186042785645E-002  0.71187508106231689     
         282 -0.13123822212219238      -0.72186172008514404       -1.6810178756713867E-002
         283 -0.10441029071807861      -0.87214577198028564       0.95981132984161377     
         284  0.41542339324951172        5.5334925651550293E-002 -0.29386222362518311     
         285  0.71785771846771240      -0.57854521274566650      -0.20314168930053711     
         286 -0.34253442287445068       0.35333800315856934        5.0430297851562500E-003
         287 -0.39987087249755859       0.82966601848602295       0.74803090095520020     
         288 -0.45018935203552246      -0.29762792587280273      -0.91928339004516602     
         289 -0.33388853073120117       0.65508162975311279      -0.47278404235839844     
         290 -0.35685622692108154       0.29446983337402344      -0.83957505226135254     
         291  0.87284028530120850      -0.39792346954345703        2.6836037635803223E-002
         292  0.55393946170806885       0.62805736064910889       0.30915319919586182     
         293  0.32640063762664795        2.7032136917114258E-002  0.70350897312164307     
         294  0.79722774028778076      -0.58890032768249512      -0.82107257843017578     
         295 -0.86683249473571777      -0.49477326869964600       0.62166607379913330     
         296 -0.93990314006805420      -0.31813693046569824       0.38847410678863525     
         297 -0.19274401664733887      -0.56108546257019043       -8.7632417678833008E-002
         298  0.79858100414276123      -0.81970286369323730      -0.27724182605743408     
         299 -0.93650376796722412      -0.30173969268798828      -0.58078634738922119     
         300 -0.46177399158477783       -8.5777759552001953E-002 -0.93896365165710449     
         301  0.87120306491851807       0.48401391506195068       0.45817959308624268     
         302 -0.38431072235107422      -0.67715311050415039      -0.45723044872283936     
         303  0.61839091777801514      -0.84056830406188965      -0.19979321956634521     
         304 -0.83281624317169189      -0.70321285724639893      -0.81579566001892090     
         305  0.18015539646148682        3.1718492507934570E-002  -7.4105501174926758E-002
         306 -0.43464207649230957       0.70776522159576416      -0.80454254150390625     
         307  0.20236170291900635      -0.22188401222229004       0.59641170501708984     
         308  0.62370669841766357      -0.48520410060882568       0.65707337856292725     
         309 -0.70307338237762451      -0.89265227317810059        6.3628077507019043E-002
         310   7.6534867286682129E-002 -0.85087752342224121       0.12232887744903564     
         311   2.6352047920227051E-002 -0.12091720104217529       0.35028982162475586     
         312  0.58363306522369385      -0.52484214305877686      -0.96800065040588379     
         313  -5.2109956741333008E-002 -0.14534389972686768       0.78987503051757812     
         314  0.40205633640289307      -0.53562426567077637      -0.46780133247375488     
         315  0.17686498165130615      -0.83246648311614990       0.94692075252532959     
         316  0.80682361125946045        3.6157369613647461E-003 -0.33345508575439453     
         317 -0.92369306087493896       0.92379760742187500        2.8499364852905273E-002
         318   9.6686244010925293E-002 -0.10149490833282471      -0.60004878044128418     
         319  0.98620331287384033      -0.60802531242370605       0.26159238815307617     
         320  0.59079587459564209      -0.11654877662658691      -0.13574182987213135     
         321  0.56565654277801514       0.82268178462982178       0.26512265205383301     
         322 -0.57260310649871826       0.59451067447662354       0.16426050662994385     
         323 -0.76319944858551025        7.7741622924804688E-002  0.90772008895874023     
         324  0.73458492755889893       0.13169169425964355      -0.94926106929779053     
         325  0.16865253448486328       0.36891639232635498       0.97023475170135498     
         326  0.90702676773071289       0.14030277729034424      -0.66354024410247803     
         327  0.79090416431427002       0.69441425800323486       0.26115953922271729     
         328  0.18117654323577881      -0.49295854568481445       0.23216247558593750     
         329   2.5162696838378906E-003  0.82472503185272217      -0.35818922519683838     
         330 -0.73896050453186035       0.88008773326873779       0.39934420585632324     
         331  -6.9383978843688965E-002  0.23848998546600342      -0.88624823093414307     
         332  -3.9872288703918457E-002 -0.13036012649536133        1.8268346786499023E-002
         333  0.76314854621887207      -0.80728614330291748       0.67578947544097900     
         334 -0.55680692195892334       0.15033817291259766      -0.57423806190490723     
         335 -0.84067523479461670      -0.96606612205505371      -0.42123949527740479     
         336 -0.23608899116516113      -0.46369183063507080       0.53222751617431641     
         337   6.1955571174621582E-002  0.19323217868804932      -0.70710051059722900     
         338 -0.27690041065216064      -0.85004413127899170      -0.27904415130615234     
         339  0.61843132972717285       0.36176621913909912       0.26165640354156494     
         340  0.44342660903930664      -0.99015605449676514       0.54245650768280029     
         341  0.46586716175079346       0.34436547756195068       0.37190985679626465     
         342 -0.41418528556823730      -0.38884937763214111       0.87796390056610107     
         343  0.81549775600433350      -0.24596214294433594      -0.23027658462524414     
         344  0.21939396858215332       0.26783907413482666        8.7025165557861328E-003
         345 -0.61124742031097412        9.6431136131286621E-002  0.41239154338836670     
         346 -0.55695343017578125      -0.87819087505340576       -6.1544418334960938E-002
         347 -0.35298597812652588      -0.20930421352386475      -0.26135516166687012     
         348 -0.15979707241058350       0.85369896888732910       0.84170305728912354     
         349 -0.28896236419677734      -0.97480309009552002       0.43626070022583008     
         350 -0.55786454677581787        6.7481517791748047E-002 -0.32026481628417969     
         351  0.75246894359588623       0.67527329921722412      -0.78677904605865479     
         352  0.41751563549041748       0.32308757305145264       0.62124145030975342     
         353 -0.20442843437194824      -0.37558090686798096       0.69386529922485352     
         354 -0.93599307537078857      -0.45891737937927246       0.78698909282684326     
         355  0.99136519432067871      -0.86787903308868408      -0.39392149448394775     
         356  0.83260893821716309      -0.16212129592895508       0.61822640895843506     
         357  0.87115657329559326       0.24371314048767090       0.56807780265808105     
         358 -0.39502727985382080      -0.73908042907714844       0.90225577354431152     
         359 -0.70826816558837891       0.78128111362457275        5.1274299621582031E-003
         360  0.80242002010345459        4.2772769927978516E-002  0.16740596294403076     
         361 -0.70259141921997070      -0.35119462013244629      -0.56625938415527344     
         362 -0.20141124725341797       -4.2088508605957031E-002 -0.38825106620788574     
         363 -0.74958395957946777      -0.22971463203430176        3.6478877067565918E-002
         364 -0.12080907821655273      -0.29837894439697266       -1.4213562011718750E-002
         365 -0.10949933528900146       0.71965491771697998       0.18736624717712402     
         366  -3.3053278923034668E-002 -0.97155904769897461       -3.2309174537658691E-002
         367  0.12172091007232666       0.40327787399291992       0.70128178596496582     
         368   7.1851253509521484E-002 -0.49901378154754639      -0.47388529777526855     
         369   4.1578292846679688E-002 -0.66615128517150879       0.44011938571929932     
         370 -0.49433767795562744       0.74041724205017090       0.96205401420593262     
         371 -0.39277338981628418       0.24419236183166504       0.16644501686096191     
         372 -0.49218261241912842       0.11071109771728516      -0.93091893196105957     
         373  0.26145362854003906       0.49131798744201660      -0.86852085590362549     
         374   8.7227821350097656E-002  0.61659085750579834      -0.92687547206878662     
         375 -0.67008352279663086       0.43944835662841797       0.88949131965637207     
         376 -0.17370438575744629      -0.81532073020935059      -0.50385248661041260     
         377  0.78732979297637939      -0.67622816562652588       0.94967460632324219     
         378 -0.48806774616241455      -0.54227483272552490       -7.8647613525390625E-002
         379 -0.23580527305603027       0.56114137172698975      -0.96460032463073730     
         380 -0.84394919872283936       0.36977720260620117        8.7502956390380859E-002
         381  0.67635190486907959       0.58545565605163574       0.48710787296295166     
         382 -0.51284921169281006       0.58031988143920898      -0.52121031284332275     
         383  0.87436556816101074      -0.34051334857940674      -0.46614623069763184     
         384 -0.14573442935943604        2.7077674865722656E-002   8.5901618003845215E-002
         385 -0.87061071395874023       -8.7994098663330078E-002  0.72559225559234619     
         386 -0.37390589714050293      -0.18445479869842529       -5.6015849113464355E-002
         387  0.62127315998077393      -0.69979059696197510      -0.61965453624725342     
         388  0.16606855392456055       0.68057882785797119       0.83211076259613037     
         389  0.55773723125457764       0.85520112514495850       0.54805290699005127     
         390   2.4701595306396484E-002 -0.90417277812957764      -0.61613214015960693     
         391   6.0371875762939453E-002 -0.69365847110748291      -0.69654524326324463     
         392  -5.0954818725585938E-002 -0.82234120368957520      -0.27164185047149658     
         393 -0.68891692161560059       0.51952707767486572       0.38079595565795898     
         394 -0.47829270362854004      -0.28476452827453613       0.39378511905670166     
         395 -0.93914115428924561       0.16651773452758789      -0.88077223300933838     
         396   2.4153232574462891E-002  0.83963286876678467       0.25505542755126953     
         397  -1.8789410591125488E-002  0.25517737865447998      -0.41515994071960449     
         398  -4.5404434204101562E-003 -0.51212358474731445      -0.79339516162872314     
         399 -0.76574969291687012      -0.33077776432037354      -0.82038414478302002     
         400 -0.97335171699523926      -0.81876289844512939       0.50331902503967285     
         401 -0.89758265018463135      -0.37126910686492920      -0.39465463161468506     
         402 -0.91614305973052979      -0.74230289459228516       0.94075667858123779     
         403 -0.18753790855407715       0.43760561943054199       0.55579221248626709     
         404  0.23763561248779297      -0.72264897823333740       0.69154381752014160     
         405  -8.9767575263977051E-002  0.92005324363708496      -0.50623810291290283     
         406 -0.47212374210357666       0.66196620464324951       0.57357001304626465     
         407 -0.31569635868072510      -0.66781246662139893      -0.17911267280578613     
         408 -0.53202033042907715       0.84777307510375977       -9.8494052886962891E-002
         409  0.36827957630157471       0.49718856811523438      -0.20215010643005371     
         410 -0.95429241657257080       0.34876000881195068      -0.89745235443115234     
         411  0.59334015846252441       0.23343074321746826       0.55202043056488037     
         412  0.44548082351684570       0.82648372650146484      -0.76580440998077393     
         413 -0.13279891014099121      -0.33736491203308105       0.39215958118438721     
         414  0.30314099788665771       0.30778777599334717       0.85397589206695557     
         415  0.92631196975708008      -0.62319517135620117       0.81993520259857178     
         416 -0.67629146575927734      -0.98069310188293457       0.55556225776672363     
         417  0.45804691314697266       0.40946435928344727      -0.91195523738861084     
         418 -0.14276337623596191        3.3296346664428711E-002  0.36088728904724121     
         419 -0.28307604789733887       0.88104188442230225      -0.34416639804840088     
         420  0.88573670387268066      -0.61136722564697266      -0.41965508460998535     
         421  0.93915092945098877      -0.18377375602722168      -0.36824417114257812     
         422  0.65940308570861816       0.30869436264038086       0.95676541328430176     
         423 -0.82127499580383301      -0.83274054527282715      -0.18616926670074463     
         424 -0.64621579647064209      -0.63560485839843750       0.25143718719482422     
         425 -0.10121428966522217       0.38169050216674805      -0.23461234569549561     
         426  0.64596235752105713       0.86522316932678223      -0.60538625717163086     
         427  0.69678485393524170       0.62955951690673828       0.76422059535980225     
         428  0.55338835716247559      -0.90383732318878174        4.4355750083923340E-002
         429  0.52802991867065430       0.18240237236022949      -0.38128876686096191     
         430 -0.16765832901000977       0.35394644737243652      -0.77222299575805664     
         431 -0.51520669460296631      -0.70342838764190674       0.66774499416351318     
         432 -0.44307017326354980       0.57000255584716797      -0.20962381362915039     
         433  0.66793191432952881       0.99451112747192383      -0.74719750881195068     
         434 -0.50064980983734131       0.90342533588409424      -0.69627511501312256     
         435  0.69363248348236084        3.6923766136169434E-002 -0.73695528507232666     
         436  0.31705260276794434       0.53196251392364502       0.48145878314971924     
         437  0.18359553813934326       0.12864136695861816       0.33433222770690918     
         438 -0.41016387939453125       0.19919359683990479      -0.45918464660644531     
         439  0.48186969757080078      -0.67611777782440186       0.68098139762878418     
         440 -0.17570793628692627      -0.10777318477630615      -0.72729206085205078     
         441 -0.65005791187286377      -0.80236244201660156      -0.55752730369567871     
         442 -0.41675817966461182      -0.50388073921203613       0.58217644691467285     
         443  0.19945526123046875      -0.70052993297576904      -0.54484176635742188     
         444  0.89270699024200439       0.95649814605712891      -0.79354512691497803     
         445  -6.3466191291809082E-002 -0.15499258041381836       0.55735385417938232     
         446  0.95318174362182617      -0.42629075050354004      -0.80459976196289062     
         447  0.11325418949127197       0.17581403255462646       0.49360895156860352     
         448  0.64024889469146729       0.52512454986572266      -0.54535460472106934     
         449  0.31490755081176758      -0.74331951141357422      -0.25818884372711182     
         450 -0.44547450542449951       0.37651228904724121       0.75008070468902588     
         451   5.4875850677490234E-002 -0.53094875812530518        9.3865275382995605E-002
         452 -0.26638615131378174      -0.98847639560699463      -0.50903189182281494     
         453   4.5829653739929199E-002  0.26917016506195068      -0.12863528728485107     
         454 -0.33758413791656494      -0.69913351535797119       0.72056031227111816     
         455 -0.42774641513824463      -0.67738461494445801        6.4536333084106445E-002
         456 -0.55990982055664062       0.88681936264038086       0.21027922630310059     
         457  0.86009633541107178       0.28631281852722168       0.27863717079162598     
         458  0.79683160781860352       0.90949451923370361      -0.19270277023315430     
         459 -0.65538740158081055      -0.58082544803619385      -0.96761262416839600     
         460 -0.91536140441894531      -0.82440006732940674      -0.61313688755035400     
         461   6.5801024436950684E-002  0.57257187366485596      -0.27985882759094238     
         462 -0.81095814704895020       0.59504222869873047       0.74059665203094482     
         463  0.35587596893310547      -0.60372889041900635       0.83545184135437012     
         464 -0.36147558689117432       0.58720302581787109       0.37889397144317627     
         465 -0.14571869373321533       0.40291869640350342      -0.58572328090667725     
         466  0.52090549468994141       0.39080214500427246      -0.71252012252807617     
         467  0.23520529270172119      -0.92637312412261963       0.73262584209442139     
         468  0.42496037483215332      -0.42856800556182861        5.7814240455627441E-002
         469  0.40696144104003906      -0.80953109264373779       0.10077774524688721     
         470  0.12554109096527100      -0.86347198486328125       0.50092411041259766     
         471 -0.25408601760864258      -0.47400128841400146       0.28733587265014648     
         472  0.54616868495941162      -0.39465010166168213      -0.57216417789459229     
         473 -0.73641908168792725      -0.33073103427886963      -0.16999936103820801     
         474  0.60228538513183594       0.24208354949951172      -0.86268937587738037     
         475  -8.3266615867614746E-002  0.46032309532165527      -0.95129656791687012     
         476 -0.21795630455017090      -0.65591740608215332       0.38038575649261475     
         477 -0.11663126945495605      -0.76181924343109131      -0.68971467018127441     
         478 -0.85680484771728516       0.71928203105926514       0.94558012485504150     
         479 -0.91270112991333008      -0.13022100925445557       0.29474377632141113     
         480  0.42793273925781250       0.25375151634216309       0.18683362007141113     
         481  -5.6222677230834961E-003  0.82789993286132812       -5.6864261627197266E-002
         482   1.7764925956726074E-002  0.10387217998504639       0.20979416370391846     
         483 -0.59896302223205566       0.42196857929229736       0.56790375709533691     
         484 -0.17829084396362305      -0.64325988292694092      -0.89400315284729004     
         485 -0.64730191230773926       0.54709756374359131      -0.39325296878814697     
         486 -0.28889799118041992       0.39634943008422852       0.92018365859985352     
         487 -0.61762964725494385       0.70078873634338379       0.30763268470764160     
         488  0.10740160942077637       0.32158923149108887      -0.57599782943725586     
         489  0.17201590538024902       0.23666203022003174      -0.38198935985565186     
         490 -0.16727137565612793       0.89897966384887695       0.62064445018768311     
         491  0.30940937995910645       0.74167621135711670      -0.99640214443206787     
         492  0.70729887485504150       0.87922883033752441       0.15839421749114990     
         493  0.12060856819152832      -0.26261246204376221       0.91545987129211426     
         494 -0.54757225513458252      -0.10816335678100586       0.51907622814178467     
         495  0.23319423198699951       0.95301806926727295      -0.50901007652282715     
         496 -0.35759186744689941       0.90991663932800293       0.21856248378753662     
         497 -0.18781948089599609      -0.19653475284576416      -0.14813697338104248     
         498 -0.92101752758026123       0.37665319442749023       0.75452768802642822     
         499 -0.98557102680206299       0.86468577384948730       0.43195402622222900     
         500  0.46256709098815918      -0.17998325824737549      -0.51626086235046387     
         501  0.77301573753356934      -0.42769122123718262       0.41485023498535156     
         502  0.53497087955474854      -0.21571636199951172        6.0256958007812500E-002
         503 -0.86252820491790771      -0.90937614440917969      -0.87467777729034424     
         504  0.94461774826049805       0.66017448902130127      -0.49606406688690186     
         505  0.99915778636932373        8.1552028656005859E-002 -0.20688581466674805     
         506 -0.21360909938812256       0.37678515911102295       0.19014739990234375     
         507  0.38365745544433594       0.81583249568939209       0.19957137107849121     
         508   6.0212254524230957E-002 -0.67043554782867432      -0.40949761867523193     
         509 -0.13616371154785156        6.2212347984313965E-002  0.65352022647857666     
         510 -0.20486247539520264      -0.93647706508636475       0.77627456188201904     
         511  -2.7187347412109375E-002  0.56065487861633301      -0.68798351287841797     
         512 -0.89045679569244385        3.1001567840576172E-002 -0.72497606277465820     
         513 -0.85980093479156494       0.18082451820373535        1.0349750518798828E-002
         514 -0.47301840782165527      -0.46598827838897705       0.26025700569152832     
         515 -0.88989627361297607      -0.51452910900115967       0.37775766849517822     
         516  0.66753518581390381      -0.30228388309478760       0.69683277606964111     
         517 -0.98744690418243408      -0.21940684318542480      -0.19120097160339355     
         518  0.76916050910949707       0.90802991390228271       0.35955595970153809     
         519  0.39178872108459473      -0.60392212867736816       0.22279965877532959     
         520  0.77037739753723145       0.29778182506561279       0.78309118747711182     
         521  0.64916908740997314      -0.38583004474639893       -4.6483039855957031E-002
         522  0.48866426944732666       0.59191334247589111       0.83589184284210205     
         523 -0.61014294624328613       0.32973456382751465      -0.22632193565368652     
         524 -0.57361793518066406      -0.76755225658416748       0.92761528491973877     
         525 -0.27021682262420654      -0.91764676570892334       -9.2817187309265137E-002
         526  0.70789241790771484       0.68876791000366211      -0.96490609645843506     
         527  -5.3451657295227051E-002 -0.21630620956420898       0.19844067096710205     
         528  0.29841279983520508      -0.86236691474914551      -0.81652867794036865     
         529 -0.93229901790618896       0.59492135047912598      -0.70363605022430420     
         530  0.53006887435913086       0.44549798965454102       -7.4394941329956055E-002
         531   8.2414865493774414E-002  0.63075244426727295       0.63466989994049072     
         532  0.55545449256896973       0.28884720802307129      -0.56439316272735596     
         533 -0.73276662826538086      -0.15399634838104248      -0.93164956569671631     
         534 -0.26223683357238770      -0.41983604431152344       0.10352361202239990     
         535  0.91017782688140869        1.0069251060485840E-002  0.69413971900939941     
         536  0.83341288566589355      -0.94408559799194336       0.84981489181518555     
         537 -0.13908350467681885      -0.99570393562316895      -0.31060636043548584     
         538 -0.70888316631317139      -0.73473322391510010       0.74209034442901611     
         539  0.44054841995239258       -6.9913506507873535E-002  0.11178350448608398     
         540 -0.61685883998870850      -0.16424190998077393      -0.18672680854797363     
         541  0.79934954643249512      -0.10002231597900391       0.84260642528533936     
         542  0.89292120933532715      -0.94424521923065186       0.15655219554901123     
         543  0.21448707580566406        4.1645646095275879E-002 -0.67864418029785156     
         544 -0.77081310749053955       0.63396525382995605      -0.91333305835723877     
         545  0.29196679592132568      -0.28957390785217285      -0.50017166137695312     
         546 -0.90572416782379150      -0.63204312324523926      -0.45386767387390137     
         547   6.7710876464843750E-002 -0.19070506095886230      -0.29345083236694336     
         548  0.56318569183349609      -0.36901080608367920       0.39315938949584961     
         549 -0.31375563144683838      -0.43978452682495117      -0.32880210876464844     
         550  0.99787139892578125       0.30498337745666504       -4.8853635787963867E-002
         551 -0.66292500495910645      -0.48769402503967285      -0.75119864940643311     
         552 -0.41721510887145996       -9.1647386550903320E-002  0.10048544406890869     
         553  0.91286671161651611      -0.96636700630187988      -0.61375367641448975     
         554  0.41643083095550537       0.65777397155761719      -0.28026235103607178     
         555 -0.62944853305816650       0.70449817180633545      -0.20517444610595703     
         556  0.77016139030456543      -0.82092416286468506      -0.60657060146331787     
         557  0.69837081432342529      -0.61764073371887207      -0.44666910171508789     
         558 -0.24918389320373535      -0.39030027389526367      -0.14963138103485107     
         559  0.25026226043701172       0.68042266368865967       0.29041016101837158     
         560  0.79970955848693848       0.30170142650604248       -8.3197474479675293E-002
         561  0.13514924049377441       0.58532726764678955      -0.50741183757781982     
         562  0.49364316463470459      -0.87679290771484375       0.90529513359069824     
         563 -0.82199287414550781       0.66588318347930908       0.16290390491485596     
         564  0.55676460266113281        7.5857877731323242E-002   7.3358297348022461E-002
         565 -0.86099398136138916      -0.11144316196441650       -5.3972125053405762E-002
         566 -0.49097347259521484      -0.22379124164581299       0.90797340869903564     
         567 -0.12106728553771973      -0.99550378322601318      -0.76553440093994141     
         568  0.17903017997741699       0.63677656650543213      -0.69516122341156006     
         569  0.14640808105468750       0.86554992198944092      -0.15019357204437256     
         570  0.92206871509552002       0.55124723911285400       0.27909982204437256     
         571  0.31838071346282959       0.50948333740234375       -1.2515783309936523E-003
         572  0.34705519676208496      -0.57161283493041992       0.57279312610626221     
         573 -0.35977101325988770       0.69190287590026855       0.21712672710418701     
         574  0.46378099918365479       -5.0346970558166504E-002 -0.85030603408813477     
         575 -0.27145302295684814       0.17054736614227295      -0.98469245433807373     
         576 -0.51596236228942871       0.29551613330841064       0.90741395950317383     
         577 -0.93147671222686768       0.87991285324096680       0.71971595287322998     
         578  0.71381509304046631      -0.10191392898559570      -0.98035120964050293     
         579 -0.84029281139373779       0.97801637649536133       0.87145161628723145     
         580  0.25608181953430176      -0.99482810497283936       0.56511485576629639     
         581 -0.75290834903717041       0.48194527626037598       -4.8173904418945312E-002
         582  0.89981198310852051      -0.94141077995300293       0.44863677024841309     
         583 -0.50216317176818848      -0.66639292240142822      -0.24906361103057861     
         584   5.8678865432739258E-002 -0.52325594425201416       0.86425936222076416     
         585 -0.74267649650573730        7.2174191474914551E-002 -0.46967101097106934     
         586  0.31280612945556641      -0.38863658905029297       0.71351373195648193     
         587 -0.93357145786285400       0.53758895397186279       0.86792397499084473     
         588  0.93694794178009033       0.92011594772338867       0.58970677852630615     
         589 -0.76935184001922607      -0.26645171642303467       0.54211580753326416     
         590  0.75899243354797363      -0.19997656345367432        6.5142869949340820E-002
         591  0.42684423923492432      -0.67629337310791016      -0.73984682559967041     
         592 -0.52382862567901611      -0.36033558845520020      -0.20929503440856934     
         593  -5.9987306594848633E-003  0.74271678924560547       0.83842742443084717     
         594 -0.92279565334320068      -0.35651171207427979      -0.93030345439910889     
         595 -0.51908421516418457       0.27240073680877686       0.47385013103485107     
         596   9.1927289962768555E-002 -0.32844710350036621       0.43675398826599121     
         597   1.3243317604064941E-002 -0.29856443405151367      -0.91270160675048828     
         598  -9.5589399337768555E-002 -0.45809698104858398      -0.36024141311645508     
         599  0.70327687263488770       0.18868732452392578       0.23933374881744385     
         600 -0.89395618438720703       -2.4854183197021484E-002 -0.36732363700866699     
         601  0.69448411464691162       0.12710881233215332       0.42137467861175537     
         602  0.12598669528961182       0.79347765445709229        8.8523983955383301E-002
         603  0.69162511825561523       0.78167724609375000       0.66686749458312988     
         604  -4.0608048439025879E-002 -0.45411622524261475       0.70676374435424805     
         605  0.49656307697296143       0.82469904422760010       0.85630655288696289     
         606 -0.76269555091857910      -0.17267823219299316      -0.34434747695922852     
         607  0.16631019115447998       0.80300867557525635       0.63709402084350586     
         608  0.65337705612182617      -0.94713592529296875       0.45867598056793213     
         609  0.33727586269378662      -0.35225975513458252      -0.89475107192993164     
         610  0.47416424751281738       0.17988157272338867      -0.74306368827819824     
         611 -0.36204361915588379       0.10367000102996826       -1.0296702384948730E-002
         612 -0.12642908096313477      -0.54940044879913330       0.90183675289154053     
         613  0.68122601509094238       0.50157320499420166      -0.81072890758514404     
         614  0.44248747825622559       0.60092520713806152       0.66091299057006836     
         615  0.77290523052215576      -0.50954353809356689      -0.60499799251556396     
         616  0.64451432228088379       0.13350427150726318       0.85700905323028564     
         617  0.62607049942016602      -0.46528923511505127      -0.75618028640747070     
         618  0.84025955200195312       0.37073254585266113      -0.60512387752532959     
         619  0.52843534946441650       0.86742460727691650        6.1477065086364746E-002
         620   7.4787139892578125E-003  0.23877608776092529       0.82656288146972656     
         621 -0.68159127235412598      -0.37434029579162598       0.17605638504028320     
         622  -5.7964563369750977E-002 -0.90384781360626221       0.62676811218261719     
         623  0.88493740558624268      -0.68062245845794678        8.8069081306457520E-002
         624 -0.46548962593078613      -0.87249803543090820      -0.57832205295562744     
         625 -0.59527897834777832       0.56172657012939453       0.68934226036071777     
         626  0.35465645790100098       0.78966784477233887      -0.60070085525512695     
         627 -0.67957186698913574      -0.33692681789398193      -0.37187099456787109     
         628 -0.46408891677856445       0.78830611705780029      -0.27176237106323242     
         629 -0.96357429027557373       0.70980489253997803       0.64219486713409424     
         630  0.31375288963317871       0.31916797161102295      -0.15803551673889160     
         631  0.82601392269134521       0.56385469436645508      -0.90809702873229980     
         632  0.62957727909088135      -0.68018114566802979       0.85933399200439453     
         633  0.74024415016174316       0.96153521537780762      -0.96980309486389160     
         634 -0.30343616008758545      -0.54463601112365723       0.81730711460113525     
         635  0.67757701873779297       0.85879278182983398      -0.34918713569641113     
         636  0.23893547058105469       0.45411121845245361      -0.67688667774200439     
         637  0.63910984992980957       0.35391652584075928      -0.39446818828582764     
         638  0.23067927360534668      -0.30052554607391357      -0.68609404563903809     
         639 -0.43980658054351807       0.14910542964935303      -0.75406920909881592     
         640  -3.2549142837524414E-002  0.69808483123779297      -0.55761635303497314     
         641 -0.49171495437622070       0.89250898361206055      -0.91902804374694824     
         642 -0.33903586864471436      -0.74359810352325439      -0.66818153858184814     
         643 -0.54296088218688965       0.18652689456939697      -0.12133073806762695     
         644  -9.8028898239135742E-002   2.7529954910278320E-002 -0.54372382164001465     
         645  0.43365693092346191      -0.91855335235595703      -0.15047025680541992     
         646  0.16067874431610107       0.92950916290283203      -0.33583295345306396     
         647 -0.76911103725433350      -0.85584294795989990       0.95052540302276611     
         648  0.34161710739135742       0.48318004608154297       0.23123335838317871     
         649   1.7925500869750977E-003  0.54464423656463623       0.87478137016296387     
         650  0.12308108806610107      -0.68250787258148193      -0.19529128074645996     
         651  0.69199156761169434      -0.10925793647766113       0.50289332866668701     
         652  0.62071907520294189      -0.31823611259460449      -0.31975209712982178     
         653 -0.86945271492004395       0.27763688564300537      -0.60089719295501709     
         654 -0.71728956699371338       -4.7642707824707031E-002 -0.63784539699554443     
         655  0.81931662559509277      -0.75850689411163330       0.43991255760192871     
         656 -0.18591713905334473      -0.66117274761199951      -0.33788335323333740     
         657 -0.77284884452819824       0.92765176296234131      -0.17834854125976562     
         658  0.83213138580322266      -0.14787209033966064       0.34384810924530029     
         659  0.22181940078735352       0.25526297092437744       0.67042744159698486     
         660 -0.56281995773315430       0.98433744907379150        5.5531263351440430E-002
         661 -0.40727567672729492      -0.78581380844116211      -0.87414050102233887     
         662 -0.94199550151824951       0.38445353507995605      -0.40863680839538574     
         663  0.72998023033142090      -0.82171523571014404       0.12008178234100342     
         664  0.93800115585327148      -0.85982239246368408       -6.9299340248107910E-002
         665  0.89110779762268066      -0.48192131519317627      -0.13426828384399414     
         666  0.51767647266387939       0.53080093860626221      -0.36059665679931641     
         667  0.11379432678222656       0.42664945125579834       -6.8335294723510742E-002
         668  0.80234313011169434       0.57813191413879395        5.9608340263366699E-002
         669 -0.11959230899810791       0.46608841419219971       0.37726593017578125     
         670 -0.22822570800781250       0.60412073135375977      -0.72449195384979248     
         671 -0.96154260635375977      -0.61933076381683350       0.51229107379913330     
         672   1.7777204513549805E-002  0.92560648918151855       0.55636096000671387     
         673  0.87417852878570557        7.8044772148132324E-002  0.91934895515441895     
         674 -0.90600132942199707      -0.10092163085937500      -0.93439221382141113     
         675  0.96348607540130615       0.11504650115966797       0.35299205780029297     
         676 -0.45086038112640381       0.53953087329864502      -0.97986221313476562     
         677 -0.86707425117492676       0.21239817142486572      -0.24270987510681152     
         678 -0.31501162052154541       0.25130069255828857       0.33454525470733643     
         679  0.62798547744750977      -0.34737753868103027      -0.94166278839111328     
         680 -0.33502709865570068       0.40699374675750732      -0.16826379299163818     
         681 -0.50082635879516602        1.7539381980895996E-002  0.87933516502380371     
         682  0.32827818393707275       0.28778803348541260      -0.83772230148315430     
         683 -0.39185917377471924      -0.87632167339324951       0.74840152263641357     
         684  0.22083151340484619      -0.68377828598022461       0.17605471611022949     
         685 -0.36323451995849609      -0.54804921150207520      -0.67671453952789307     
         686  0.56734323501586914      -0.71823906898498535       -2.1125316619873047E-002
         687  0.51871502399444580      -0.54316532611846924      -0.31074213981628418     
         688  -6.1797976493835449E-002   2.5694966316223145E-002 -0.92098617553710938     
         689 -0.83242022991180420      -0.65531182289123535      -0.22992360591888428     
         690  0.67996251583099365       0.61875402927398682      -0.35522818565368652     
         691  0.20967411994934082      -0.89318537712097168      -0.61395919322967529     
         692   3.2883882522583008E-002  0.91858220100402832       0.74301576614379883     
         693 -0.51783645153045654      -0.46294271945953369      -0.85650861263275146     
         694 -0.21223294734954834       0.85473453998565674       0.30971229076385498     
         695 -0.31454217433929443       -9.9459886550903320E-003  0.56429970264434814     
         696  -3.3240079879760742E-002   2.3892045021057129E-002  -9.1569900512695312E-002
         697 -0.57265102863311768      -0.97523260116577148       0.95967507362365723     
         698  0.13962948322296143      -0.73713397979736328      -0.89304196834564209     
         699  0.84993565082550049      -0.29776728153228760       0.20068490505218506     
         700  0.93750560283660889      -0.61160635948181152      -0.61289095878601074     
