tried moves    experiment_1   _      experiment_2    _                                                                                                                                                                                                                                                                                                                                                                                                                                                                          
        0   390779   0.881E-02   0.521E+03   0.337E-01   0.109E+04
  OPTIMIZATION STUFF
      390779  -50.577120429637745        25118.599986079233     
   150.20171395535124       -200.77883438498898     
        0   343123   0.541E-02   0.435E+03   0.174E-01   0.941E+03
  OPTIMIZATION STUFF
      343123  -35.073793487389302        12436.590844273747     
   105.86037905976775       -140.93417254715706     
        0   347493  -0.496E-02   0.485E+03  -0.203E-01   0.116E+04
  OPTIMIZATION STUFF
      347493  -38.296497848163263        15959.348205795523     
   120.38574026171517       -158.68223810987843     
        0   343914  -0.229E-02   0.464E+03  -0.341E-02   0.983E+03
  OPTIMIZATION STUFF
      343914  -40.106169108132455        14486.811331447861     
   113.48262655982961       -153.58879566796207     
        0   338041   0.659E-01   0.184E+06   0.181E+00   0.426E+06
  OPTIMIZATION STUFF
      338041  -1216.3337988765422        988067789.61000550     
   31410.003529126134       -32626.337328002675     
        0   318230  -0.226E-01   0.536E+03  -0.776E-01   0.115E+04
  OPTIMIZATION STUFF
      318230  -58.743032944787011        26390.134447108230     
   151.45755355067604       -210.20058649546306     
        0   335814   0.261E-01   0.474E+03   0.602E-01   0.105E+04
  OPTIMIZATION STUFF
      335814  -39.047636729097199        15403.992199129440     
   117.81033174132861       -156.85796847042582     
        0   331265   0.973E-02   0.598E+03   0.854E-01   0.137E+04
  OPTIMIZATION STUFF
      331265  -55.538660093920086        29692.297022694744     
   163.11883477289419       -218.65749486681426     
        0   324099  -0.821E-01   0.539E+03  -0.260E+00   0.118E+04
  OPTIMIZATION STUFF
      324099  -51.824962180751925        30048.814975631110     
   165.41761777572165       -217.24257995647358     
        0   322401   0.289E-01   0.504E+03   0.841E-01   0.111E+04
  OPTIMIZATION STUFF
      322401  -44.623849281645903        17849.564670589149     
   125.92964998711820       -170.55349926876409     
        0   324841   0.123E+00   0.585E+03   0.336E+00   0.129E+04
  OPTIMIZATION STUFF
      324841  -51.137279422181287        25416.047337887565     
   151.00008606350303       -202.13736548568431     
        0   313424  -0.159E+00   0.167E+06  -0.446E+00   0.444E+06
  OPTIMIZATION STUFF
      313424  -1259.9274263358768        876183239.09051287     
   29573.566270757397       -30833.493697093276     
        0   331458   0.122E-02   0.186E+06   0.101E-01   0.468E+06
  OPTIMIZATION STUFF
      331458  -1297.8878862746267        1018007985.3887348     
   31879.828613457074       -33177.716499731701     
        0   327478   0.191E-02   0.584E+03   0.285E-02   0.127E+04
  OPTIMIZATION STUFF
      327478  -52.178817022767184        27719.511453803574     
   158.10402432546792       -210.28284134823511     
        0   335493   0.214E-01   0.581E+03   0.435E-01   0.131E+04
  OPTIMIZATION STUFF
      335493  -59.302698889072268        46114.272931712498     
   206.39152801455907       -265.69422690363132     
        0   332108  -0.245E-01   0.530E+03  -0.531E-01   0.124E+04
  OPTIMIZATION STUFF
      332108  -41.977715244682102        18086.359672990340     
   127.76631440182786       -169.74402964650994     
        0   333133   0.209E+00   0.473E+03   0.661E+00   0.105E+04
  OPTIMIZATION STUFF
      333133  -36.942878065107628        14313.625206039796     
   113.79300930332401       -150.73588736843163     
        0   331607  -0.209E+00   0.446E+03  -0.660E+00   0.106E+04
  OPTIMIZATION STUFF
      331607  -36.201519085739960        16952.098727911773     
   125.06617745736285       -161.26769654310283     
        0   334891  -0.894E-02   0.481E+03  -0.318E-01   0.112E+04
  OPTIMIZATION STUFF
      334891  -40.411190530898423        17545.316208955835     
   126.14377467331181       -166.55496520421025     
        0   334704   0.109E-01   0.176E+06   0.410E-01   0.681E+06
  OPTIMIZATION STUFF
      334704  -1674.4000046716565        1276397390.2179551     
   35687.445619465550       -37361.845624137204     
        0   332693  -0.425E-02   0.374E+06  -0.131E-01   0.120E+07
  OPTIMIZATION STUFF
      332693  -3086.5492195269453        5057013187.3154917     
   71045.664197267732       -74132.213416794679     
        0   332360   0.232E-02   0.490E+03   0.665E-02   0.114E+04
  OPTIMIZATION STUFF
      332360  -43.511195675246469        20786.070333954973     
   137.45125021208568       -180.96244588733214     
        0   332740   0.555E-02   0.461E+03   0.123E-01   0.108E+04
  OPTIMIZATION STUFF
      332740  -36.350804708753330        13458.365827938618     
   110.16798457339907       -146.51878928215240     
        0   332714  -0.642E-02   0.506E+03  -0.123E-01   0.135E+04
  OPTIMIZATION STUFF
      332714  -33.304137670912574        15756.719227122176     
   121.02707813179279       -154.33121580270537     
        0   332762   0.400E-02   0.316E+03   0.380E-02   0.797E+03
  OPTIMIZATION STUFF
      332762  -22.250195135043299        6158.2576666897785     
   75.254145953178380       -97.504341088221679     
        0   333825  -0.598E-02   0.506E+03  -0.115E-01   0.117E+04
  OPTIMIZATION STUFF
      333825  -39.183596511576376        16067.872335080596     
   120.55089422936096       -159.73449074093733     
        0   332877   0.400E-02   0.582E+03   0.554E-02   0.118E+04
  OPTIMIZATION STUFF
      332877  -54.531981940965913        34322.846898702992     
   177.05679835660973       -231.58878029757565     
        0   333713  -0.295E-02   0.555E+03  -0.154E-02   0.121E+04
  OPTIMIZATION STUFF
      333713  -63.853190680819267        30049.904990098621     
   161.16040155688853       -225.01359223770780     
        0   332890   0.413E-02   0.177E+06   0.965E-02   0.502E+06
  OPTIMIZATION STUFF
      332890  -1330.5146239267151        1027968325.4523548     
   32034.326218727809       -33364.840842654521     
        0   335041  -0.496E-02   0.592E+03  -0.155E-01   0.133E+04
  OPTIMIZATION STUFF
      335041  -55.626568751202655        32249.315585287102     
   170.74835411872886       -226.37492286993151     
        0   332475   0.261E+00   0.504E+03   0.692E+00   0.109E+04
  OPTIMIZATION STUFF
      332475  -43.307720407553433        19542.545997644233     
   132.91721991805807       -176.22494032561150     
        0   331568  -0.260E+00   0.692E+03  -0.689E+00   0.157E+04
  OPTIMIZATION STUFF
      331568  -60.955897621444613        33945.312226054521     
   173.86687657865855       -234.82277420010317     
        0   332320   0.525E-02   0.639E+03   0.194E-01   0.141E+04
  OPTIMIZATION STUFF
      332320  -59.359632122319766        28970.555959725792     
   159.52112723407095       -218.88075935639071     
        0   332361  -0.435E-02   0.497E+03  -0.217E-01   0.109E+04
  OPTIMIZATION STUFF
      332361  -48.915002956744914        23776.082722117313     
   146.23065755120896       -195.14566050795389     
        0   333929   0.327E-02   0.532E+03   0.171E-01   0.114E+04
  OPTIMIZATION STUFF
      333929  -53.570324872787317        26748.216776479196     
   154.52649309909035       -208.09681797187767     
        0   333436  -0.358E-02   0.472E+03  -0.129E-01   0.953E+03
  OPTIMIZATION STUFF
      333436  -42.505747190977985        14896.936706988699     
   114.41240388491698       -156.91815107589497     
        0   332425   0.146E-02   0.257E+06   0.502E-02   0.737E+06
  OPTIMIZATION STUFF
      332425  -2880.4836951593893        2358350375.8154416     
   48477.347178835626       -51357.830873995015     
        0   331996   0.652E-01   0.465E+03   0.186E+00   0.964E+03
  OPTIMIZATION STUFF
      331996  -37.439039152439982        13726.548263903491     
   111.01741580151088       -148.45645495395087     
        0   331718  -0.661E-01   0.471E+03  -0.192E+00   0.103E+04
  OPTIMIZATION STUFF
      331718  -43.882151537928038        17229.852341298658     
   123.71018194837876       -167.59233348630681     
        0   332456  -0.193E-02   0.407E+03  -0.398E-02   0.912E+03
  OPTIMIZATION STUFF
      332456  -26.735043112584641        9725.1971795887603     
   94.923309304706606       -121.65835241729124     
        0   327424   0.139E-01   0.448E+03   0.424E-01   0.102E+04
  OPTIMIZATION STUFF
      327424  -41.391122374910751        17070.715588874486     
   123.92534275691816       -165.31646513182892     
        0   336889  -0.777E-02   0.432E+03  -0.180E-01   0.932E+03
  OPTIMIZATION STUFF
      336889  -35.643108253254390        13433.536327052607     
   110.28646862194562       -145.92957687520001     
        0   339589  -0.628E-03   0.184E+06  -0.136E-01   0.664E+06
  OPTIMIZATION STUFF
      339589  -6236.1303201476394        7382166818.6415062     
   85692.925596408721       -91929.055916556361     
        0   338017  -0.261E-02   0.374E+06   0.316E-03   0.142E+07
  OPTIMIZATION STUFF
      338017  -2857.1382880352062        5701058069.4859447     
   75451.274543833832       -78308.412831869035     
        0   336297   0.966E-02   0.368E+03   0.311E-01   0.806E+03
  OPTIMIZATION STUFF
      336297  -26.860614909314990        9549.4003539954483     
   93.956946101333742       -120.81756101064873     
        0   337217   0.308E-01   0.483E+03   0.811E-01   0.108E+04
  OPTIMIZATION STUFF
      337217  -37.228228911143063        14751.754376836376     
   115.61061088401837       -152.83883979516145     
        0   339820  -0.410E-01   0.477E+03  -0.117E+00   0.104E+04
  OPTIMIZATION STUFF
      339820  -35.795513064505798        14374.868114726336     
   114.42704819742197       -150.22256126192775     
        0   340206  -0.172E-02   0.374E+03  -0.703E-02   0.852E+03
  OPTIMIZATION STUFF
      340206  -26.780278943628776        10571.388954768301     
   99.268351524893035       -126.04863046852181     
        0   338218  -0.143E-02   0.460E+03   0.330E-02   0.102E+04
  OPTIMIZATION STUFF
      338218  -35.009268337091150        13540.885353072465     
   110.97403517748650       -145.98330351457764     
        0   337599   0.471E-02   0.513E+03   0.104E-01   0.125E+04
  OPTIMIZATION STUFF
      337599  -36.349742073663933        16722.844786046586     
   124.10294532050676       -160.45268739417071     
        0   335815  -0.900E-04   0.366E+03   0.116E-02   0.790E+03
  OPTIMIZATION STUFF
      335815  -27.955332495286818        8122.9633546359901     
   85.682336217647276       -113.63766871293410     
        0   351092  -0.218E-02   0.432E+03  -0.984E-02   0.105E+04
  OPTIMIZATION STUFF
      351092  -31.413841052269674        12219.894307127610     
   105.98615427248197       -137.39999532475164     
        0   385650  -0.113E-02   0.488E+03  -0.266E-02   0.106E+04
  OPTIMIZATION STUFF
      385650  -45.173636018796628        26585.664553878400     
   156.66846256576235       -201.84209858455898     
        0   395308   0.817E-02   0.584E+03   0.221E-01   0.122E+04
  OPTIMIZATION STUFF
      395308  -61.154919968111706        29084.458375485570     
   159.19966752220125       -220.35458749031295     
        0   386415  -0.591E-02   0.153E+06  -0.142E-01   0.552E+06
  OPTIMIZATION STUFF
      386415  -1274.7957605972019        936273526.57030702     
   30572.020252823830       -31846.816013421030     
        0   414980  -0.162E-02   0.366E+06  -0.579E-02   0.114E+07
  OPTIMIZATION STUFF
      414980  -7964.3889837043107        16406814550.219849     
   127841.24161762548       -135805.63060132979     
        0   340175   0.972E-01   0.504E+03   0.246E+00   0.112E+04
  OPTIMIZATION STUFF
      340175  -44.681964272989831        21028.178568896659     
   137.95542989532495       -182.63739416831478     
        0   338112  -0.966E-01   0.381E+03  -0.240E+00   0.887E+03
  OPTIMIZATION STUFF
      338112  -28.923532798401620        10192.233702272651     
   96.724676028056237       -125.64820882645786     
        0   302103   0.171E+00   0.567E+03   0.497E+00   0.130E+04
  OPTIMIZATION STUFF
      302103  -51.554370940702697        24245.567356580665     
   146.92758145933354       -198.48195240003622     
        0   299461  -0.172E+00   0.553E+03  -0.505E+00   0.123E+04
  OPTIMIZATION STUFF
      299461  -54.245859799845483        26229.155575528093     
   152.59928659762338       -206.84514639746885     
        0   303681  -0.160E-02   0.564E+03  -0.443E-02   0.121E+04
  OPTIMIZATION STUFF
      303681  -45.518318015983311        18798.633459912762     
   129.33180654776524       -174.85012456374855     
        0   321325  -0.745E-02   0.406E+03  -0.281E-01   0.869E+03
  OPTIMIZATION STUFF
      321325  -30.642440284508456        10951.189846927780     
   100.06113481436293       -130.70357509887140     
        0   320912   0.668E-02   0.529E+03   0.276E-01   0.110E+04
  OPTIMIZATION STUFF
      320912  -51.211482251894410        23291.551894817410     
   143.76695023676794       -194.97843248866235     
        0   329566   0.148E-01   0.485E+03   0.346E-01   0.108E+04
  OPTIMIZATION STUFF
      329566  -35.720791655425984        14295.849416941299     
   114.10466449909464       -149.82545615452062     
        0   373037   0.689E-01   0.561E+03   0.199E+00   0.127E+04
  OPTIMIZATION STUFF
      373037  -49.053914701829655        23384.937004117084     
   144.84008580687430       -193.89400050870395     
        0   365109  -0.806E-01   0.178E+06  -0.227E+00   0.291E+06
  OPTIMIZATION STUFF
      365109  -1007.4208901133093        652249033.69968069     
   25519.289505192810       -26526.710395306120     
        0   371379   0.371E-03   0.414E+03   0.392E-02   0.938E+03
  OPTIMIZATION STUFF
      371379  -33.235124946379102        12259.063951615399     
   105.61482103101802       -138.84994597739711     
        0   375372  -0.262E-02   0.480E+03  -0.898E-02   0.100E+04
  OPTIMIZATION STUFF
      375372  -39.126627052693365        13791.918254798160     
   110.72951417882047       -149.85614123151385     
        0   350023   0.910E-03   0.189E+06   0.204E-02   0.592E+06
  OPTIMIZATION STUFF
      350023  -1713.1169549848551        1390631958.1077948     
   37251.807854201361       -38964.924809186217     
        0   350114  -0.285E-04   0.389E+06   0.297E-02   0.144E+07
  OPTIMIZATION STUFF
      350114  -3273.3067402483348        5940317069.6642056     
   77003.912450267424       -80277.219190515752     
        0   348589  -0.302E-02   0.447E+03  -0.918E-02   0.980E+03
  OPTIMIZATION STUFF
      348589  -35.101982645830240        12520.465377292923     
   106.24648790254084       -141.34847054837107     
        0   350166   0.151E+00   0.361E+06   0.298E+00   0.133E+07
  OPTIMIZATION STUFF
      350166  -2959.3993036686365        4972618890.8512869     
   70454.672283765060       -73414.071587433689     
        0   350142  -0.146E+00   0.387E+03  -0.289E+00   0.842E+03
  OPTIMIZATION STUFF
      350142  -28.994392061331165        10561.237280461110     
   98.592913079262061       -127.58730514059323     
        0   350228  -0.144E-02   0.413E+06  -0.336E-03   0.154E+07
  OPTIMIZATION STUFF
      350228  -3225.6050806215735        6793117545.8984137     
   82357.228084499555       -85582.833165121134     
        0   350604   0.490E-03   0.548E+03  -0.678E-02   0.122E+04
  OPTIMIZATION STUFF
      350604  -39.840435461286610        17416.154692151074     
   125.81293413002548       -165.65336959131210     
        0   350235   0.834E-02   0.545E+03   0.309E-01   0.130E+04
  OPTIMIZATION STUFF
      350235  -49.350284315895550        26668.032171960924     
   155.66817789741484       -205.01846221331039     
        0   350404   0.294E-01   0.384E+06   0.680E-01   0.135E+07
  OPTIMIZATION STUFF
      350404  -11606.967580544606        27566013102.396332     
   165623.94575054816       -177230.91333109277     
        0   350471  -0.386E-01   0.491E+03  -0.933E-01   0.109E+04
  OPTIMIZATION STUFF
      350471  -36.692845287878683        15425.849770412238     
   118.65700516653889       -155.34985045441758     
        0   350175  -0.769E-02   0.502E+03  -0.305E-01   0.115E+04
  OPTIMIZATION STUFF
      350175  -43.966000644227151        17213.713870978747     
   123.61514736605123       -167.58114801027838     
        0   350513   0.548E-02   0.351E+06   0.224E-01   0.141E+07
  OPTIMIZATION STUFF
      350513  -2756.6941398502968        4835792024.9021397     
   69485.197433132867       -72241.891572983164     
        0   350079   0.180E-02   0.399E+03   0.677E-02   0.905E+03
  OPTIMIZATION STUFF
      350079  -30.534694353412547        10815.313041369043     
   99.413004592521588       -129.94769894593412     
        0   350317  -0.147E-02   0.416E+06  -0.692E-02   0.142E+07
  OPTIMIZATION STUFF
      350317  -3413.6743256187819        6105644537.6586847     
   78064.020939593524       -81477.695265212300     
        0   350524   0.559E-02   0.603E+03   0.123E-01   0.141E+04
  OPTIMIZATION STUFF
      350524  -54.858647901315379        33037.313626709882     
   173.28543613688194       -228.14408403819732     
        0   350935  -0.390E-02   0.531E+03  -0.470E-02   0.124E+04
  OPTIMIZATION STUFF
      350935  -40.043625411755748        19189.842653415242     
   132.61353896679717       -172.65716437855292     
        0   349389   0.191E-02   0.404E+03   0.532E-02   0.920E+03
  OPTIMIZATION STUFF
      349389  -32.941119890426123        11676.182376162398     
   102.91290004915308       -135.85401993957919     
        0   349788   0.323E-02   0.446E+03   0.487E-02   0.941E+03
  OPTIMIZATION STUFF
      349788  -33.307328752563585        11545.551643057433     
   102.15759146742882       -135.46492021999239     
        0   350748   0.207E-02   0.454E+03   0.139E-01   0.102E+04
  OPTIMIZATION STUFF
      350748  -46.690183150628478        22872.012978711751     
   143.84727934887235       -190.53746249950083     
        0   350477  -0.684E-02   0.415E+03  -0.225E-01   0.967E+03
  OPTIMIZATION STUFF
      350477  -32.578064487833061        10612.148583935093     
   97.728288116397934       -130.30635260423099     
        0   350652  -0.491E-03   0.445E+03  -0.399E-02   0.106E+04
  OPTIMIZATION STUFF
      350652  -33.651934675751221        12775.688484682665     
   107.90382651816218       -141.55576119391338     
        0   350738   0.354E-02   0.419E+06   0.174E-01   0.121E+07
  OPTIMIZATION STUFF
      350738  -2649.7811511045315        5311648725.3015280     
   72832.872970608398       -75482.654121712927     
        0   350419   0.485E-02   0.524E+03   0.307E-02   0.120E+04
  OPTIMIZATION STUFF
      350419  -47.167026557852658        22466.365546886398     
   142.27310762254834       -189.44013418040100     
        0   350242  -0.106E-01   0.426E+03  -0.223E-01   0.971E+03
  OPTIMIZATION STUFF
      350242  -34.156136792103297        13469.187199190746     
   110.91684055466904       -145.07297734677235     
        0   346745   0.187E-02   0.428E+06   0.300E-02   0.152E+07
  OPTIMIZATION STUFF
      346745  -3513.7801941857747        6858079689.1098385     
   82738.945109644628       -86252.725303830404     
        0   346246   0.143E-01   0.455E+03   0.503E-01   0.101E+04
  OPTIMIZATION STUFF
      346246  -35.773785444910359        12966.350378089362     
   108.10451726468641       -143.87830270959677     
        0   351309  -0.120E-01   0.425E+03  -0.449E-01   0.979E+03
  OPTIMIZATION STUFF
      351309  -30.649368480815124        10584.947685830970     
   98.211831759509437       -128.86120024032456     
        0   350792   0.583E-02   0.162E+06   0.120E-01   0.582E+06
  OPTIMIZATION STUFF
      350792  -1249.3014606385821        931864180.37451077     
   30500.875827342352       -31750.177287980932     
        0   350489  -0.768E-02   0.461E+03  -0.962E-02   0.106E+04
  OPTIMIZATION STUFF
      350489  -39.845977137528713        19216.568098732852     
   132.77374064433221       -172.61971778186091     
        0   351181   0.529E-02   0.425E+03   0.121E-01   0.983E+03
  OPTIMIZATION STUFF
      351181  -30.434651348885982        11311.269638528349     
   101.90682820989034       -132.34147955877631     
        0   350772  -0.454E-02   0.412E+03  -0.122E-01   0.931E+03
  OPTIMIZATION STUFF
      350772  -36.335529925520987        17259.666847770764     
   126.25132123190764       -162.58685115742861     
        0   351037   0.975E-01   0.404E+03   0.212E+00   0.888E+03
  OPTIMIZATION STUFF
      351037  -37.976817643933408        16843.821385571318     
   124.10311320515189       -162.07993084908529     
        0   350889  -0.106E+00   0.417E+03  -0.247E+00   0.990E+03
  OPTIMIZATION STUFF
      350889  -33.865296966115395        12052.503398137917     
   104.43009652171510       -138.29539348783049     
        0   350664   0.148E+00   0.175E+06   0.407E+00   0.370E+06
  OPTIMIZATION STUFF
      350664  -1117.9121415022014        794956517.48694801     
   28172.802308801834       -29290.714450304036     
        0   350316  -0.140E+00   0.579E+03  -0.378E+00   0.136E+04
  OPTIMIZATION STUFF
      350316  -54.688598029840350        42846.394127382562     
   199.63855182031628       -254.32714985015662     
        0   349878   0.106E+00   0.534E+03   0.222E+00   0.121E+04
  OPTIMIZATION STUFF
      349878  -48.604639278991996        21645.866660634329     
   138.86488289410465       -187.46952217309666     
        0   350931  -0.108E+00   0.409E+03  -0.227E+00   0.962E+03
  OPTIMIZATION STUFF
      350931  -37.053296652081684        15099.310197103114     
   117.15956386192271       -154.21286051400438     
        0   350923   0.487E-03   0.455E+03   0.573E-03   0.102E+04
  OPTIMIZATION STUFF
      350923  -32.645521528309487        11573.738863746576     
   102.50857909409953       -135.15410062240903     
        0   349990   0.492E-02   0.491E+03   0.116E-01   0.105E+04
  OPTIMIZATION STUFF
      349990  -43.993035894748211        23139.373688921689     
   145.61588677642658       -189.60892267117478     
        0   350503  -0.157E-05   0.158E+06   0.746E-02   0.589E+06
  OPTIMIZATION STUFF
      350503  -5507.8111669458385        5953712187.2742434     
   76963.473176718777       -82471.284343664622     
        0   350134   0.698E-03   0.239E+06  -0.306E-02   0.739E+06
  OPTIMIZATION STUFF
      350134  -1764.5000781343717        1948481689.6140487     
   44106.328673879812       -45870.828752014182     
        0   350044   0.352E-02   0.428E+03   0.281E-02   0.928E+03
  OPTIMIZATION STUFF
      350044  -31.065820651722376        13269.798224079705     
   110.92661092503785       -141.99243157676023     
        0   349589   0.994E-02   0.198E+06   0.339E-01   0.708E+06
  OPTIMIZATION STUFF
      349589  -1434.5841998671740        1532091977.5732980     
   39115.648348797564       -40550.232548664739     
        0   349058  -0.144E-01   0.488E+03  -0.421E-01   0.111E+04
  OPTIMIZATION STUFF
      349058  -45.540602111056586        19189.096198895513     
   130.82488203036127       -176.36548414141785     
        0   348519  -0.162E-03   0.441E+03   0.525E-03   0.943E+03
  OPTIMIZATION STUFF
      348519  -33.299039130785459        12908.977461849701     
   108.62850203706263       -141.92754116784809     
        0   350826   0.536E-02   0.533E+03   0.122E-01   0.117E+04
  OPTIMIZATION STUFF
      350826  -47.302272583356718        19665.553012237353     
   132.01533252121578       -179.31760510457249     
        0   349843  -0.731E-02   0.455E+03  -0.115E-01   0.102E+04
  OPTIMIZATION STUFF
      349843  -37.420332729303553        13482.899596203322     
   109.92096385417813       -147.34129658348166     
        0   350104   0.119E-01   0.441E+03   0.301E-01   0.988E+03
  OPTIMIZATION STUFF
      350104  -37.510868597700977        14970.203937162783     
   116.46088903236483       -153.97175763006581     
        0   350161  -0.790E-02   0.486E+03  -0.217E-01   0.109E+04
  OPTIMIZATION STUFF
      350161  -44.947018843971343        21365.903540947085     
   139.08870923977534       -184.03572808374668     
        0   348778  -0.301E-02   0.560E+03  -0.918E-02   0.139E+04
  OPTIMIZATION STUFF
      348778  -39.992958731292070        19030.464218300109     
   132.02661652188652       -172.01957525317860     
        0   351033   0.150E+00   0.527E+03   0.284E+00   0.117E+04
  OPTIMIZATION STUFF
      351033  -40.077298317902340        16221.340504022790     
   120.89313737165006       -160.97043568955240     
        0   349853  -0.152E+00   0.395E+06  -0.293E+00   0.161E+07
  OPTIMIZATION STUFF
      349853  -3037.5604845859034        6017973993.8257236     
   77516.109423320551       -80553.669907906457     
        0   350726   0.943E-02   0.495E+03   0.311E-01   0.120E+04
  OPTIMIZATION STUFF
      350726  -41.951610637669248        18062.271696182022     
   127.68059390951868       -169.63220454718794     
        0   350599  -0.171E-01   0.459E+03  -0.586E-01   0.984E+03
  OPTIMIZATION STUFF
      350599  -38.449754746618638        17659.590547416767     
   127.20537294997270       -165.65512769659134     
        0   346530   0.128E-01   0.544E+03   0.391E-01   0.114E+04
  OPTIMIZATION STUFF
      346530  -53.620480742137048        28052.851345365991     
   158.67481019477572       -212.29529093691275     
        0   342202  -0.246E-02   0.512E+03  -0.379E-02   0.120E+04
  OPTIMIZATION STUFF
      342202  -45.873138423798977        21387.359463102890     
   138.86329476954617       -184.73643319334514     
        0   340902   0.140E+00   0.577E+03   0.417E+00   0.140E+04
  OPTIMIZATION STUFF
      340902  -48.562006663742046        23575.960933039274     
   145.66294120959506       -194.22494787333710     
        0   344475  -0.140E+00   0.556E+03  -0.414E+00   0.126E+04
  OPTIMIZATION STUFF
      344475  -52.158698658261294        25891.356350460537     
   152.21966530227698       -204.37836396053828     
        0   343451  -0.168E-02   0.456E+03  -0.279E-02   0.107E+04
  OPTIMIZATION STUFF
      343451  -38.929270024379534        15659.958838023065     
   118.93052918990990       -157.85979921428944     
        0   361454   0.361E-03   0.462E+03  -0.246E-05   0.105E+04
  OPTIMIZATION STUFF
      361454  -41.928632109321661        19956.738274810181     
   134.90266151655919       -176.83129362588085     
        0   316346   0.447E-01   0.452E+03   0.118E+00   0.107E+04
  OPTIMIZATION STUFF
      316346  -34.300642435053945        16747.986730474204     
   124.78562681261324       -159.08626924766719     
        0   379616  -0.352E-01   0.471E+03  -0.868E-01   0.111E+04
  OPTIMIZATION STUFF
      379616  -38.942175911731610        17191.678069725829     
   125.20057909205364       -164.14275500378525     
        0   404527   0.324E-02   0.508E+03   0.139E-02   0.114E+04
  OPTIMIZATION STUFF
      404527  -47.032389225761456        26642.659320179784     
   156.30295481498825       -203.33534404074970     
        0   406819  -0.417E-02   0.387E+06  -0.141E-01   0.123E+07
  OPTIMIZATION STUFF
      406819  -2734.7625399441508        4731101928.3469028     
   68728.618509300926       -71463.381049245072     
        0   406411  -0.202E-02   0.490E+03  -0.128E-02   0.119E+04
  OPTIMIZATION STUFF
      406411  -36.180322383924661        16562.516138145871     
   123.50506228629315       -159.68538467021781     
        0   333107   0.395E-02   0.387E+03   0.162E-01   0.956E+03
  OPTIMIZATION STUFF
      333107  -28.035017181563180        13476.711837660687     
   112.65322742509485       -140.68824460665803     
        0   332627   0.130E+00   0.573E+03   0.416E+00   0.135E+04
  OPTIMIZATION STUFF
      332627  -50.663522387944013        23860.358341094205     
   145.92315046057806       -196.58667284852208     
        0   332772  -0.134E+00   0.580E+03  -0.436E+00   0.139E+04
  OPTIMIZATION STUFF
      332772  -43.580529548761092        19640.277725767137     
   133.19540221049937       -176.77593175926046     
        0   333496   0.333E-02   0.471E+03   0.159E-01   0.104E+04
  OPTIMIZATION STUFF
      333496  -40.541946195584543        17970.068580842068     
   127.77487694972120       -168.31682314530576     
        0   385921  -0.100E-02   0.525E+03  -0.647E-02   0.121E+04
  OPTIMIZATION STUFF
      385921  -40.454899159585878        16693.015855489783     
   122.70459237321772       -163.15949153280360     
        0   405852   0.124E+00   0.574E+03   0.299E+00   0.141E+04
  OPTIMIZATION STUFF
      405852  -43.108643355444656        20947.870932295566     
   138.16481390118341       -181.27345725662806     
        0   404599  -0.126E+00   0.402E+03  -0.299E+00   0.965E+03
  OPTIMIZATION STUFF
      404599  -30.149009471805037        10152.911880576044     
   96.145458074966058       -126.29446754677110     
        0   405482   0.583E-02   0.145E+06   0.125E-01   0.594E+06
  OPTIMIZATION STUFF
      405482  -939.60933732117110        800470892.20376432     
   28276.987578187731       -29216.596915508901     
        0   382296  -0.527E-02   0.410E+03  -0.109E-01   0.959E+03
  OPTIMIZATION STUFF
      382296  -30.377744968058032        11046.151565891441     
   100.61483079818336       -130.99257576624140     
        0   368741   0.101E+00   0.422E+03   0.352E+00   0.103E+04
  OPTIMIZATION STUFF
      368741  -35.994081914791593        15648.239162747823     
   119.80260944511642       -155.79669135990801     
        0   384363  -0.979E-01   0.500E+03  -0.338E+00   0.120E+04
  OPTIMIZATION STUFF
      384363  -39.928938934356893        16522.689813601577     
   122.18170750639383       -162.11064644075071     
        0   389925   0.172E-02   0.161E+06  -0.369E-02   0.332E+06
  OPTIMIZATION STUFF
      389925  -905.38793300782959        585098321.40879428     
   24171.855412846529       -25077.243345854360     
        0   390875  -0.419E-02   0.467E+03  -0.875E-02   0.114E+04
  OPTIMIZATION STUFF
      390875  -37.613795439509524        15446.211291164249     
   118.45426832241623       -156.06806376192574     
        0   381845   0.709E-02   0.501E+03   0.174E-01   0.113E+04
  OPTIMIZATION STUFF
      381845  -36.689029391289637        17744.115072380722     
   128.05479372013298       -164.74382311142261     
        0   318818  -0.179E-02   0.610E+03  -0.116E-02   0.133E+04
  OPTIMIZATION STUFF
      318818  -49.821603042492562        25267.939320376248     
   150.94948555941667       -200.77108860190924     
        0   312344  -0.161E-02   0.504E+03   0.607E-02   0.117E+04
  OPTIMIZATION STUFF
      312344  -33.444722940900995        14907.628643566533     
   117.42690982467734       -150.87163276557834     
        0   315580  -0.174E-02   0.400E+03  -0.958E-02   0.989E+03
  OPTIMIZATION STUFF
      315580  -27.872631895841344        10324.378533740119     
   97.711283508810013       -125.58391540465135     
