   16582.944445325669     
   24357.373319329588     
   15528.977808313248     
   13606.489871444099     
   96883.204621522207     
   65047.055611065865     
   93860.801664674189     
   124729.31161166358     
   14753.317348763276     
   51273.093162049132     
   200177.80994987994     
   10869.105059356378     
   14588.293290244535     
   16163.956262786478     
   38130.109669752310     
   12161.000929628368     
   301344.02947585681     
   14184.858771379002     
   559.18780409497435     
   17892.986915326619     
   12236.020401837779     
   15113.555404393261     
   21040.874051613067     
   14845.225064975402     
   17454.931698351691     
   11615.819501149368     
   14724.910323082284     
   13213.555427250943     
   17819.010490094191     
   11038.362134660894     
   327700.39227553114     
   13013.157270057533     
   21166.755037758441     
   12595.494339750099     
   19478.256883862148     
   13873.746238081665     
   15995.312589565472     
   99052.726865158766     
   13840.927874506640     
   11858.216276189059     
   30297.650994625448     
   21643.677986134539     
   16786.833082947935     
   15997.913582378002     
   29650.239399622566     
   67383.231661469603     
   13724.167868389997     
   10781.677150405034     
   11405.474127692480     
   16487.888913780611     
   16847.958254810066     
   12525.162774140275     
   11163.369356648716     
   23157.690562742355     
   15393.959966575252     
   12322.105254033928     
   129018.68271215683     
   15254.817803390841     
   216895.55412823355     
   14119.281022051839     
   12279.538393345858     
   903.45233051459115     
   11891.562820368223     
   28081.979003295906     
   127996.76574935470     
   15539.512600356051     
   17099.932044166140     
   12797.156548765593     
   13833.091981931777     
   14922.432869810244     
   10658.540906779786     
   167746.23445664122     
   15303.396198113298     
   14677.382110476969     
   12553.147209704955     
   26181.029955680540     
   59864.930991693414     
   14107.149932591918     
   776.28213544724872     
   10555.369720644154     
   13532.039165646707     
   10598.331253265449     
   16817.714730310552     
   13844.716064985754     
   16337.840912890237     
   19198.969595974020     
   24792.962313424032     
   14552.989929422063     
   13053.217133616366     
   20308.555651209324     
   23013.149447087882     
   11587.146181051492     
   13246.927536408781     
   35578.185898344258     
   15651.646832850955     
   21877.607464570698     
   15847.129481804768     
   21947.602789360255     
   16053.265900910734     
   124093.66851475296     
   809.99115564062765     
   194910.53523035321     
   13889.690559292105     
   128650.41387976207     
   11246.422189997695     
   11609.612635343501     
   17425.620517760362     
   20035.921875802611     
   19163.885234895410     
   21398.443967165666     
   36656.657088433669     
   16988.613517536236     
   17095.881149054978     
   23298.525533472930     
   16728.530573326734     
   31385.846920405973     
   20993.671088955940     
   16751.479530216158     
   169200.73353658972     
   13138.423637731747     
   27356.678530758916     
   900.48195816931934     
   18859.267254132803     
   16733.442814923499     
   206683.78717679682     
   15611.759819938772     
   14076.788950949443     
   14277.669240555922     
   65575.680936297693     
   19438.263105674891     
   21200.110298616739     
   13778.216146612969     
   12440.291946677142     
   19187.970427328924     
   199824.92259209760     
   11043.405186243923     
   17477.648512500709     
   14548.988200099082     
   185943.01207296725     
   14433.888385608478     
   21819.339353027433     
   15630.858923629010     
   181995.18165105471     
   14851.929028254493     
   14179.752317107446     
   9140.5103759317772     
   18493.921745859028     
   17648.374888077349     
   18939.517594677094     
   15340.532687393850     
