   31605729.091905806     
   14358551.905281050     
   13699726.281464685     
   17547607.029031485     
   8149649.7037128694     
   6292891.8186077494     
   20565548.838538907     
   15194424.806736432     
   12167932.828206005     
   15488244.355494512     
   8159165.9132333919     
   18678241.645137604     
   14009570.571470218     
   9236773.5129629113     
   13187258.460276330     
   10027207.555001989     
   5682610.8200143911     
   8203550.4362250920     
   8362096.1033054069     
   6443420.8024929790     
   868679.02397359791     
   8249474.2072379626     
   7237721.7691557696     
   4761782.8960674554     
   7335843.8826974425     
   9641640.4678740576     
   8807885.3942038640     
   6319412.4322667653     
   15309026.916377820     
   11433541.695159370     
   12148685.581582533     
   5971485.9542649761     
   5533904.4479514314     
   8015431.8574654190     
   6282613.8647481212     
   6297069.9954393096     
   5728152.1263054525     
   5405765.5476725390     
   13257536.740332389     
   5505746.9131401638     
   8055220.2659954010     
   11715794.363976208     
   7665070.2939230800     
   11108309.478458438     
   9390648.1643509306     
   12051191.908195216     
   6774486.3262792006     
   11934482.043344196     
   8103110.6522964537     
   7950605.8315490605     
   7864952.2958799629     
   5035571.7532706503     
   6728722.6032283576     
   6395014.3394286390     
   8111203.7150231376     
   9266478.1512455549     
   5442018.3248846512     
   4219053.4104642775     
   6904754.6936138077     
   6133574.7696745843     
   7210822.5481061721     
   6882820.1325712278     
   9217497.1500446051     
   5669122.4779503914     
   6171890.3764870856     
   5437956.0184411928     
   5968733.2239005817     
   8129950.7137631662     
   3802702.2527386053     
   6680594.1895443425     
   5890562.1816100068     
   5064318.2473730836     
   9165187.4865934476     
   4889169.1439946145     
   5184625.5321770292     
   5982427.1668337611     
   5035452.7948399084     
   5230574.9849611260     
   5300419.9131359998     
   6573257.0535233943     
   6227597.6131472504     
   5600871.1363813337     
   4749632.7865289543     
   104188.95760019358     
   10687889.773129763     
   8145805.9515349688     
   5658695.8852631571     
   7752841.6154210912     
   5893582.7964807265     
   5605841.5106783323     
   10267933.373440990     
   9619513.7462182771     
   5568377.3178683380     
   7681931.1993001942     
   4468394.3381173313     
   6500678.6028477186     
   6687229.1875451440     
   5830534.4587588795     
   5777498.2327696811     
   5193440.2866975041     
   7220962.7314283131     
   9190429.1371839419     
   4273589.3790920926     
   6055181.4540422661     
   4884544.4822431877     
   4241611.4361621682     
   6957330.6064716782     
   6925943.7446379401     
   7695577.9385593422     
   4981082.7645490356     
   5883980.2821217440     
   6598521.8650452420     
   6319037.6683246186     
   7275182.0131231807     
   9223415.8941500336     
   5382933.0405493090     
   5386322.3858232703     
   6264146.7895709537     
   8029515.5128146410     
   4416037.0475927331     
   11366030.731438627     
   5473579.1221118532     
   8129566.3713859208     
   7596469.7470019376     
   8048624.7777083032     
   7475674.6420986261     
   4342302.3158279089     
   4919332.5176039170     
   10414082.643764189     
   8413828.9209587127     
   7746748.6683149720     
   120961326724.27934     
   9843696.9320077654     
   6118412.4207341811     
   3972864.9988734275     
   6683902.4608559841     
   4404123.6819662778     
   4639211.3196340054     
   5428172.2016178817     
   4932828.7875998477     
   5383510.8141596783     
   4151457.6340834885     
   5621741.4634046443     
   5998492.3593745008     
   8786431.5497911870     
   9176491.9821266606     
   8359708.2305694474     
   6431473.3788568806     
   9693874.5561485346     
   7644956.3042227877     
   7920375.3021612326     
   12855951.860178595     
   8616293.5382105056     
   5316907.5029399348     
   8932723.8388123289     
   4108628.0148803098     
   4123414.0114788236     
   7089844.9294436499     
   6478569.5891134599     
   6268368.3170143608     
   4502841.1556505142     
   7539115.9782957146     
   7425197.6518499721     
   7386418.7720551286     
   9116627.2777189277     
   5764241.1695292359     
   7948176.6883746963     
   3957356.2342685140     
   7572361.2559519140     
   4958349.1547777103     
   4723970.6040645484     
   12567395.832900129     
   7011549.3584940247     
   6264363.1260640342     
   10534048.364219759     
   8568754.7857505996     
   5984259.1491055470     
   4861849.1756254481     
   7272684.0673920084     
   5909312.2766708434     
   8155495.6371662561     
   5185067.4088353999     
   335465.01287816156     
   8945129.4190501962     
   6850844.6445365865     
   5070097.6554117948     
   5061325.8812522674     
   4683786.5939881383     
   6296587.2559604896     
   5740203.5761865545     
   7125730.9889631607     
   7034428.2448293380     
   6716422.7937884741     
   7418811.5971673261     
   6858297.1128786905     
   5611356.4967918610     
   3648363.2141295662     
   5501748.1061030999     
   5806770.1111490000     
   7282601.8475166867     
   5487887.3855519211     
   5608764.2761049457     
   4572894.9975464856     
   5646900.7957296325     
   4654263.2432416277     
   5324072.3537413524     
   6102858.4659826625     
   5022604.0472884597     
   5971775.4814281482     
   4671660.2183022685     
   18831682.654633302     
   24280634.636725616     
   4180186.6692788275     
   7757109.3814968457     
   7616613.1141713932     
   9906515.6280941963     
   10241352.952751853     
   8063088.0895220265     
   7665965.5727977520     
   11142950.118644992     
   6843447.5876470339     
   6203292.5697951075     
   8578300.4577104002     
   8075921.4110594457     
   6218507.6434491258     
   7625829.5746788625     
   10516511.696488529     
   9654998.4270488303     
   14163503.121022843     
   6833139.8573323907     
   13833580.186320551     
   9806990.5876894426     
   5363405.2846941203     
   2913340.9830248291     
   9823740.3210751843     
   7117892.9142614687     
   5803790.0774945952     
   8419208.6649013851     
   5919948.2988569075     
   8483575.1420863196     
   6125545.0569296395     
   7230957.5789364688     
   4988427.5542645762     
   6699044.8992418190     
   5383268.8865854517     
   20263252.661929816     
   5214828.5832191063     
   8410727.1268527433     
   20000071.364656854     
   9511804.8483452536     
   7948482.4733698107     
   14413345.499485141     
   22695721.832981348     
   26418213.247059021     
   10605439.329856947     
   14444470.029079920     
   12583509.581632210     
   12626168.602759318     
   13429943.390502138     
   10778121.294943709     
   8042274.8550302582     
   32804040.299385153     
   24757886.641825564     
   7614075.1916467063     
   8356686.7205104744     
   7161376.5171263218     
   4218585.7274697404     
   6235386.7263850365     
   7040701.5769535722     
   19173067.772111688     
   11172859.059450552     
   5421267.6328024035     
   6925832.0272482615     
   6457240.9124054657     
   5482451.4269303363     
   4874751.0670102518     
   7176556.4847314274     
   8993909.5531988479     
   5939990.6180303618     
   7760525.0286402088     
   5496719.7860501138     
   4786374.6851081420     
   6143058.3334567910     
   7427137.9047583276     
   5154042.7299151998     
   192227.14872941672     
   9435197.0429039095     
   9228005.9846177623     
   9771240.4304593857     
   22738373.924306221     
   8315129.4775722092     
   9643978.4638004992     
   7596711.1364767114     
   6843062.4830427822     
   8804329.2555442620     
   11762228.550683871     
   6506836.5177217042     
   6902746.7867250461     
   7803082.9967631269     
   8306116.7121407297     
   222395.76396198460     
   8125100.6559251584     
   7145708.2189251492     
   6575013.4258701084     
   6199496.1696551275     
   4954726.5787381409     
   6455268.4068596084     
   6161499.3087203540     
   7037338.5518991621     
   6983685.6091108816     
   4494397.0024839435     
   533493.72535636032     
   175465162638.48831     
   15201011.780084129     
   10160063.626035679     
   7595272.8787002675     
   3596185.7074784045     
   6672079.4333075993     
   8098186.6935172267     
   7525623.5328670684     
   5506397.4945126893     
   6199047.7491661049     
   3976325.5375370416     
   6449363.9785015862     
   5127727.7359274831     
   5562553.2769431844     
   5275911.3877119422     
   7656198.3987298831     
   11814911.773380475     
   9647455.8613629900     
   6222571.6890936727     
   9713425.0148329511     
   19076328.003918353     
   8089794.7672035908     
   6738254.0666184099     
   8221430.8539985139     
   4931419.7481500097     
   8516549.9857264813     
   6208312.5380432913     
   6006796.3094493803     
   5081648.6775474362     
   4683699.6700414978     
   4826693.8897170676     
   4867107.3713188004     
   9349843.3924714923     
   6965597.5794209773     
   8747293.5154867806     
   5736429.3065023571     
   4893101.0141098835     
   7295539.6992638186     
   334706.29794281715     
   8568626.4047099501     
   13457824.630017795     
   9131293.8387901708     
   7254992.0668774340     
   8464784.2467759605     
   7073696.6736912560     
   5182732.1614279468     
   5771990.3203527573     
   8800816.1064895913     
   6644751.8474986833     
   5015053.9923379840     
   9695165.6805890650     
   9070495.9920937382     
   11419152.832485352     
   7506478.5066708978     
   6949185.7475496763     
   8042791.8865951793     
   9046123.3873876538     
   5743986.4756118152     
   9620537.3635545895     
   6624479.9100688137     
   4649855.9733955991     
   5342306.1329186428     
   5028507.9137807526     
   10175128.050003739     
   6853719.4951270828     
   5173165.9744796613     
   4931893.1787591744     
   6288011.4936238946     
   5496484.8257760340     
   4798941.8196217790     
   4463716.4594422327     
   6195095.8656885950     
   5721342.7390970942     
   3858566.9843947575     
   12120619.185740011     
   7198818.6191664981     
   5302834.1485655662     
   6632865.5149270073     
   7394895.7453065226     
   5038953.4246458327     
   4887933.9940650389     
   14580613.076368188     
   7650582.1535379617     
   8880221.1466923431     
   5237812.2754973155     
   5824769.5100836568     
   6813192.8010769282     
   6662174.8456683978     
   7660699.7731087506     
   6094638.5227913596     
   5532162.9395037517     
   4809853.3963313894     
   6806848.6906313859     
   7604658.3106822036     
   7638152.4804730769     
   6866503.1807353292     
   5505977.1953780893     
   6327850.1173172574     
   6762985.8945312528     
   7134465.9658139758     
   6011430.2734660357     
   4586891.3142236294     
   5025405.9964603661     
   7190931.5141446069     
   621062.40823410801     
   4358569.6353793209     
   2444467.7899139584     
   4474715.0082614534     
   23539505.217392765     
   15885061.799181195     
   6128099.9477185206     
   5936029.8816108238     
   4796328.2133353250     
   18333951.330968101     
   5818245.7631193567     
   6963643.8020019988     
   5430476.5445195902     
   6003130.3354882011     
   8220766.8542508371     
   15398564.215865511     
   11739941.535604969     
   8417834.0443208516     
   5912184.8295779172     
   341472.12092411699     
   9096247.2883938178     
   7028702.6521565588     
   3975747.3824802432     
   7373073.8555109445     
   4660312.9282545475     
   7545922.7588560991     
   5705517.0795169966     
   6193195.3136905916     
   5539655.0008247225     
   5677330.7746976148     
   5882962.4389154688     
   3740341.5418812349     
   4553136.7868557321     
   148655.79788955732     
   6575624.7476491164     
   7677692.9938839208     
   216820.78666982509     
   7024462.1870586602     
   6516284.9135829350     
   5535433.5791137321     
   5117580.5891788555     
   6134296.9513423452     
   7033030.2571003642     
   6030655.7144829417     
   4613802.8358332533     
   4281118.4336838303     
   4364715.5702131707     
   5324768.3538487656     
   5034813.5373126836     
   5651588.0966271274     
   4726300.3922246499     
   5638917.5181771033     
   4166750.6286125276     
   5987804.8302599844     
   7578737.0477189459     
   4872147.3409407046     
   4760664.0805500625     
   9626143.7465945948     
   7659178.3077353481     
   6648503.0053728074     
   6897012.3739800258     
   7372736.7885564053     
   6825149.3192598782     
   5420476.2544464767     
   6975400.7163633509     
   156633.40483709934     
   7524937.5968941767     
   9724621.4923664071     
   11695050.888331695     
   7196882.4928105716     
   7311970.6165698422     
   6100948.2148937387     
   6148308.1165805766     
   11029338.742874246     
   693551.95185158507     
   5564003.0060073631     
   4998450.8825855991     
   6426414.8043174352     
   6980150.7630811613     
   4797974.3514721617     
   5553234.4159199987     
   8970301.8091135509     
   5474189.2985529983     
   4610741.2683661710     
   5423335.3125429824     
   11455979.143166162     
   6702480.1159220701     
   5583463.5315616513     
   5181776.2912643533     
   171949.67118283833     
   6406542.9637217764     
   4618568.1773095671     
   8050108.0161441099     
   7193403.8400087664     
   8431417.8586497847     
   5276123.0461797109     
   3657782.9314416759     
   4794143.5327016450     
   8815626.0450088661     
   11606033.191544730     
   7315761.7847655751     
   9037005.9975344166     
   6378233.8645133898     
   6105864.5221578507     
   6124334.4924691999     
   12167663.820366733     
   5349351.7181039071     
   7240947.6778883832     
   8187173.3381490903     
   6224700.7785275774     
   7105471.4036511695     
   7701911.8436641227     
   7506135.3039616402     
   5720362.4540445451     
   5169581.2445502486     
   5210781.8646730408     
   5116439.2415369386     
   6423095.3908337289     
   5490612.9765513213     
   5423898.8964052526     
   5070838.9918510821     
   3882342.0866075219     
   4011449.9576592734     
   4483811.7078999998     
   4839500.1820789315     
   4899635.3364808336     
   4742509.8164875805     
   4809462.9991782652     
   4480074.8431695625     
   4765404.8048594771     
   3561516.8319723420     
   4884847.1273796717     
   4206524.5069561489     
   4426963.3474085499     
   4417428.9739998830     
   3922422.7570327567     
   4405905.1571088256     
   4389713.9735597903     
   4098943.0797028365     
   3860556.7339326194     
   4532735.2831573403     
   4020239.3339022473     
   3659815.2477446133     
   3173028.6489532976     
   1723680.9234013280     
   3654577.6287873136     
   3935057.9435241334     
   4485731.0467348592     
   3215507.7784892316     
   5572777.8148548175     
   4813430.8306731656     
   6596624.0533487163     
   9740288.8270530477     
   5024949.4418425169     
   4784097.9293004787     
   5444898.8169169351     
   5372356.7457327433     
   10227487.203144025     
   6145604.8237463105     
   4410524.7212605551     
   5529618.3733122461     
   5090335.9031245327     
   4276782.2583963452     
   6720492.3119206987     
   5288892.0958911907     
   4079513.8656783220     
   5376680.6767279739     
   6117773.5018010465     
   6376328.9451755453     
   13359272.902033018     
   5261176.0165012665     
   4588912.9297423922     
   4661852.7418419691     
   5869818.2495254138     
   6573833.7832022980     
   6313808.4106880762     
   4921758.3235736806     
   5314363.4356822660     
   6068716.2861251337     
   6217223.5099770837     
   6099796.4605265614     
   8145819.3229174158     
   9118689.2491343431     
   5811299.4257488372     
   6860275.7036323436     
   5791322.5251970738     
   6229370.0495557794     
   4588793.5756109683     
   5599399.0451088157     
   6935634.1316753859     
   5706837.2323040683     
   4788513.8682214767     
   6051832.9156071739     
   4891746.4794778517     
   6436906.6987005835     
   8286889.3767968239     
   6804931.5499590356     
   378858.46044204326     
   6161305.2362896940     
   7379383.2823154964     
   11941725.692611320     
   129928713738.34207     
   2515454.7350895521     
   6325761.8605535477     
   8467021.8376871310     
   7905919.2704260303     
   5371295.2219324056     
   5814937.6370359361     
   5179834.1488600262     
   8602032.7802177705     
   6812797.8384912405     
   5137867.5088309059     
   5486018.3370957915     
   9595159.6839583293     
   1399717.4263216602     
   7151134.5399271175     
   10576466.480865574     
   6693039.1908812104     
   5263448.6566461856     
   5244402.7398871277     
   6291604.5504543427     
   6501900.3688727291     
   5228408.1173885530     
   6299463.8885530923     
   10142996.174021600     
   5771528.1737489756     
   5429970.1865815008     
   7661430.2158385171     
   10933281.765755804     
   9200148.2282136604     
   6106126.1711869147     
   10080091.076862570     
   5870197.4286504053     
   6988527.1956771808     
   5147126.1786984559     
   6073949.8643532861     
   4114145.1871825317     
   6249676.8584962217     
   9260584.0808658525     
   4994413.0189098138     
   14134665.046161855     
   14591297.986699043     
   9380602.3069229499     
   9131554.1258701868     
   9997315.5980700478     
   7850390.5301382318     
   7260315.5802678214     
   6427953.7614660449     
   5676718.6750517469     
   5491171.6288476335     
   6019038.4627117068     
   6143811.7427098993     
   5444947.5691133570     
   11219744.763030969     
   7355675.2088236697     
   9944778.0115082823     
   6799973.7361505348     
   9815459.7214366961     
   7295987.8478889195     
   8608000.8849973809     
   4952835.0992936809     
   17566780.501048073     
   9249317.7155305743     
   7791611.4488079362     
   4877146.4600755125     
   5584349.8581964346     
   13707771.647965625     
   7192294.8624903709     
   9279869.1991267577     
   6372205.5472640786     
   10161064.633356506     
   9179236.9069209453     
   7822342.4116161438     
   38853367.291096307     
   14069108.141184630     
   7696187.6112330649     
   312754.71513652243     
   8477808.8069486674     
   15153992.313571475     
   10580283.196876118     
   8390172.5409842748     
   9640143.7881102338     
   7177865.9029265745     
   5621974.1312607853     
   6914651.4349173270     
   6696139.6950468225     
   5981358.7640984645     
   5970953.3001565775     
   9609827.5824410487     
   10962401.975085391     
   7585828.1840594998     
   459842.62200376904     
   11591648.047460668     
   6987289.2662185449     
   13292762.164355185     
   121489.18309044189     
   8280573.2081369720     
   8392725.5692449920     
   12432123.785190776     
   5739355.9439680567     
   7059884.7635351485     
   7408250.7593691396     
   6014231.8276229557     
   5780162.5142964860     
   5513417.8260403704     
   258826.42729654082     
   7676341.6425530640     
   9448135.8667300865     
   8154545.0518134953     
   6679994.7223028746     
   4573235.7675894126     
   6559212.0098375715     
   5445088.7009520652     
   9321963.9557918608     
   18245042.273756463     
   8611043.4640432186     
   9604299.8797783591     
   13949876.901262194     
   9521268.5774691068     
   6923761.9761637067     
   8123475.3117890358     
   8278778.5828831010     
   6489134.7511260174     
   6176914.5097358087     
   5599153.1108268173     
   10674683.108401714     
   13743268.526060235     
   5277605.8550372189     
   6929742.5573837608     
   5092134.5603106115     
   5534111.2361281598     
   5278519.6141368924     
   4448441.4066295400     
   8011092.1049454156     
   8240583.0929152537     
   7792217.3130278522     
   9606919.5501974262     
   5891018.3480944848     
   16131678.423622910     
   12402849.766722200     
   11545782.653078176     
   6217911.4680012483     
   5951371.7732595718     
   11520942.934801817     
   22419335.235124096     
   8930469.9710522238     
   13609877.378090912     
   10236432.678400643     
   11994738.212559743     
   9902378.7921980582     
   30890806.550237030     
   14304506.166381808     
   14299879.244952654     
   12893700.649644287     
   7566533.7541975062     
   9889295.3939823508     
   9956586.9741277844     
   7424465.8105016295     
   10380626.591337813     
   11918239.317015063     
   8211913.1572488723     
   10660750.382619901     
   9516634.9013413098     
   12900374.169057218     
   8971859.8202477898     
   7577315.5357060973     
   7034495.1510850629     
   11640485.454591986     
   7156273.1777670225     
   5685586.8758313544     
   7237426.0837301519     
   7831746.3229821716     
   9245475.6932046339     
   7842862.7753662076     
   7527187.6954043461     
   8549969.9492368847     
   7548955.2335374877     
   10021889.093173023     
   14936112.079596605     
   18008755.518720690     
   9811826.3348312173     
   23093636.844931267     
   11050167.547546092     
   10449795.248079840     
   12324968.546295254     
   8260804.4077531574     
   6606604.2131906450     
   8802118.9432358108     
   10044380.231441665     
   20167456.762617622     
   9365824.5929227322     
   17063445.735870089     
   10521342.152546339     
   5258176.5895988420     
   7737333.6891142307     
   7224311.7290298790     
   7272115.9237915389     
   7288347.3630851824     
   6694850.5729102939     
   6491951.7306403480     
   5301750.2362851193     
   5322182.8311414346     
   7248847.2184953894     
   8092066.6329208594     
   10879817.190907761     
   9651249.2523518465     
   6903174.2370335506     
   3658884.5212050653     
   5672134.6188675994     
   6374266.6496713543     
   5361480.1678882623     
   5668611.0335898902     
   4833129.0134464344     
   538376.72786523309     
   5872006.3369315527     
   5025051.6607824154     
   5419657.7306145178     
   239760.56108162180     
   6264856.4490774320     
   5413989.8374350723     
   4945487.6743739219     
   196737.50709078615     
   172671.93345201903     
   11044777.795876743     
   10360639.047722546     
   10896723.013979495     
   9028263.8624805361     
   9867525.6971752774     
   7677309.0199696859     
   6356398.3322872873     
   280701.97861511318     
   18484874.416089263     
   9930153.2550474349     
   8929787.7164768279     
   8818285.7812599167     
   5018200.0407179706     
   7421811.2125899177     
   6378494.2092093853     
   10871218.452319793     
   8612389.6641328298     
   19418299.666495785     
   11837732.692422194     
   23679346.596968379     
   9794430.1076159086     
   10277678.828586018     
   37504151.110261582     
   20894194.984772697     
   11483190.226745609     
   6956284.0717530968     
   6333242.9929037988     
   5976566.8277529627     
   4752338.0896299798     
   8066837.4210038818     
   5102330.7522282442     
   6969340.1037422232     
   9071724.1728206798     
   5840447.9150979146     
   6192256.2578006573     
   5849213.1594803613     
   6618270.6685171444     
   6631839.9289195724     
   6211241.0442110756     
   5505236.8668971462     
   5900868.7032591961     
   6109810.4994378258     
   3755132.4732233891     
   4626580.2014885517     
   4696450.6692762338     
   5178594.7706479179     
   5756938.3194999890     
   4936037.4622100964     
   13160805.528005892     
   8096266.8210297674     
   7490692.2005129131     
   11102099.434375767     
   7507104.7076551048     
   9279062.3406839930     
   6340369.7318956340     
   13042035.935402039     
   8824463.2774117459     
   10268528.436679499     
   6616145.0669026244     
   8866407.0067475364     
   6760067.4113869872     
   5466433.4150035540     
   8685010.4470829442     
   33941392.153683417     
   16463357.039133387     
   12106518.604110163     
   8483518.8216209710     
   9027488.4726907760     
   6492183.3498053066     
   303949.62697356433     
   19985555.572980177     
   12487874.055472696     
   7451901.3457638733     
   8925126.4296356924     
   6113567.3299994068     
   9507949.9947565459     
   5550048.0450803051     
   11717311.356093174     
   8002776.3849961422     
   6811734.0927784676     
   6223096.5903367400     
   10405618.249561120     
   8740161.0951776169     
   6944051.3103263937     
   17197842.224049449     
   7805698.6217062362     
   16539550.702801462     
   11660100.634506766     
   6952944.6251764065     
   5557071.3692562580     
   5873934.4122922802     
   7071900.7700539771     
   7882203.1113550663     
   6347344.5588997612     
   5504753.6347359559     
   6035060.9619571948     
   7098469.5737161506     
   5566752.6034511244     
   8350548.3766431129     
   6998227.9454132710     
   17968323.344761986     
   5586403.6574029494     
   5945955.1234694831     
   5277964.8546742331     
   9382557.1875067838     
   7892172.2578032259     
   8405607.9829315096     
   9887112.6325637866     
   4589494.4571641646     
   6132230.6664772304     
   6860249.6092607304     
   5299329.0403642710     
   15426102.892933464     
   5497154.5844392367     
   7650350.0590198319     
   10066058.404091038     
   6358816.4109596033     
   7492379.6361610657     
   4399462.3246202441     
   6766688.9696193673     
   8516697.4090704173     
   15291807.465294385     
   12653238.634916380     
   7375520.8929637251     
   13740445.725973522     
   5083546.8785735341     
   10958989.111457622     
   16456847.399105636     
   8359852.3085205154     
   12450007.360321146     
   8857502.6948458217     
   9770556.2271103822     
   6009304.8504535528     
   12817091.907688715     
   17464695.721643995     
   12642708.998944154     
   11750682.042333366     
   5320125.6706250058     
   10796941.472617067     
   6796195.6336027058     
   9033768.3703517765     
   5483793.5679020677     
   9082091.9475065954     
   8083032.7366661355     
   11368660.809257258     
   5780305.1197414901     
   25753903.619480237     
   10034440.439357180     
   9016905.7011794802     
   12558777.722888269     
   12060818.112491669     
   5980779.1991079487     
   11868890.797118736     
   9518736.8226852361     
   8607799.4257262070     
   6440622.8330443092     
   7541815.6473109750     
   9294826.8079313282     
   7690726.5739179207     
   6580608.8926758394     
   4250123.6802111212     
   7230309.7628240203     
   17008927.520456586     
   8553595.4140646141     
   11928874.935254838     
   7354768.9800969055     
   7386070.1314007314     
   8901325.1381444037     
   9162636.2133904714     
   16546469.676768344     
   13363684.532727830     
   5379802.5944053773     
   7278758.2672307417     
   5982920.4030807074     
   7692027.3462081524     
   6836652.2165820636     
   203772.67383551120     
   9840464.8277451713     
   5167927.9077395536     
   6082710.0328814574     
   5362229.0675401371     
   7543668.2794787269     
   18032688.596617889     
   8244115.5558858737     
   6277614.4798063692     
   10048366.040106859     
   7049790.1969713625     
   6587662.8815421518     
   8703299.1413242910     
   8372012.1685183449     
   11002477.320142124     
   5083655.2087407736     
   4325930.8986950545     
   7298301.4667541878     
   10036762.628342159     
   7032004.5281050224     
   6724095.4086474348     
   7854474.6571474792     
   20287088.983322505     
   8518328.8358246256     
   4367464.0394159611     
   4745363.8020841526     
   5418877.4504169375     
   17469636.110644873     
   7600849.0940030469     
   236055.27515479102     
   8652008.9956630506     
   6611775.8609038889     
   6205631.5218531564     
   7939982.1214180626     
   12066377.270169690     
   16295664.692875838     
   9599045.4445531275     
   7391860.9304648582     
   13246588.619177083     
   5392474.4514116030     
   4484261.0983633846     
   5584520.5282345749     
   10049106.691133067     
   15771668.347223597     
   8224204.7158273179     
   7162339.8199376659     
   4995042.9520413717     
   5220123.7311041942     
   4857387.1207985422     
   5639654.6797479643     
   6558579.5947362222     
   21490958.214789737     
   9681854.3541804422     
   6636244.1356546786     
   37609094.635164455     
   7990915.3881494785     
   8818832.2640573848     
   6869635.6253265031     
   8430150.2186575793     
   6195451.1113665793     
   7185879.1830667034     
   6471368.6906924397     
   5745081.3556120964     
   7004609.4344084589     
   6123939.5301493751     
   4624432.7445635591     
   6012691.5583057050     
   9465819.5256353114     
   6283236.2204623260     
   8343991.0409537656     
   5051014.7002496831     
   5641406.4462121222     
   4891993.2416995140     
   5069235.3440009281     
   7138887.9397810111     
   6497582.4830846908     
   6568715.0662354501     
   6033038.8164217286     
   5472058.1611734452     
   5749050.6197635923     
   11481955.858962044     
   12473243.395767910     
   7367019.0726660555     
   8459522.1706007496     
   5760395.7638820801     
   5802303.3535299022     
   4166329.9144216506     
   9125319.3104010485     
   12419550.983955780     
   11243645.785873633     
   10978382.650553886     
   8018428.3305121167     
   13815545.158459751     
   8898560.3605583236     
   9847032.4595987890     
   6164816.1944360491     
   10158753.146942658     
   17859899.525739718     
   7418607.3222151902     
   20583254.666582961     
   15946771.789663628     
   14089720.479722014     
   10390063.195072971     
   8060715.6120526427     
   6782504.2502437104     
   15957291.370121345     
   6354870.3893473465     
   10153146.933768233     
   25612220.126752719     
   17784896.881503910     
   15140934.826106127     
   10229842.973237477     
   79861170.488157183     
   25670561.688002791     
   7741358.2830971256     
   12753049.233649893     
   11339214.926211128     
   7589268.9767361041     
   9724355.8418166582     
   8224597.6685903808     
   13000593.744903835     
   17328136.826605860     
   10261802.893815272     
   9753607.9770527668     
   8899703.2743684221     
   8980837.0195821188     
   27155963.042542458     
   7615983.0007692426     
   10138196.295598069     
   6585601.0539655760     
   6494577.8957762029     
   6557729.0093522156     
   6646319.3003105950     
   7591749.2729346706     
   10951292.925499352     
   10546134.276398284     
   7637074.1298023704     
   7508744.0890384791     
   5736838.1372681465     
   14402123.667909926     
   7460698.5808811383     
   167089.85072421271     
   11330712.544723375     
   10298326.483103646     
   7818024.4025862738     
   7216733.6725036409     
   1067827.7002670581     
   5375363.4670832269     
   11670261.163910592     
   1205913.2460329144     
   5368831.2206357587     
   237386.65924242162     
   23062845.652412541     
   18416373.038903337     
   7429667.6708476860     
   5643491.0809011376     
   10903102.492453365     
   3860976.0777703975     
   11387310.396252913     
   12430376.017523007     
   6468848.2025003247     
   10847257.949714825     
   6728626.4566941494     
   11138714.816299759     
   204592.20469986246     
   11612331.279248685     
   7507062.6183162332     
   7471586.1734846039     
   7063260.8674668148     
   8367940.7908429978     
   5215306.6691989256     
   5416203.8609183915     
   5543158.2635179861     
   5519808.0045234337     
   4540860.2698923573     
   5001143.1844953746     
   5268870.7652735077     
   5569803.9594162675     
   5752086.6138988240     
   7095757.6744855251     
   6147174.1113134446     
   154405.08104586665     
   13606034.983799221     
   8100854.7073159181     
   6740802.9378141519     
   4928056.7160008540     
   9147918.9502858929     
   5586004.6659725513     
   4879969.5648371791     
   4758400.5625911690     
   5043881.5368772829     
   2451419.7836647532     
   3531966.4669122975     
   8016345.6901653940     
   41496525.474710077     
   8365624.1348582339     
   11609353.362033041     
   11105028.267952563     
   6119137.5949186245     
   5332041.0708180368     
   6735002.9912701240     
   5566768.1815261180     
   5954324.0354378819     
   6766288.2082660692     
   6703874.6233045245     
   6515413.1651016679     
   11146832.631665237     
   20050166.785103966     
   9955464.6782925613     
   11548725.866401831     
   2990502.8146370850     
   14530384.601446429     
   9083237.3507336956     
   5728556.1150948154     
   8453052.0533772483     
   6810466.9521721220     
   12526259.716080012     
   11800523.313042438     
   6856713.8548187437     
   6876588.0743331332     
   284931.04485790408     
   7897984.5170769254     
   10153735.942379780     
   6028912.6899252664     
   6617243.9439339405     
   12425352.000081932     
   8240061.0991440099     
   9717556.5231598001     
   8327628.0115506724     
   9948097.1883264259     
   7381812.7192155663     
   6349575.1627704846     
   9322959.1997108720     
   12566126.027589684     
   12292848.054034701     
   10219938.103341220     
   9849130.0565748457     
   12977271.752651652     
   8351854.2012128262     
   11896999.121035201     
   10811160.287405442     
   8558468.2662055157     
   5977591.2923788801     
   10062511.751551634     
   5645752.2067402918     
   4176925.0000961116     
   7967390.4978153259     
   5118897.3081483766     
   5847597.6298316689     
   6133726.9730556812     
   5171647.9016260151     
   7998913.4627908645     
   2567170.4382180530     
   8986403.1551831122     
   10170399.569979098     
   7526380.7267746273     
   6283168.1035412680     
   5663135.9050310552     
   6328272.8199453950     
   7798738.1176058734     
   5670712.3377258126     
   25742696.734402381     
   10499304.374155764     
   8483133.2324905265     
   7170515.6283752788     
   9869310.4487797357     
   9983262.5620432198     
   8202737.7060673460     
   10124529.406524237     
   9471403.6527497657     
   12980411.830751851     
   9665327.4640049413     
   14358199.640994975     
   10990949.775279639     
   10738732.637861349     
   9210556.0911729056     
   8798686.1141758543     
   10522177.351237781     
   9129075.7215038426     
   9411108.2622240838     
   5483262.0893068705     
   251406.52880056386     
   9079677.8753665891     
   8120056.1633852748     
   6509962.1926080333     
   7070999.2366394810     
   6363754.3688179087     
   5396815.7912779115     
   4274858.8748693699     
   9138572.5626813471     
   7682406.7086020429     
   5211894.7654438643     
   7110341.6014909567     
   7961054.8216433777     
   5306821.0199804977     
   7375033.1272484558     
   6982320.4902060153     
   4830065.4136262722     
   5030078.2282320829     
   10048294.656191830     
   9878161.9438274056     
   5887993.0820047688     
   8573547.5178929120     
   4922001.2865579771     
   5200773.8711090321     
   8360258.0268935282     
   6307018.9674862828     
   6122614.1671144078     
   9076248.8288605455     
   5025850.9541751640     
   4851289.1701936275     
   4861002.6023150571     
   4329835.8896525800     
   5459720.2334925281     
   5467631.1249691201     
   147556.89323441568     
   8063342.4832711304     
   6762174.3905318696     
   7240050.6934978710     
   6768014.3618408153     
   6883085.6934615914     
   5058415.1532304734     
   6969378.9350069724     
   5409978.6973288003     
   18754105.334811237     
   5817934.5250998549     
   6409682.2818685910     
   7039727.3492065230     
   5171845.1565399868     
   6219538.6162811648     
   9691729.5881697517     
   6235372.8823196441     
   5714953.7630574917     
   8084622.8075856473     
   4852075.8316826997     
   5164151.3047090052     
   4620336.5491542323     
   7949724.4844039427     
   176984.21575312086     
   6589205.3183126748     
   8250939.6600779863     
   8675954.4631788954     
   6550931.6615695981     
   8961265.7164012045     
   5315690.0067001963     
   10177916.399405345     
   10231632.849097712     
   11208296.580777725     
   12805088.204442713     
   8924428.7170803118     
   6166576.1028306335     
   7617340.0223388867     
   19853953.617185075     
   29546500.971674841     
   8974636.1073303446     
   11613843.788671926     
   1974668.4123318198     
   7834277.2987293424     
   6955682.7616049759     
   5560593.1582521740     
   154827.85790601998     
   10739980.198159214     
   7670543.9046331216     
   9919745.0858493987     
   12153442.063065508     
   13543533.483598208     
   13977843.210865840     
   20596657.156409178     
   389947.18530035543     
   14412616.953881554     
   12466195.660059260     
   10593169.555525910     
   35429087.362126894     
   21426446.631921623     
   9603666.1083227899     
   13559808.695077963     
   14325094.544523137     
   14101948.383091962     
   1219741.2848838016     
   6153093.3704554224     
   7489644.0566694671     
   7480468.5495756865     
   4415603.7719445517     
   4115774.3193360562     
   14558593.434801208     
   6054033.7126301816     
   6879893.1248430340     
   5572566.4478767505     
   11053050.669682125     
   4859701.1763739269     
   4852248.8841292746     
   6203865.2229598630     
   5749114.9794857288     
   5374261.7956612064     
   6079600.7924363557     
   3842259.1069783042     
   9973606.3453280367     
   12531269.018467290     
   7180889.7841592794     
   8363695.6247012606     
   7482358.4680463765     
   7285143.9846242648     
   7426976.8318008026     
   4911089.0508806137     
   4748192.6348014530     
   5293844.7979622521     
   8972792.1744232345     
   5146676.9723660350     
   3913120.5670622927     
   8039022.4094075458     
   5358131.2824351899     
   10926901.574670251     
   6632882.3516595010     
   7666750.7471371004     
   7836981.4139041845     
   6931335.1064393325     
   6626370.7554964889     
   16386123.565469986     
   23449327.399341546     
   116062.67831472622     
   23221944.557789247     
   11135221.472509447     
   6012630.5862678783     
   9739305.9659816809     
   10260028.973137995     
   8304379.6642981358     
   5897025.6803310411     
   5558870.6936094156     
   4662270.5145346895     
   6353358.6023527589     
   195967.76189977251     
   14326007.947989698     
   11268251.096702572     
   12040612.169249022     
   9289840.1783885006     
   6549434.4257045472     
   5781334.2310164720     
   9618763.3823041338     
   18886081.492845058     
   17149863.404177159     
   9861196.5388550423     
   8955348.2184929829     
   11145546.405727267     
   7696362.9679861786     
   6818785.3153269906     
   7366803.5828656517     
   9948448.1984694246     
   7694951.3672238924     
   9513758.4801908527     
   7285609.3032424925     
   5552074.4154360667     
   7617239.5651338389     
   3432984.5720197563     
   16272303.239780169     
   4528525.9643455772     
   10135184.254678557     
   702594.01414352050     
   5359908.1410350148     
   7756601.2951373486     
   4863079.5899121659     
   6056747.9410443427     
   8459771.7197920103     
   5923157.6629124358     
   9561346.8953785487     
   6427477.5071372977     
   6587407.2015346643     
   7217782.7129159877     
   6566790.8968129698     
   6946215.2266249200     
   5139066.2557991389     
   5807205.2613454964     
   5293628.0152876815     
   6411362.7518746220     
   6168541.4016932808     
   6148144.9052586546     
   6495135.6019332772     
   5583210.2970736837     
   6776598.3552056625     
   7120592.2920241076     
   5957064.6196668241     
   8632889.0034869071     
   6232037.3950515613     
   6249748.2572246240     
   6043506.4833447430     
   4993157.1534927581     
   5007477.9759798050     
   4160486.3258658554     
   5205536.9959668973     
   6437278.5133356201     
   6453755.8718967773     
   5347074.6277541360     
   7578055.1952084070     
   6133255.1125441175     
   5370989.2888889750     
   12183962.026389888     
   8616504.0188148990     
   6514845.0129005332     
   8024209.7225283468     
   136325.06469252161     
   13185023.764067395     
   9251426.9961492922     
   9961222.9958515689     
   8816169.0356188864     
   9466530.6184784379     
   12897742.400963297     
   7361233.6176157743     
   6263855.8842633152     
   8587844.2460999526     
   19779366.567793325     
   52585864.734222651     
   16189287.666605746     
   12000703.652226532     
   151438236425.88867     
   17813293.230274081     
   6339075.3307028990     
   7788286.8345482564     
   14055532.011027405     
   28008720.528120253     
   10548572.016966557     
   13465215.051130287     
   9700342.0700222943     
   5656017.1260593729     
   9298050.2978831306     
   10275178.365501970     
   10256682.644497804     
   5072695.9972194340     
   5791823.9355303152     
   8449544.5024890564     
   429759.51239198336     
   5345643.8764261929     
   3728284.8792356248     
   9754541.7695010994     
   6996508.5350816967     
   6141723.6470455695     
   5474021.2453338113     
   6591162.5341536105     
   4148628.8349983301     
   4876458.0396657903     
   8447317.7207753100     
   7517950.0944054667     
   4826566.1143400874     
   7762015.1945825284     
   14863062.317588218     
   6344540.4377204562     
   7227067.5044005988     
   6997348.2388259349     
   8156584.4670521840     
   6522884.9016090222     
   6433564.3240215359     
   7803622.2110100035     
   6978232.7807542998     
   6175515.0279409196     
   5344783.6070139781     
   5617754.3116660779     
   10958866.479670335     
   10843645.291325891     
   5922342.8957358366     
   7904676.2049134504     
   27725174.724082183     
   6784280.2495680563     
   12791720.765071847     
   3745305.2251804164     
   9416143.3209711369     
   15289736.752843466     
   14187112.376329709     
   7454527.6124217650     
   5594254.3374129022     
   6421593.6897993786     
   15015438.457465716     
   9276606.4364176244     
   13419641.554508058     
   13101829.098231561     
   10391571.481800130     
   5208239.1918882299     
   7556950.3163255220     
   7298913.8710359819     
   10655014.491102548     
   6556313.6905151401     
   5806102.8616714785     
   11320513.707014207     
   7459567.0849228567     
   5100571.3659136379     
   3993015.8904184401     
   5588022.8758591125     
   6708566.3100869451     
   7264700.2117624348     
   6202490.8836504873     
   4966055.4838933600     
   5509147.4671353679     
   1653730.8988573365     
   10640628.788293581     
   5372593.6438157819     
   5763321.8997105788     
   6364468.5894567193     
   4931780.3252571123     
   5356197.8371713301     
   3662186.0110184187     
   4372647.6652813349     
   6279049.5386524731     
   4327550.0025618775     
   4046760.8675648314     
   4335433.5390964737     
   2793681.1600541105     
   5990927.0214177826     
   8122652.8079189835     
   2044462.6169176497     
   8634255.8436778691     
   22308545.613573670     
   14484728.972177563     
   10333991.603115745     
   7184055.4251763942     
   5778655.5491689853     
   4741601.2362197703     
   3924226.1586354938     
   5364490.0495838067     
   5303731.5146016274     
   4420147.6085210582     
   4316328.6875450304     
   6528112.4562937152     
   4417747.6335401507     
   4317320.9029229023     
   5948305.6936569326     
   7696457.4007446347     
   6970483.7046449520     
   9617704.2945830617     
   8734221.4827584997     
   7856848.1158904359     
   10475666.405792270     
   7551046.6035353150     
   9750769.9448908586     
   5885612.7946326789     
   6153908.3084391840     
   5916436.3019152591     
   4882371.2985724956     
   5427842.8622307526     
   8919557.7105785813     
   5740742.8036992466     
   5340118.6516145458     
   7360318.2905047741     
   5187547.8495101389     
   6556237.7725523962     
   7982712.4581061713     
   7768611.5576059148     
   8930921.7576186657     
   7177085.9227263462     
   1787500.8839298023     
   4705011.5698475987     
   5673798.3062248193     
   5252313.2893568045     
   5888712.8203569986     
   7635855.4925842052     
   8537455.1176117305     
   5692726.9622318409     
   6288589.6268953634     
   6078992.3610878391     
   5686965.2629174348     
   5156223.6888840757     
   2588195.1681317207     
   8064190.3946611537     
   19768793.216174461     
   8718942.1616267785     
   8681514.0410951488     
   8067740.5214821137     
   6540986.7338161515     
   6465771.7391432989     
   6038855.2526983051     
   5431017.3141854722     
   167557.09107551776     
   10324721.852571366     
   11357316.377333008     
   11903804.376825972     
   8991270.3828789666     
   7324994.1416978370     
   12108640.242438218     
   8937042.5945631657     
   9244745.5251064468     
   8279501.2531266352     
   7175447.4970391989     
   28000301.478305236     
   10959182.833720785     
   8375950.6627017297     
   8119573.2941595158     
   6909359.5146153849     
   6771874.7610911829     
   6756077.4520763718     
   6256467.1180253541     
   5007963.5230867742     
   6422406.2083666772     
   8924829.7459912449     
   5009138.9661471182     
   5889089.8232334349     
   4708377.7219248209     
   4258377.7034737160     
   6048450.2850038540     
   4766920.4775264300     
   6575066.5150729623     
   5449693.0711594373     
   4608782.6978348903     
   4337588.0913491547     
   4749467.2626144998     
   4212799.9486315884     
   6072772.7485443633     
   673085.33491342375     
   4317409.3764097290     
   6169046.5266863182     
   7627204.7852570182     
   5916063.8025881518     
   5094010.1536848946     
   7148354.0409819167     
   5273806.7327173445     
   10184281.172032394     
   5625009.1755283624     
   19400921.326897658     
   7432794.6478985660     
   7722656.7096523438     
   7120660.9274430647     
   8096378.9318849705     
   6214142.3005463723     
   5220859.4175332114     
   8636240.7279744782     
   5447136.2865711721     
   5672621.0280795395     
   6513216.3127967715     
   4595225.9551928211     
   4930245.4028924527     
   7438137.5849606600     
   4863428.2546492154     
   7948166.5217986014     
   9285728.2157065365     
   5423392.3805901436     
   6290408.0732736094     
   6487326.8539188690     
   6644162.2312610494     
   340069.04005800036     
   20632373.508427624     
   35479279.897416465     
   80538374.263640210     
   10311405.553880844     
   31293144.631942272     
   19195055.991416093     
   13236570.152083499     
   1363037.4781299538     
   10704195.645142734     
   10147717.918205719     
   9831390.0726211239     
   8920829.3805587627     
   14127625.381039960     
   7845971.7312153410     
   7713517.6789501272     
   6952384.8025635369     
   7565129.6612185715     
   5904225.0474152984     
   6088601.9396892767     
   6562656.8723706342     
   5555283.2920806669     
   4895969.3249573503     
   4840027.9343829891     
   5020296.2209901074     
   3968984.3784358180     
   6536842.3400143683     
   5278609.0869114660     
   4761688.6729850434     
   5445564.2988079535     
   6737788.4971920811     
   8743629.7885567695     
   6692553.3391204970     
   6103010.9138283646     
   5079737.0236206576     
   6416323.8936334811     
   5139246.0376452031     
   4212465.9650100516     
   3869033.6815680889     
   4704880.4838894354     
   4442487.6686070124     
   4171222.0771488887     
   7263483.5130589884     
   8193268.9295336539     
   3878115.4890036616     
   12197153.946722668     
   8435169.9233137704     
   5543491.9180657389     
   9560683.1898100041     
   5645889.8491511047     
   5349964.5292638410     
   5382075.5122554274     
   5739307.8652573675     
   4368605.1578403683     
   6333423.5009650812     
   458930.30946546246     
   9215983.9689688776     
   10113262.510573644     
   5423535.7618121933     
   204384.84412301559     
   103574186574.77965     
   71463089.987915039     
   21877381.198860727     
   9740712.6070646476     
   13796006.551990660     
   9717512.5341378339     
   9733750.0420904979     
   7142961.5518647376     
   4705513.3347312352     
   6460507.3552746363     
   6923478.1165365400     
   5747792.6281653037     
   5223211.4275708450     
   7102640.5015602093     
   4674588.1751031019     
   5689442.8565397318     
   5765915.3534323042     
   13403845.959279845     
   9547304.1947947759     
   7272408.7380966544     
   8015153.9915433219     
   10861445.425742976     
   10243964.494698839     
   159434.50474966926     
   9320200.0822911896     
   6613047.1281047128     
   9541248.2092872262     
   8157491.1799076870     
   10649234.598853180     
   10928741.071877493     
   8330035.0807122905     
   9599176.0478594229     
   7799546.4548321590     
   12920938.237422068     
   6455124.8250690000     
   5329085.5003308235     
   5013874.3779301392     
   5829683.2567269597     
   5498485.6668674452     
   5694346.6680448605     
   4070713.1932552103     
   4789540.3508080225     
   3881356.6269271430     
   4092946.4183637975     
   3723543.5106191165     
   3768564.6411873931     
   284413.94767947355     
   4566371.7273943303     
   4024066.0730513651     
   4647977.0697623203     
   4908519.7391092107     
   4234781.7833281718     
   3590562.8915313557     
   6605658.8344527883     
   5076871.2983426992     
   4001513.7627133960     
   3791195.7728174343     
   6208345.9785552220     
   7377086.2569948779     
   6419949.2103865119     
   6384200.8060921803     
   7893924.6222057054     
   6374958.2405512724     
   5537043.3655155348     
   4157237.4429635853     
   6709390.9223851478     
   4962154.4778145598     
   10919605.395913282     
   4253710.9369765511     
   18922193.157359809     
   5816723.6825307691     
   8270552.6842296254     
   7193409.3733432377     
   6111393.9042556649     
   8548655.0197676849     
   3054706.8783923090     
   6829909.4140328588     
   5192969.5515952902     
   6157907.6870796736     
   4438633.1890430367     
   8419036.0067046881     
   5284891.5117071308     
   6051465.3101126319     
   8930432.7144515887     
   7685571.2590590576     
   7523961.9054654324     
   7454619.5994288186     
   6802110.1913675377     
   6377189.5972879846     
   5596275.8416711604     
   5211455.2688303655     
   6107618.9185707662     
   5923066.9154044567     
   4561876.5781180188     
   4985281.9179020692     
   7760324.7310912553     
   8793640.6115189902     
   231610.01699299415     
   5207726.3513947213     
   5494230.2303743940     
   5386865.4726437163     
   6631855.1722492799     
   5049606.5542745804     
   6514967.4802211244     
   11845280.604593726     
   5584854.3038705820     
   7037442.2666647928     
   4976275.1013456983     
   6998686.1576376865     
   4928725.0253676400     
   4712645.9212073954     
   4690813.7143589910     
   3879149.8569695270     
   5046676.3376715546     
   4797034.3990383418     
   4052713.7179735773     
   10652827.903988803     
   9152642.4956529252     
   6882912.1288581016     
   6615865.3587208539     
   3955257.8451191261     
   398717.25008159358     
   4664426.6768950382     
   4791007.7372486424     
   8649385.9376434851     
   6341097.8047815571     
   19898301.873299893     
   4681228.1675625620     
   10621134.607921921     
   277729.29036029807     
   9742798.0375009440     
   9619226.2472518086     
   7856742.4699214287     
   6109763.9582315870     
   5344756.2918664096     
   4847609.0728234882     
   7180929.6054171696     
   12024590.160119995     
   6915541.2432994992     
   8968664.5875570849     
   5956512.6777605843     
   5216501.7916875249     
   9653603.7600513194     
   5923560.9034250602     
   5944716.3274764968     
   4587532.1377072968     
   7798176.4157812046     
   5862110.4956371030     
   5399415.1913644290     
   9381165.2845303994     
   10762436.131572591     
   9178197.0393402074     
   6868050.6234177481     
   6511647.7210381618     
   11382711.232552066     
   7710867.1427000174     
   5130610.1778824432     
   7729115.8015163522     
   5745781.7304262929     
   5021136.3575447146     
   4407963.5403914833     
   4448658.0822376199     
   7533262.7523056772     
   6170147.9182468830     
   6067293.3710118048     
   5710001.1287445733     
   4907588.9285776773     
   336319.09379629802     
   4450519.0258454243     
   3927041.5551158907     
   5910947.2512418358     
   5528251.9769113027     
   8026007.2963081589     
   5811205.1314447327     
   6623951.8917501718     
   8170407.0646063993     
   5317524.1357246498     
   5784636.9751339592     
   6489432.6771208402     
   7505971.9283988159     
   5640461.2246644199     
   14219923.321374096     
   6419115.9525139518     
   12513912.567430576     
   5910277.6458337056     
   6535743.1266522398     
   7293896.9244355084     
   6523325.8645962598     
   10112753.244961660     
   9177896.2400937341     
   5960181.7886953298     
   3335410.8283850253     
   10242376.767864199     
   7479353.2724724086     
   5582810.2535730526     
   8748814.5873527154     
   16650828.911528358     
   7550933.0578818573     
   6246943.0686208997     
   4962630.6433845963     
   7098574.8540743440     
   8637769.6372238398     
   6855263.5936068948     
   5442747.6709117815     
   5576350.9600437954     
   7788769.8773838514     
   3885765.8424989614     
   5499240.7177215749     
   6572507.3901894195     
   9032493.2527064215     
   6170433.3367195278     
   4585352.5760361608     
   7365476.9107733285     
   5200044.0776103009     
   4359159.2694455925     
   5100547.8874344174     
   4562326.3624584479     
   4797160.5192418005     
   4171033.4924120009     
   3700866.4558639480     
   4386765.6287998650     
   4750399.3065398391     
   3398394.3487764192     
   4704983.3151102001     
   4135055.8898282340     
   3967562.2971401387     
   4888959.4098476255     
   4042677.5092823738     
   4104863.5924073420     
   3721548.3383132773     
   4411066.5419370960     
   3920886.6771145314     
   4045013.9092887118     
   3750396.8424983616     
   4386896.3133970201     
   4575917.2809277372     
   5964606.2227749256     
   3517826.2544929688     
   7450505.5741707701     
   354237.60201400978     
   8255402.9510467034     
   112645.50083237147     
   8374576.8927600430     
   7548564.9130851384     
   15866907.324503142     
   12509322.087556537     
   7499113.8934058296     
   8088479.9038165342     
   9952115.2247853521     
   8556895.2466874216     
   6500409.2546263263     
   8083125.0897561945     
   7939953.7116155773     
   8099204.9815109186     
   4568450.9163806885     
   5993370.0028871186     
   5061132.6919861697     
   2931324.2165213916     
   3505746.4660366224     
   5919077.8401450999     
   5532014.8707231060     
   7965015.0112536838     
   7416954.5575227803     
   6731330.7618877795     
   4482633.8257926283     
   4678951.6084228493     
   5862416.2463515922     
   6508270.5615948457     
   6548968.9039212633     
   4520842.6564559592     
   3945634.9004588667     
   4005734.0519798780     
   6367128.3150919424     
   4114417.6713153529     
   4007462.8922120477     
   5317279.4759667348     
   4544828.3080235543     
   4391624.2753126863     
   5337007.4326262902     
   3564066.9674350782     
   4556576.6250585038     
   4049218.6867634095     
   3904302.7372804992     
   6426587.4825502057     
   5085882.8035429232     
   5888961.1118159378     
   7849540.3199112285     
   17895547.753674064     
   7300484.2204251410     
   5988644.5793669326     
   6394718.5501659177     
   4850333.8876862330     
   5845213.4778015492     
   10258874.958077211     
   5126095.5663522240     
   4527841.7856568871     
   6120553.2650436033     
   168514.53808915723     
   8174528.8097291850     
   5574280.5183652006     
   4443525.9446613314     
   4554261.5218963316     
   9799825.3383107502     
   4914156.3315972276     
   6941854.0777309462     
   8060218.0698649036     
   6106299.8133071121     
   4789802.0962532861     
   3861762.1689251675     
   11401926.226846319     
   5611435.3045010585     
   6058571.5425735414     
   5674917.1926703285     
   4500287.8073906451     
   8878598.7498532217     
   10683055.900312778     
   5647309.3460373636     
   6808893.3287366936     
   10675077.157682752     
   12141768.521030370     
   13629093.826053824     
   6351785.4333006963     
   7471442.1713288901     
   9920428.9524874073     
   6447943.6667023581     
   4613296.8494925452     
   5242390.9531200556     
   9909275.9551647678     
   8092701.3015890429     
   8893777.8711281158     
   13060493.206906775     
   11437105.808160732     
   6580355.2458562469     
   6602656.7371441098     
   13434814.103025869     
   2075140.3211191350     
   13271301.031565903     
   6046677.3415448200     
   9766521.2952599190     
   8069573.5197652560     
   7862684.7176694237     
   4030609.8196493755     
   5177203.1595537812     
   7234828.9320977107     
   7569286.1056976197     
   6656183.5199561650     
   6514479.8130727392     
   5773626.0831345767     
   7004526.7394099766     
   4446723.6634220928     
   6013157.0872248551     
   173026.08209539211     
   5399162.1760619143     
   5883595.8005473064     
   6151384.5142977731     
   8232913.7902605291     
   7396118.6029376481     
   7531921.5307532120     
   6816778.4855844108     
   7151765.3299916536     
   6491022.3733809348     
   7412385.6732346332     
   6935741.7710350808     
   4259878.8802706748     
   8246477.2520390628     
   6826799.7260642946     
   5942973.6508681700     
   3044882.2763855951     
   4515643.9543493297     
   5161260.1853041667     
   4727120.8825708423     
   5982333.1352164280     
   4400557.8312543249     
   5221727.1686648782     
   4297368.1265239604     
   332562.19291787967     
   7539132.2775715915     
   5639820.8762145024     
   5568951.9399283119     
   11146473.358111434     
   15167542.056619693     
   7978068.2292258842     
   5861977.9480463890     
   8129314.2767335428     
   6917663.8440424772     
   5994314.5094698984     
   4618702.7198056784     
   6028911.9887351533     
   6037444.1002901699     
   9919638.0827714726     
   7250198.6563946437     
   5811830.8595535764     
   6754627.7151260143     
   13586563.978765706     
   12686443.484910844     
   6525187.7656658813     
   6038770.0819716509     
   8686368.0165388156     
   5343811.2202958791     
   7582210.3614937719     
   5576174.9765479667     
   4342430.1538128974     
   6064306.3979842030     
   4588057.1177444775     
   190514.98780012547     
   11164297.487529833     
   149865.45743730877     
   7429571.1617270969     
   7968372.6618178347     
   6934386.2406893326     
   6313458.1902634893     
   4846340.5626510149     
   4926341.5124373985     
   5444479.6972599309     
   4762898.9102100264     
   7518510.9469884848     
   5784125.9636437912     
   4627827.1538753808     
   3928495.5130559569     
   4683322.3336210037     
   5895249.4309886675     
   4799853.4869808126     
   6842974.6046262961     
   5200684.7499205191     
   5342170.3746660501     
   5910866.4029687978     
   5985462.8408527672     
   6446625.2010446144     
   338406.04167825216     
   5680497.4144422878     
   7507512.7116865199     
   9957127.2071921304     
   4844260.2749647582     
   5929176.0779466229     
   4401221.1523780832     
   5247024.7215090478     
   8588669.5064199455     
   6276515.4890635395     
   9683702.8478442840     
   6701568.7986436654     
   6451595.1134207323     
   5679131.9548836164     
   5708212.7377066584     
   5583850.7919536736     
   4210347.5319851581     
   4934527.8482024502     
   3849594.4857971496     
   249425.99093732578     
   6823338.7314433996     
   5700795.1432090579     
   424832.53987356357     
   4495570.2316739438     
   4322391.5983033031     
   5653837.9543260084     
   6052030.1852769274     
   6141230.1399051528     
   6533706.5557834329     
   5305649.7645173213     
   4364828.5336732678     
   4825660.1137343999     
   4477877.4486136436     
   1588129.3586569447     
   4612853.7509738849     
   5365503.4537140885     
   4044347.7357035405     
   4726606.5546504203     
   6263190.1412901944     
   3767197.6935228701     
   4515512.7338460609     
   4715069.3962769695     
   3773686.0506885746     
   2927802.9898217167     
   4407308.0919249803     
   4835174.6119896593     
   4525052.6653316757     
   4790537.3991091382     
   4378646.0200272147     
   3656887.4710251410     
   349396.55748346820     
   140368.26920276377     
   5788712.9544063751     
   5486180.6563140135     
   7566858.9287112691     
   4498626.7772335839     
   4723845.1083127651     
   4422922.4114903156     
   4310272.6819047201     
   6207156.7323354771     
   2823877.3657824798     
   7330325.1443004794     
   4745578.7974045351     
   6790549.0046132654     
   5479480.7026035246     
   26051185.945251729     
   16144375.260479366     
   10466042.731800977     
   7814597.9007785451     
   6830823.1298082052     
   4767017.3271601163     
   5134449.0654029930     
   4345253.2263299366     
   8682968.0330124386     
   7223010.7906097947     
   8560804.8648910020     
   311585.69426615426     
   8068125.9762114827     
   9120241.1661715731     
   5353900.3712615659     
   4752605.7280237600     
   23485690.278367542     
   11094811.661332386     
   7599677.7088780701     
   5641218.6655308660     
   4310852.9797666678     
   6031129.8188908100     
   6130494.5433248691     
   6713536.1707520708     
   7205323.6468951963     
   6726048.6415753439     
   6890083.6135106124     
   6349451.0990279252     
   15207795.206547042     
   5395457.3794688843     
   8149484.0430709580     
   5732811.7291089306     
   14524435.667223446     
   6816390.3451691074     
   10064665.808509115     
   8311626.2307050936     
   8466671.4999613501     
   10014811.978656141     
   7626198.9330760622     
   15619725.667709686     
   8566344.6009295285     
   7632702.0426164707     
   7137223.5522120940     
   5656560.0806694180     
   6294829.3224139735     
   7281530.0056911679     
   7764895.9442873150     
   6854923.0699303048     
   5310295.1322427168     
   7487677.9408230130     
   7098048.3807115285     
   7677883.3735098187     
   8622992.9386049565     
   117437.24662467145     
   9777791.6295538675     
   5919057.4175811773     
   190595.11089912281     
   14186190.373431552     
   14518808.910634121     
   8892619.8914803956     
   8938162.5290329270     
   16080618.342190562     
   5471002.5600094041     
   6909082.5548218461     
   5088255.3718467830     
   4596485.6479833312     
   4972251.0720625864     
   4626489.5745275570     
   5277721.6842307188     
   6318538.9080639910     
   4774558.8767498918     
   7586242.5663944799     
   5933546.1273247162     
   13201942.291230908     
   8934918.6964442898     
   6531034.7510607773     
   6139563.1708279978     
   5941760.1727713495     
   5315733.1509898342     
   5113130.9354106719     
   4724555.2782471552     
   4999999.4947510893     
   5661950.3159986306     
   6241449.7561711911     
   6740136.7934855921     
   7823510.1666853465     
   9982647.7854050044     
   11035585.211827483     
   12441365.852356981     
   11647795.163873572     
   8757260.7109874208     
   6686848.5753244143     
   8812018.8463556450     
   6904390.5946968598     
   5931726.6301751575     
   6187741.8865534067     
   7822264.8120981809     
   8520960.7564240061     
   7644949.8538460825     
