   410506.89238490554     
   302795.20569175429     
   331773.29140749888     
   284779.37885918299     
   390198.88217199384     
   304171.55483712972     
   373074.54136284092     
   394080.75396990456     
   365880.29559176834     
   259085.96018290974     
   424080.90287342930     
   410845.42038942745     
   341034.54890053935     
   356821.59796303010     
   375216.60890530609     
   317554.37518112810     
   296267.30742590822     
   316483.79563022044     
   280729.66572441411     
   327488.84740281553     
   372830.78006847482     
   336924.78351389914     
   348279.57347239420     
   331791.18240174401     
   349998.65142803214     
   266775.92986745411     
   311862.95713757857     
   314507.98060591554     
   375016.86814871861     
   380650.75877287710     
   303630.12199654378     
   336891.74117940239     
   302221.64253631036     
   285423.96216300427     
   333435.32091728714     
   327242.74581912661     
   380693.86951599066     
   267901.92606948270     
   335460.60058780055     
   313789.30918932700     
   367090.37503733585     
   318061.63883823616     
   308987.39295269590     
   301782.12260654301     
   356006.61278377275     
   333126.31485611078     
   342940.29182751483     
   357891.58385681175     
   331507.58108188713     
   323649.62670478754     
   355098.79316560854     
   306871.60414032743     
   313722.40897230519     
   354457.70795301546     
   284547.23108148790     
   342392.37961303705     
   316819.98956570361     
   320722.25289041724     
   377812.01681960258     
   307315.36647985020     
   295932.34545661462     
   276684.80282511585     
   310317.10078666289     
   320270.61541725416     
   315719.26623914874     
   385712.69901173835     
   377141.82248421665     
   317220.16527016764     
   382823.60134550941     
   293196.46343105129     
   340753.66813527961     
   329024.88197140215     
   351877.40739418479     
   335135.49599869299     
   290660.70571880671     
   293180.31950684637     
   374757.22040192358     
   319016.61432908237     
   284959.20418974617     
   292082.21528974402     
   357005.19850957487     
   307599.78646839585     
   319706.39508176781     
   286830.98033683299     
   349845.23274417548     
   288534.78444202227     
   379267.61168996926     
   332588.75477526546     
   310827.19275339384     
   343757.32268634962     
   278940.55377791543     
   313749.48915322218     
   312547.63687191164     
   271889.85173941700     
   330895.23455491202     
   420544.69639730384     
   385105.29605972226     
   328837.08820181608     
   467903.20513730810     
   295462.51196458150     
   372333.99975474365     
   356034.83721314388     
   280500.03681286622     
   291286.37877725955     
   322999.74305030954     
   285111.11316791014     
   353798.33173555980     
   326680.90487066651     
   395366.05857468140     
   291632.49591440050     
   360281.37252756837     
   321650.03567501000     
   261534.63062218024     
   293106.02491674607     
   389495.49607177038     
   339733.12819824973     
   292215.89582855906     
   312308.33821146685     
   285696.87884064659     
   354785.66521951073     
   281942.82214395411     
   306214.37325929524     
   293506.12848384806     
   279089.95246429840     
   313448.52789216972     
   353116.85137102415     
   367131.57166857849     
   328624.89865120419     
   296787.40179568646     
   333792.64796920511     
   340594.31818870880     
   281761.03625700454     
   309877.35905156931     
   284913.17238480254     
   316379.60395428713     
   303989.36713104020     
   295706.12155322288     
   354198.65281829546     
   287325.79484636441     
   257809.99560878958     
   376262.53837124177     
   321093.99658526236     
   317639.80143197399     
   304723.96582332294     
   397500.96634400234     
   365863.81597079028     
   373780.14108049474     
   265027.60136745084     
   321165.57848911674     
   291966.27643950708     
   334634.45470755908     
   268768.90545906662     
   299919.51353667089     
   360497.05554799968     
   298880.21497572219     
   294007.76729307708     
   301065.17051054526     
   323671.05992572079     
   350680.91676169971     
   339893.66018018883     
   313058.61106016161     
   263872.10375366826     
   305408.08466063184     
   305621.31749525550     
   305295.65945093171     
   321006.17652331747     
   376543.26843657612     
   293342.50305092882     
   326680.57036242075     
   319868.61139158451     
   351357.74917226017     
   308196.47708864399     
   284021.79234125552     
   242371.91776585724     
   358663.50602632458     
   279532.00128722336     
   378009.00237696990     
   265507.88124656072     
   281968.58068208513     
   323714.88744286477     
   286558.88610659377     
   267472.64508638543     
   279674.40396756848     
   330531.00383397558     
   325803.25769050099     
   238882.55571442828     
   300063.27111512289     
   284065.89159508428     
   285015.70089222729     
   346158.83356121636     
   250642.53682738604     
   322496.39215166023     
   298561.02585690952     
   310773.38166308688     
   327264.55175534071     
   352281.87110078568     
   299812.53063938068     
   288868.69941491412     
   340724.37926425762     
   299131.58880187751     
   352046.80672075914     
   250837.26988665792     
   317001.14187076298     
   286366.68675221864     
   342452.42605030508     
   380305.08062857244     
   288166.46516887186     
   301931.04072026227     
   292649.83453718986     
   295464.02556136041     
   286908.58287812548     
   355059.95489364793     
   288946.47448294697     
   315250.72663090093     
   271289.18701727083     
   316186.98791684903     
   285964.77542777266     
   316803.98797054158     
   326343.24767297966     
   318413.83780457574     
   297603.75226707041     
   254936.47738270031     
   311141.00956117141     
   275282.89041870815     
   338457.64040860982     
   353764.54092174396     
   287005.92018010025     
   335179.05042128300     
   283998.93389128265     
   286402.94924934785     
   302133.33532652346     
   308167.30756099202     
   316120.30872774165     
   301520.64670953975     
   316822.19205364888     
   282915.95634694595     
   291266.04939061985     
   310677.47764893278     
   288490.24565585610     
   313060.80865282245     
   336453.65008568508     
   308094.89835544227     
   286717.14320441376     
   325954.40935562761     
   331040.06577932433     
   277233.31982688373     
   317732.84788301244     
   274806.74288361421     
   260719.03697736320     
   271569.82095142244     
   314721.34056743165     
   296218.54242138541     
   361299.84116668138     
   293891.92399844510     
   295774.13580335735     
   252090.85925496602     
   345857.04328975745     
   293836.06238127389     
   244057.25405167849     
   305145.87114429876     
   276691.38186243316     
   323300.34756915009     
   331244.25855276117     
   339209.50519367162     
   244801.78985453208     
   247538.04392705119     
   286294.61460056400     
   276608.99858146399     
   274475.67189976061     
   278969.41691484314     
   298921.12866395240     
   301096.51381240558     
   318509.77026077447     
   278338.27782296157     
   274368.78020724026     
   312452.15312075906     
   328971.72033657791     
   249705.76348763995     
   268225.43340667529     
   342287.15321020514     
   297410.99347184948     
   280422.02352876723     
   307686.58913231688     
   287510.07807596540     
   286261.28145026625     
   273803.45785693207     
   328201.09450246103     
   271092.68333048047     
   298724.56464137073     
   292456.19521674211     
   310059.87982410169     
   310685.58289513760     
   290244.28961231327     
   316590.73286739318     
   279103.79849496140     
   277307.95155931276     
   245362.97776853599     
   246952.49930096616     
   297453.26161660010     
   307454.37471814611     
   303875.28528376116     
   300977.80731402943     
   290085.50665200251     
   298192.89453525748     
   286903.17175036913     
   358044.89233998139     
   341341.16457762470     
   278281.53482147702     
   261966.32661526304     
   260178.65594765270     
   250699.61751595529     
   269400.69436490687     
   251072.76087697607     
   322617.87644917099     
   335503.02729215578     
   282321.97317386395     
   288579.49881916179     
   301431.48433336266     
   275826.02798272355     
   314570.80629238713     
   268688.81518613972     
   325040.22097074980     
   276316.40836784377     
   307655.84599454398     
   296661.80977429310     
   292737.42202405678     
   271572.92271633202     
   282386.01749371487     
   345385.40803558158     
   282834.28846501739     
   303748.76807166758     
   312664.27720865211     
   305315.82021367340     
   293602.97578575212     
   290784.93707563262     
   297428.33538363932     
   285509.35005749512     
   274057.60883086815     
   289427.06278018549     
   288076.34720279201     
   324206.24473237322     
   307262.60208698479     
   239592.87902531066     
   318640.10410443967     
   304179.25385674316     
   302310.25241912610     
   290614.91628570680     
   329127.13022847456     
   260789.77861792946     
   312428.27371084614     
   298315.82752596698     
   318044.47534905717     
   278442.86167936597     
   262635.07784479804     
   341029.91991524515     
   288676.86934736400     
   310158.22790497763     
   291672.33877546689     
   323359.33698797913     
   311260.10117368121     
   282652.77583125309     
   255956.89758427732     
   277903.17392887338     
   280018.03597845533     
   292331.40913066134     
   281788.34734841110     
   323495.12990685197     
   264103.00003506226     
   291540.99772350199     
   275983.57532985398     
   333880.28674224694     
   304165.92904511455     
   331299.98879778071     
   301773.55288991466     
   270823.04012052383     
   307557.86839126115     
   333853.62692890072     
   330134.83896333131     
   272805.40501395956     
   264686.77639800444     
   254267.28121592707     
   249588.81913174689     
   270545.95827886427     
   306954.16688925255     
   313851.57800381002     
   255968.03193974591     
   270508.00991867168     
   267827.07884585601     
   276740.78795824468     
   254713.43464131642     
   307584.22501031106     
   302720.01994483342     
   260467.35106664515     
   292371.10166687117     
   354619.35776801192     
   316031.58145398332     
   290584.14283586881     
   299738.65813564585     
   243453.24188184817     
   368800.69095055666     
   249428.96596319720     
   281523.75371538760     
   314962.54706311104     
   321033.10742236150     
   252331.35809231817     
   260754.77699597969     
   280238.94281520566     
   280871.37244351674     
   234678.67567874378     
   291429.94499548199     
   275294.27306284528     
   315514.54133310687     
   313188.37201815430     
   271839.73328032420     
   322792.80730010278     
   238092.78257657978     
   225404.06568208404     
   275608.33693534700     
   314903.76457330049     
   326141.88346483011     
   246016.74824373500     
   240685.36790425814     
   249163.65472540635     
   298784.37170200318     
   252002.52396296035     
   302065.13151915744     
   263899.20165965799     
   300045.68145726982     
   309215.32973447512     
   296667.51206393779     
   339851.01997308020     
   313668.10619786358     
   306009.06914395792     
   308385.74559160438     
   233490.16549783514     
   263982.40999577718     
   300718.99827323051     
   297438.19823617704     
   263825.25619046646     
   271230.75477496494     
   238781.16525608290     
   302507.75510625163     
   335944.56536797859     
   267241.14010341011     
   312111.68476582773     
   263859.75714289706     
   261002.38978406170     
   329061.92833307944     
   283318.26537496765     
   329452.67325470730     
   311201.47580260120     
   317002.14601386490     
   273787.21169707121     
   319094.32024366042     
   282845.27068839205     
   264675.54639106168     
   299686.88552101719     
   238113.06977954620     
   310970.17605299479     
   265572.46957199607     
   318345.03956241824     
   256123.39970275655     
   290079.95744326775     
   287247.44657970581     
   339016.28784966579     
   258270.54910586128     
   333761.42418112990     
   312504.93996218283     
   295931.02042384888     
   307695.93839801382     
   279326.46526883333     
   248229.67672627626     
   304040.24908185803     
   289087.16792800825     
   271185.55067663646     
   310183.44094126055     
   263618.41477319255     
   260937.70126366988     
   316285.17931742762     
   350447.74956288922     
   246222.18020126308     
   285063.05858047109     
   254218.06364474975     
   286214.12879740429     
   248572.54498225276     
   235990.77926142534     
   327847.64112354984     
   268981.72814637137     
   299018.99307231716     
   320812.45130173996     
   323972.62690248573     
   298916.95668817667     
   282140.04848092020     
   274660.33413872885     
   255210.56119661510     
   331048.15106733114     
   285492.43368370604     
   272557.23561853281     
   264785.24766967248     
   316135.31581152586     
   258749.51099481052     
   297355.50630987214     
   269537.76028906798     
   286462.91249080456     
   246901.93103550770     
   257623.72457116359     
   252003.22006437663     
   275070.78739598941     
   333990.81924139342     
   291174.61793680745     
   279909.30426541658     
   344647.40816291154     
   288298.26162691700     
   258156.27399971939     
   296214.92912628700     
   309067.20303477370     
   261151.62600713273     
   280865.12726675463     
   330849.22102291789     
   345117.92424259870     
   273122.21557555167     
   310378.90649161901     
   243883.31379824167     
   287758.02009027451     
   292741.82276488323     
   329633.57517207583     
   270690.47970055812     
   236576.21933285630     
   261794.97869275487     
   280427.91092651931     
   288954.86153910111     
   273558.31975956511     
   271049.43783327250     
   269401.91730917431     
   272263.54338394257     
   291207.94262755639     
   279599.86443571915     
   261968.42435457464     
   281284.89290864795     
   324563.71730369504     
   292485.71933949471     
   287632.94250399579     
   290625.64134180214     
   325044.40047903592     
   273383.53407556104     
   295428.30319332547     
   239796.69668410404     
   307869.40300900809     
   246908.07595916014     
   315092.24653792958     
   277725.85790731048     
   264823.68621258216     
   265679.08508453652     
   287652.12213595782     
   271251.85358763358     
   249102.04581469073     
   260042.62602860187     
   287195.09234919597     
   280627.36234368093     
   321203.42794725130     
   286743.96403213852     
   248152.62887964168     
   276598.63973179169     
   305821.56640921009     
   218655.76355561052     
   283513.47594781738     
   278101.11661143473     
   283488.36926366214     
   257999.80985428562     
   294327.72090584668     
   309927.14209455095     
   286828.79239524924     
   306923.37554883445     
   281749.11701551446     
   330825.07047770277     
   235987.68373851563     
   257310.74138064828     
   286000.04434748593     
   260449.71089001826     
   289338.81540985219     
   277294.03545242827     
   264759.99746979756     
   352589.94380684395     
   218406.37840781335     
   339817.16767422826     
   274924.39904432272     
   276142.83760903729     
   269082.58515208308     
   272018.03421182063     
   280420.90490808012     
   298328.41243292298     
   229242.46040927619     
   297052.48820690700     
   251103.59786649726     
   232674.19480888129     
   290587.00701259647     
   273894.56115843303     
   285915.43269589782     
   287123.52203705226     
   351525.63903303794     
   290941.28537648014     
   245750.28443927225     
   264026.30183398421     
   239983.35200121687     
   265605.30173053662     
   286874.79182707064     
   272195.83754825685     
   299374.84952082846     
   299264.28243148973     
   286742.54130150971     
   285264.59199537843     
   231880.95035351696     
   338358.71327971766     
   260067.97293225228     
   282851.48482390400     
   275030.33167701989     
   261164.31743121019     
   253872.08758222288     
   281558.18850392068     
   338467.99302502174     
   263316.15886835166     
   317260.17026133341     
   282175.41105790233     
   288313.04186161212     
   278003.40018584701     
   252454.53723577305     
   258129.46248237634     
   308041.22474859509     
   294295.57715019607     
   334399.75399247213     
   274971.70771375560     
   235319.59707382644     
   266456.92838232097     
   242893.55278451342     
   309262.87046276970     
   242505.11737443734     
   265509.61834080203     
   300166.72544293973     
   287747.98082736164     
   268283.01301843923     
   269810.81490937358     
   280514.43996224657     
   258694.13667543922     
   249024.79358169512     
   230785.91826835679     
   317873.78878650657     
   264433.95878814044     
   256511.10860469748     
   258069.45417508300     
   322644.99578189006     
   262736.87706177280     
   278884.04978386237     
   304578.04951762472     
   291159.95944879024     
   268238.25527003373     
   267194.24019738293     
   254661.86578005078     
   251928.14284592782     
   284327.12138971261     
   262962.61160931259     
   226580.61531920853     
   313328.75681106880     
   280129.88346671232     
   240230.87389169598     
   309641.80488749268     
   289186.36855623533     
   305247.35000729450     
   268645.89479150827     
   228038.66068909926     
   278674.75261623232     
   320818.22872575844     
   282382.44382905634     
   250526.79207589870     
   264798.16013264499     
   240572.60286818314     
   302560.12174719485     
   300652.90417229262     
   218190.56418689105     
   267430.60400042357     
   314664.82462827972     
   304633.32530650415     
   251835.40608146775     
   250898.30860632361     
   270230.09946491290     
   294767.83296299120     
   315090.77705267258     
   265056.22407993994     
   282499.50787160633     
   292445.42411603610     
   254168.00913723107     
   249646.71358648565     
   241423.08508666800     
   261192.26239859589     
   303249.53570799145     
   278467.30874975253     
   252484.34344106121     
   266991.73369074380     
   291700.23832345771     
   296107.47185277141     
   235118.50314335476     
   316335.76796627458     
   268652.88320783089     
   283200.85687474970     
   316557.21320885705     
   295048.39947273396     
   219336.41731390599     
   247282.51179882037     
   281527.36502437608     
   291218.99025254417     
   215272.99095095656     
   273824.32817810233     
   300205.22735153342     
   284863.60948716349     
   275496.91914291889     
   252692.63344811444     
   284333.25935718149     
   298203.02338395867     
   265159.92910004215     
   258991.49370594614     
   257193.12197845889     
   271419.39481033484     
   278742.18254160124     
   309473.19866944914     
   253482.59847122396     
   233373.22104008912     
   281181.75914844580     
   295489.30922521465     
   306976.85613952170     
   308926.18215527025     
   235785.05915884778     
   255843.35954999237     
   296090.56378357142     
   252162.42456292978     
   254696.36599039531     
   220833.32350461007     
   312295.51695431996     
   254125.64105477868     
   278558.88133322657     
   270093.76635256805     
   289198.41028032347     
   227736.19302808444     
   231954.36606050536     
   282915.22344860842     
   258609.47397429505     
   300936.77610072691     
   301267.89773022983     
   266085.95018892956     
   312426.64983227901     
   270503.10341478814     
   288366.94311661168     
   254513.76364922320     
   243013.83925898871     
   291956.83418936149     
   303314.77268681413     
   279808.00077369116     
   250096.38076165476     
   289273.46867112961     
   294321.69935646490     
   320180.38264479541     
   232448.12781866171     
   292787.20978057344     
   272358.56820003717     
   256759.33713303757     
   307959.44658559770     
   296497.09189927345     
   273470.41833311680     
   256619.17997172478     
   280595.04626303265     
   274954.70799615671     
   238542.68502343621     
   253419.94591066064     
   233776.03253595281     
   262534.51741666155     
   327424.16910145443     
   251199.99172694827     
   243791.85499029252     
   242644.29783618532     
   288119.41395001725     
   238501.49012962522     
   1496.4686167699688     
   523436.40006932494     
   345723.32751628640     
   342145.44826588652     
   285993.87110788003     
   309789.52745701530     
   326007.81984576705     
   294502.19386959530     
   273964.84871753113     
   263101.94764672057     
   275551.02287403226     
   252836.13714437219     
   259879.50913329280     
   271073.66783338343     
   266140.39166348381     
   261751.92373860878     
   232895.41182117298     
   228536.52927698463     
   243718.80979592548     
   252218.74356824442     
   236596.31700943550     
   256368.59864871873     
   267585.82152347098     
   265335.55847841845     
   295448.82955585752     
   338075.59627529385     
   267898.80875028350     
   224488.54187080567     
   288817.28145425278     
   238694.45193890418     
   283069.03236273146     
   293847.90143266501     
   332679.83229967614     
   273984.41344161372     
   198695.87104525237     
   285703.11791309639     
   272417.34961926902     
   287358.48090820055     
   243612.77284216174     
   219842.47561380133     
   270185.71690005215     
   263045.54459003604     
   281095.41754700785     
   276875.37742082844     
   293263.90978653455     
   269181.53696452820     
   241980.46123299495     
   242098.69608415314     
   245192.14727389140     
   277489.85677214433     
   273549.31206120120     
   258475.01181816857     
   281547.24237740476     
   346511.71879864339     
   304304.82744321431     
   259295.58795624421     
   252190.30212382384     
   276791.18339946616     
   261661.49049960892     
   281581.38455892884     
   245048.49626263490     
   293971.08183419053     
   267147.16458206810     
   253835.66120987415     
   277506.94368718046     
   241587.23939744878     
   297597.25184732350     
   216669.51033530498     
   232753.52740830375     
   276414.22721117642     
   296712.70488166763     
   239289.17613843762     
   317108.95530648535     
   287477.71745592810     
   258857.91100546485     
   252146.79887742881     
   253583.65160924950     
   251126.97134363008     
   264890.81154016231     
   288348.30232347542     
   287799.83306193398     
   252862.95256483776     
   239191.05341569296     
   324002.12147342815     
   242647.47235452136     
   290376.71205736394     
   260216.82335261375     
   283689.60512838926     
   252791.29990670475     
   241735.89224527305     
   267065.73365393654     
   271954.39523149858     
   243889.87909952633     
   255025.53864378922     
   239909.89337461846     
   235392.73766939456     
   255855.59409168348     
   218695.40830399288     
   247644.38113971640     
   240754.85210004883     
   240294.95814461334     
   297272.18252519809     
   296459.80329131393     
   270520.97859668860     
   279377.64678362483     
   267327.37434306974     
   281389.74394769518     
   249477.46411355177     
   269047.00955435738     
   237900.35001227271     
   244901.55645987811     
   247920.23212079986     
   258309.90253414676     
   271305.17155269120     
   238561.05875998436     
   257810.92137734685     
   254099.46222568012     
   276538.63874024985     
   306258.28202136495     
   251063.38240348289     
   204020.76076202496     
   263902.42793324904     
   235592.33796327803     
   239279.50678420762     
   265505.35861950193     
   311434.53515225131     
   232313.54993319238     
   228255.15221328993     
   262733.11679275561     
   234677.59151763481     
   248428.84482218046     
   257463.81226607994     
   273158.21512043418     
   277837.43241528451     
   307771.02061340940     
   204311.75401223436     
   223395.18626255158     
   243865.49021797732     
   346636.01995074353     
   238021.29601015049     
   214799.71128575871     
   249271.44629992868     
   299740.35283912579     
   241864.58384969016     
   252621.69890289792     
   277812.48402487749     
   239133.63182204956     
   266943.67582342343     
   270900.25424975419     
   299410.18715838704     
   319101.27087364765     
   299552.13964643574     
   290039.47547034471     
   222285.21948568668     
   289369.22245134786     
   277895.19567261427     
   288277.27059281553     
   246661.50043496001     
   210513.06784644231     
   294058.54215116112     
   293335.65519650758     
   261665.58485737897     
   271431.31083166273     
   291652.28441136173     
   261089.32676118560     
   244221.97797190520     
   250383.55993036277     
   278223.36029437417     
   278880.00045786909     
   261309.39076206673     
   355788.26346753963     
   260052.64621769451     
   300389.76944495720     
   286943.82477107295     
   255495.05021079007     
   303981.39275376371     
   225069.71467119426     
   238645.56570448750     
   269083.84596570546     
   238223.01225513883     
   240029.00772027601     
   251296.92593821912     
   327005.42478486517     
   222423.65025534786     
   298634.07811532309     
   252635.05733640888     
   252028.45380985408     
   287410.62011353369     
   231360.46790160937     
   283382.00081595557     
   283134.24758593191     
   231201.49634007094     
   218059.34682871785     
   209084.84474451869     
   268858.66455508833     
   216461.98682366050     
   284194.04142306419     
   230002.89735865075     
   277852.38510176993     
   273062.28742657282     
   247030.95863733473     
   296336.64785682078     
   268024.88217874558     
   272295.89805829950     
   257200.66063244318     
   218015.39778658689     
   267846.53781201440     
   306319.19572570478     
   306133.25673873239     
   248373.93615617411     
   222525.76808970218     
   282274.34258960764     
   274630.82962369244     
   249978.56985028597     
   200644.23211184624     
   275856.64210889110     
   269722.92845691537     
   236337.83179507253     
   229094.79735007579     
   263180.05950513529     
   233377.18301597878     
   240947.28867636513     
   289820.87629977288     
   229981.64983994953     
   211783.83439584658     
   282009.45997344540     
   366407.80151282123     
   235668.73124465524     
   337648.05764164630     
   272844.09622834006     
   242565.88043333677     
   200329.03245918706     
   243994.40791397585     
   257199.73647750411     
   203726.06897970015     
   301740.68822333799     
   248690.84072112307     
   323133.32556585304     
   250441.35824303760     
   212818.49895220000     
   219581.25940787303     
   220505.58219742487     
   263515.03496648354     
   243409.74957180297     
   264696.39572109841     
   209959.33996263062     
   231333.99405713906     
   221604.78546311308     
   251357.28986779900     
   266645.83410874836     
   303708.91828398628     
   298383.24072270695     
   238036.02129717384     
   251776.29935279780     
   296940.67812416371     
   300245.98177043995     
   292341.61456678720     
   240903.47372991435     
   262538.92707270215     
   209663.36910156696     
   271543.55422118207     
   218386.93839426967     
   233260.04053905534     
   273710.14124534983     
   246801.82939842989     
   250577.67984493059     
   245447.70876530686     
   230054.70837565477     
   230921.38259030157     
   269059.83115725394     
   266610.79698196490     
   219459.98132501382     
   292878.19321542321     
   269348.79213551735     
   218317.39223952070     
   217374.30714687114     
   226014.69463085261     
   223029.21004380498     
   226645.85827764712     
   241171.36909614375     
   267413.75869661313     
   235940.93347789222     
   230778.24425521243     
   264950.94148391875     
   236103.47979616778     
   232305.50489439783     
   222804.67735397231     
   257904.66963322769     
   327413.89958103548     
   249698.59773786049     
   262789.90130966745     
   246544.68635610654     
   252601.91741843379     
   269614.05752339453     
   273288.87202920264     
   209633.30870661151     
   243653.19936988477     
   225239.95246242351     
   266038.30145037139     
   265063.10256673646     
   246623.54231286905     
   297720.75077130407     
   224915.20352997148     
   258429.97797112114     
   318065.41114318866     
   230035.17478815006     
   289378.55156211782     
   308619.36830248934     
   277806.95738479705     
   263514.11805335880     
   265700.82774180977     
   319244.43737150804     
   272622.31322698586     
   248738.66990718796     
   231708.80669860425     
   239201.20219771229     
   250462.90947527936     
   239177.33668939886     
   272248.05386041006     
   274019.35667198291     
   278597.25131557533     
   303075.75175321079     
   266091.04580078705     
   281730.64711542561     
   339354.96737209806     
   284036.88232779258     
   246617.96481725958     
   242379.15339566575     
   286867.30685805017     
   260984.58345594772     
   236882.88282679702     
   257367.66886738499     
   262791.54617814597     
   242251.29760419845     
   252125.83977411353     
   237128.99647503617     
   258681.96700587877     
   268456.24774092005     
   264975.62745469291     
   236867.90135153028     
   243059.45630897576     
   263404.25294796028     
   299351.39260460413     
   278906.29116472934     
   259383.23310044655     
   273332.50527306937     
   229071.03069846251     
   246188.43733376518     
   287429.23531413759     
   268546.53279290674     
   277174.66926758137     
   268777.51136560965     
   223408.87194965989     
   204941.27214418646     
   255981.40018650703     
   261504.99363213190     
   264733.12070221192     
   273891.63007767178     
   258451.30205209565     
   226907.03881924885     
   214613.72799831041     
   240254.90967152169     
   266381.73167901800     
   228850.44077161199     
   241678.65111886259     
   250823.94485153418     
   254926.68260198590     
   274373.88965950604     
   256917.40077870508     
   255536.78026420949     
   305603.00416788034     
   234181.18943472079     
   271802.09507521946     
   256570.33999478284     
   256520.06017457671     
   262228.67550856509     
   270445.57251599000     
   268669.04759460012     
   300204.38098704250     
   219019.47872731672     
   220632.71555794924     
   245829.21555415887     
   275777.93042148836     
   248167.22951010781     
   254851.15527310740     
   238317.03558821668     
   252529.05666652531     
   246284.13293686125     
   232306.83049855294     
   358557.04531845404     
   226071.10193200654     
   218161.58665540372     
   265044.04367402429     
   232154.36293702116     
   257496.05020434401     
   252750.39708398006     
   232906.16197875669     
   303491.31546730560     
   205632.24958667089     
   278257.07292323245     
   230354.12025279400     
   218451.03209923627     
   246314.50094548872     
   251671.51089476486     
   285672.56775378133     
   230115.64166700077     
   225243.64234704827     
   225467.11235735824     
   282531.55237569974     
   241908.07408783428     
   271250.47525296919     
   233760.28766995572     
   242830.05061670853     
   273376.14647477044     
   248451.38297333173     
   298047.08612630254     
   260086.95317975065     
   319888.63256106287     
   288564.70785211015     
   248072.61125280682     
   236984.28917018051     
   227092.67276457150     
   280635.30978643562     
   260139.15405392277     
   269895.99048725935     
   285016.99291783967     
   247416.31801240807     
   237455.91731374027     
   238317.94520001477     
   238310.61605453672     
   231645.47632943891     
   237260.67602597777     
   237275.65210666996     
   247779.72992857269     
   247749.79092540810     
   247766.84148224478     
   231810.58953801714     
   235911.71535147663     
   244197.74435202801     
   291895.77254753583     
   254150.09026813108     
   236092.29061906214     
   244347.10811991009     
   244333.01137497634     
   286611.03478490567     
   286602.56702849921     
   276421.14192018611     
   276436.90731342131     
   276436.90314761747     
   276449.60260048154     
   245838.10091305230     
   226599.29992836755     
   224644.14850472193     
   265165.74676961015     
   266357.76858651242     
   262544.79648210079     
   246846.20998560032     
   219334.36750454607     
   231756.62900422321     
   288202.49338811944     
   252855.97609556725     
   267337.22599787964     
   252423.35367740481     
   256066.81662255668     
   242436.51023516431     
   236333.42339940745     
   243284.34358304265     
   215272.92064664440     
   223689.73156304803     
   258315.01991449893     
   240934.56576381964     
   273846.75249017676     
   291834.36834607803     
   241944.89742754310     
   238672.19948419140     
   224403.87991112983     
   250814.26897272389     
   232277.94504945583     
   235354.94973020814     
   251403.66421937617     
   265448.59566948260     
   242705.80489304976     
   207211.33817549943     
   266958.14020430145     
   255150.29977621927     
   247804.25043663161     
   304413.57318118663     
   202719.31548855850     
   281851.79850734468     
   235953.65735682606     
   246302.03435124102     
   248839.91509514221     
   242552.33717890523     
   277421.74424503680     
   265257.89272138098     
   253138.07869795366     
   258544.71003375624     
   242737.24605653895     
   290661.71678164630     
   251431.74623662187     
   237182.91535452520     
   237629.23054054211     
   221093.59108701150     
   256421.30741587517     
   256666.41166086990     
   224015.62934396145     
   250322.54330156115     
   227191.43851285373     
   268485.97445323446     
   225418.32625110491     
   234185.05982177914     
   242298.11059163022     
   276363.66747232870     
   224681.62992123095     
   227438.69257678173     
   277086.30080010777     
   266910.93539906497     
   245329.62064971446     
   264555.59806666878     
   280427.71134141588     
   259153.48482041442     
   247640.01192998252     
   273227.30106450478     
   229442.12534292144     
   253894.09216515176     
   316083.68205417000     
   271221.85684385669     
   253822.94864546400     
   236645.53558309108     
   258844.81608874086     
   263231.65331232350     
   207595.68987683041     
   237066.56043505771     
   274686.37005934207     
   224581.42141189190     
   249169.94285616640     
   241481.89912387115     
   269462.41201111942     
   204290.48508577768     
   225123.30175561417     
   250084.44847189559     
   212307.58843261490     
   233125.24332877531     
   277371.37625928648     
   252719.79241065821     
   227371.19932785796     
   267528.06569850422     
   276024.87268997036     
   270124.68761609792     
   266895.84746295284     
   219450.55192241489     
   232561.32227351275     
   254073.13665061965     
   261576.08844389315     
   252752.49854539509     
   259356.97826947333     
   3515412.1253467463     
   309218.05870257766     
   282604.80965221918     
   273105.03630474309     
   306051.19174183294     
   243997.84597409883     
   231247.41462615115     
   262153.95253795129     
   2324173566.2063622     
   203001.08224511755     
   240652.69796111714     
   227901.80389034736     
   249487.18393795367     
   240851.94846435549     
   241043.91318947609     
   265227.36155651201     
   246848.51153458774     
   237038.17627423487     
   237251.05861891850     
   255957.57434306265     
   229419.72021326653     
   231536.46712825811     
   225953.17976804086     
   246507.36107693333     
   229258.82087761204     
   278557.09656118572     
   274625.04011733178     
   220511.15509239913     
   216328.20398711064     
   249405.10520291378     
   229819.83888965330     
   262436.49944948888     
   207019.66034743839     
   256816.60107305745     
   213254.77697967843     
   260904.47792347454     
   235779.24205512175     
   251429.50218412574     
   301892.55542296352     
   232844.48678821672     
   262485.58146934776     
   239872.21065904814     
   237180.91947009883     
   283948.69878605678     
   278726.67229987396     
   200231.83128618501     
   250578.10880219593     
   256540.58672670159     
   212303.04153057685     
   263916.74985111458     
   237362.03159126564     
   235353.24315739755     
   180594.01504057352     
   238135.17975281275     
   221735.57757303439     
   296569.73183899530     
   212146.76835598319     
   240809.70254414540     
   233637.51489862791     
   244072.58170180381     
   231151.19890446271     
   218404.38648232989     
   241423.38143597127     
   230544.18484877690     
   232915.39388375249     
   252332.68123388602     
   252458.37822498154     
   209471.99147972057     
   219419.41275734128     
   296363.33123476972     
   264754.32690875622     
   279012.97887171048     
   205625.05810233817     
   227281.92202197481     
   247021.46533922234     
   239592.73711418136     
   263525.52438844187     
   246587.61109695793     
   222417.53741422147     
   213909.95200035759     
   248090.45796194012     
   283308.21581432462     
   277582.65638799244     
   227301.25096216693     
   270971.32119717362     
   193124.45686596687     
   232083.89802677775     
   232982.87327940107     
   268781.10416843765     
   215760.02822706112     
   237784.07080380313     
   244080.90828326240     
   242673.74325659231     
   190932.60176730892     
   186530.49861641711     
   236428.94192133367     
   276362.29915246065     
   206909.43791880447     
   180645.80898720442     
   265814.75772763026     
   218625.95699035117     
   222565.92972145462     
   248950.98441247633     
   251767.79458237335     
   226046.43261212300     
   257146.67640756920     
   245514.42072995831     
   237977.58229696224     
   255834.93434222913     
   260952.32957713914     
   200636.69722457934     
   226325.65881887189     
   228037.83050768040     
   257708.96160387524     
   234155.36859464523     
   261744.31803397340     
   225170.82366452954     
   202513.75131376376     
   237203.98100394575     
   211935.04615957421     
   247254.55349811839     
   256299.00024041857     
   246740.70168398521     
   249323.24583666280     
   247074.41530736198     
   222305.79608881788     
   284724.96183239040     
   229243.51319012063     
   223868.88769990634     
   197966.83067107684     
   215689.25491238353     
   222429.52426093008     
   227882.84233816119     
   231037.14772387673     
   260008.27505589838     
   242419.64091826754     
   201817.27419957964     
   231698.05553008278     
   254636.87979658786     
   277817.54530238762     
   264603.52432951919     
   261046.38444708282     
   250669.64428847795     
   297296.70032492839     
   245073.33529382895     
   266049.72176466841     
   240239.74302649818     
   228410.40519998118     
   270500.82427332440     
   289564.45306550508     
   232706.01698333552     
   257495.09232293323     
   243085.46830137668     
   211839.21454168335     
   277074.15569981589     
   235436.45167517528     
   253379.92046652720     
   219859.70891260065     
   227484.36584481256     
   239919.51338166391     
   225529.12843886457     
   267838.39014620957     
   245030.80821653854     
   232990.47438664438     
   234386.24113684188     
   240153.05466920396     
   251442.85942099657     
   242297.08584172418     
   201738.17698732752     
   298978.20485943084     
   294149.84573915473     
   300619.53761307849     
   210541.83275134143     
   315811.83761264081     
   234713.37933767840     
   296570.47835475515     
   221022.11475113360     
   249730.84333006298     
   301394.03950597387     
   213123.99191008165     
   277849.22336271562     
   239071.71027547255     
   252856.17663104692     
   293533.69536144799     
   234598.52873161584     
   236035.40650121981     
   269379.13708819746     
   302205.61822407955     
   273924.54298852914     
   245027.56657421545     
   262013.16797969770     
   268092.17864726990     
   266956.43426710571     
   269707.00710229471     
   229027.44433010096     
   262952.93813335674     
   230192.95864330890     
   260195.77583380498     
   233300.18868542719     
   228400.16997512337     
   224545.91631808394     
   277536.00424859097     
   268671.20473751437     
   250491.13428066464     
   209846.54966071679     
   253981.93346308579     
   237380.89495592646     
   254607.31331257842     
   253235.96993439761     
   298826.58844014345     
   221011.22425393856     
   258448.51772865662     
   315557.01865009690     
   278137.71262929728     
   235115.72260925610     
   271802.93959443737     
   224909.47114891940     
   229286.96248057976     
   253922.02152493296     
   252500.89207633337     
   275781.79265428113     
   246994.98224924819     
   222350.65102467063     
   260348.08259844035     
   239334.16069311701     
   250647.22321812529     
   265836.32127916842     
   242239.31930441150     
   228400.82466785857     
   250046.08776417692     
   233744.31283948792     
   230391.10515001114     
   248771.08140561619     
   203018.13834908948     
   228331.70373483963     
   285172.78795344871     
   234054.63931972094     
   289728.11464763095     
   217650.91008552446     
   227309.55941451789     
   295643.93561312457     
   234065.45524334832     
   211995.07153086117     
   234142.51335835858     
   200494.66271234371     
   236770.74928921563     
   252494.01922979462     
   309501.39212523686     
   229586.79511537577     
   233889.86653676152     
   293261.72878701362     
   256307.62989656272     
   220598.01896540265     
   231382.09166142021     
   300327.47232724004     
   280422.63667707652     
   260070.65010716647     
   239793.15953067204     
   211846.12637111501     
   232420.84832326655     
   233541.51713690333     
   199751.93234077323     
   242750.51087661576     
   178311.29195821294     
   232165.40960015767     
   217880.97893612963     
   245993.01373544120     
   253311.25473083634     
   179709.32091428526     
   221463.08822181734     
   214598.70149333411     
   226686.85731867157     
   236650.99724542914     
   285448.98494649987     
   268867.86931352870     
   244878.98245151542     
   276452.13952364260     
   181171.39445991104     
   254800.15415104266     
   234112.56826485894     
   215892.41201516322     
   269830.97986859304     
   211494.84872097295     
   221384.31426575797     
   256594.33617231908     
   247056.05718733498     
   213373.30025007611     
   252284.67536147690     
   232936.39403141342     
   229374.34114613064     
   208436.41078791438     
   259287.50429134490     
   224402.83361565249     
   194064.26494039036     
   241064.46675596715     
   257346.10860533611     
   263092.85895141575     
   239776.38573551396     
   215415.09952337592     
   247054.27752991291     
   234861.74923548885     
   245970.83395816470     
   213263.20770543869     
   262944.53678056115     
   271098.87657751795     
   244220.93690032943     
   234201.29546129619     
   234919.57011726292     
   260230.95881676613     
   208190.08473506235     
   221419.45525294897     
   229660.76003481753     
   242011.96789259234     
   216544.53710801771     
   232752.91993348184     
   233924.38353287856     
   221569.80331528359     
   205157.92903971419     
   224719.65895044175     
   235957.99321530346     
   226422.46191333656     
   228463.07151165878     
   277008.08108954364     
   255981.65952169077     
   235737.28865702910     
   211678.74825287471     
   253173.99107827622     
   198390.90603698377     
   261914.54658057008     
   273645.19171846070     
   249387.12885793380     
   226630.62188582949     
   255421.17379387040     
   247434.17905260652     
   261648.91430721243     
   257470.08538660311     
   300093.26354028564     
   261804.03589702290     
   225641.89823767825     
   275540.83750451816     
   225810.65624998751     
   235966.19662972266     
   234714.74892955323     
   230807.59747368059     
   208075.91934908758     
   269586.28503067791     
   276490.92590883380     
   222552.37364032006     
   271865.54136133351     
   221905.29848992603     
   230490.23336239610     
   228893.31540772656     
   262817.67610602872     
   287647.52843667229     
   264516.76688404474     
   211246.82012262064     
   240905.56644462477     
   244827.94547644697     
   240226.97734308266     
   230164.29343895163     
   221509.15120651221     
   271412.71842234122     
   249520.38964241964     
   227014.52322760399     
   219652.75781429996     
   230912.85545581786     
   209662.77072806194     
   225508.09848845660     
   234028.86677279219     
   192113.99866567730     
   236934.45208328869     
   237085.05062723739     
   260150.82539215981     
   245094.26412973664     
   215929.99426388057     
   229500.89716460637     
   212923.07739707085     
   207261.85800437257     
   251285.40442045266     
   269998.31179026223     
   5806453.6086929673     
   221292.13148907400     
   226994.17316294424     
   235593.57567395506     
   330531.44379910710     
   300903.21182958822     
   239886.51028100582     
   223556.37007925534     
   219818.03561227830     
   230325.69102713032     
   204967.48531816321     
   208159.36223925135     
   211437.27860528714     
   263127.73025161197     
   237667.31700059961     
   281350.67614451802     
   205782.16357238454     
   251477.06744966697     
   243674.84368838873     
   232248.02688178333     
   227074.74551362652     
   224501.51307986170     
   232164.52962135794     
   229407.45289624491     
   251222.97087754097     
   235978.40428809583     
   233078.91063038702     
   185459.18242867099     
   233616.12144313919     
   211397.43208074561     
   216188.23558614543     
   229244.13377042333     
   223450.95597565852     
   208363.30425917628     
   264473.96661045647     
   214587.02711880518     
   237973.66338803340     
   238020.07980791514     
   232069.43835869580     
   221814.65237189614     
   224468.08117400506     
   235386.22012444583     
   245916.00904080464     
   239012.28846274756     
   260263.47478607131     
   238952.58157438252     
   229695.79969525046     
   228718.39736548302     
   226357.14333710948     
   210716.05398877300     
   242531.26951446876     
   231536.27149010933     
   229584.70889944330     
   238392.13296097799     
   212116.18327228166     
   208262.89174806312     
   189924.21157408634     
   215898.94280586642     
   233771.59323280258     
   209160.83926480784     
   228612.01491224536     
   230187.15308080657     
   227222.84169977345     
   227262.00271886500     
   213342.30343439709     
   231058.41484283571     
   216579.21081500055     
   197363.04956031026     
   239728.93267639895     
   218811.61084651915     
   246704.91710380878     
   249837.08069612150     
   245509.09414286111     
   239481.74302800809     
   275396.32032940153     
   230072.53168506347     
   218862.50758934324     
   221742.09055149122     
   211178.65276155414     
   278159.79720811395     
   279548.64072584437     
   250677.86850516711     
   246244.79049049344     
   221386.81871149762     
   232049.30288596387     
   3892940.0274044927     
   299329.71075522713     
   215624.78496762164     
   226091.29308836648     
   190716.46698986483     
   249945.87114102684     
   244335.49809270821     
   219562.69529260983     
   231272.65701975394     
   223506.27391981753     
   189153.35071316001     
   262680.48875109613     
   258892.67839342097     
   193492.93443486452     
   245578.30707106396     
   224843.57613907979     
   261528.15844998060     
   295371.86085361027     
   225762.39607003669     
   213330.40397955696     
   238952.80046270991     
   236130.09700309750     
   203431.60105909422     
   227208.77757128634     
   222382.55461392636     
   189500.09112178572     
   211090.34431274849     
   248632.73207466325     
   219852.46721111936     
   244933.54960428725     
   248385.58165783828     
   212919.46946906755     
   245428.87941360532     
   209271.07367261799     
   223903.45766293927     
   245426.90867054611     
   210962.74046942231     
   257130.05928778576     
   202843.16066606613     
   265406.81686814036     
   212328.45775986856     
   215735.93576222731     
   226720.97972471616     
   286607.44118774426     
   227165.31778484455     
   230778.46863462744     
   210155.82788882556     
   224451.48439100879     
   248092.73531417749     
   234135.68337802109     
   206497.11345188384     
   251397.75649598238     
   245023.96178258865     
   201029.17507020204     
   180882.06512193539     
   231549.39298834038     
   231541.04679581939     
   232147.49482251020     
   297699.44197982160     
   241407.10850064093     
   191696.04152977618     
   200570.25068996043     
   223208.10518037295     
   233723.43050839458     
   221474.75349824232     
   240805.99076700379     
   260949.42312981997     
   209882.99773300058     
   277467.67773594940     
   259383.41339855388     
   210715.32129369534     
   243323.84266315785     
   233204.57121857887     
   246334.13173508874     
   222068.49342589045     
   260282.85712596014     
   224956.34785766187     
   240795.87205260122     
   231943.95046608004     
   187549.10457105923     
   232526.51135017248     
   250519.31465343581     
   223930.04861959655     
   199217.69600209960     
   243706.19511722331     
   233686.24099700872     
   228532.11266749343     
   223992.43720249852     
   243961.49356917464     
   253236.34199173781     
   176000.40272089472     
   242335.41937445058     
   197868.37279497797     
   210214.66753520610     
   269714.84431972413     
   258191.97099143118     
   232615.51267852299     
   231997.41913403440     
   298010.00069581799     
   232759.78378006918     
   267734.15164956742     
   223407.18687075461     
   206379.59112480772     
   235098.78891899763     
   228731.93283752375     
   189683.04927455037     
   232438.27335558165     
   232453.03637917413     
   205771.28614519103     
   243988.56486035459     
   238168.17868940972     
   247793.29807349181     
   212087.66086492213     
   224960.75250867390     
   5780615.3196856761     
   262234.44382720045     
   233098.89210770477     
   173180.87650890366     
   282587.83531472960     
   251445.54484893716     
   230199.90687988611     
   189978.21911153008     
   220091.37412293110     
   202193.94114536440     
   209007.85635235050     
   225182.94052322063     
   212556.91698545980     
   236947.26088126464     
   208437.90230308054     
   205017.53339771650     
   205028.54101574986     
   215752.19265572450     
   242615.62418489179     
   235668.90135582088     
   226175.63169156873     
   224352.30308728237     
   235301.44596741250     
   202518.70112350368     
   232526.55911839422     
   236184.42467336010     
   247120.55321274698     
   231926.17148257614     
   250522.71034222169     
   251818.17734418900     
   189388.50712132282     
   246590.14351065003     
   224661.00404750402     
   198555.14949850933     
   210200.54289722347     
   247319.91342292444     
   199961.52504874996     
   214872.67751539621     
   232591.12329506094     
   248290.27887104588     
   207962.85690286403     
   258233.82491624349     
   243441.32815215224     
   213691.90867904242     
   262832.33786731563     
   255526.67955454203     
   240325.99993585315     
   193674.08144753912     
   249211.95072495646     
   231923.95928506565     
   232719.81759627690     
   217783.67384703853     
   232841.43508576968     
   224226.20921016877     
   246898.60096672288     
   216709.38897934509     
   235448.15662977021     
   245753.92027399936     
   231054.72270749480     
   250475.61025247685     
   262293.05098696350     
   229054.00016661308     
   196306.99288081782     
   281181.39913820627     
   232990.27350083974     
   201454.07940223752     
   174610.39121197234     
   233544.09157020983     
   198938.47618712456     
   216044.97416908274     
   201001.40083804497     
   238535.95290334130     
   217428.07468267897     
   202089.63556545938     
   229568.15228818942     
   237982.06171968803     
   218784.80825666850     
   230223.28890001914     
   252869.31556907968     
   209155.07080653074     
   236270.90905557122     
   210697.40904308663     
   253522.82667642878     
   220698.82995621936     
   240297.06511338023     
   223368.96704873783     
   213027.92256132330     
   210120.32300671077     
   236761.98937931345     
   206406.60273841795     
   256512.44020568940     
   214391.59076434115     
   195483.86591027322     
   296660.88098593749     
   225997.02625169980     
   208399.55957259412     
   216321.32049227008     
   213665.02813671870     
   203973.68813979710     
   193678.96780385083     
   271029.72753051645     
   197809.07076618570     
   210605.25235848676     
   226858.43054710142     
   216538.67022467693     
   232855.74338694310     
   199409.29746322511     
   207645.48914137279     
   184063.91437038756     
   221216.98647460825     
   195117.72967056048     
   239589.37883457742     
   191681.04260519453     
   184658.08176712570     
   214962.98694873569     
   193309.20995624148     
   234308.15030138791     
   232633.46596495449     
   194017.58079479195     
   197893.20081995110     
   243750.55050670414     
   297996.70072202262     
   248239.07821868380     
   218192.40485705415     
   258460.99763445999     
   225741.10641254068     
   249740.95577290375     
   249036.79340367863     
   194428.62743315927     
   243439.50819006484     
   221558.76151511722     
   227444.05746419413     
   220570.88939855577     
   270813.06021127390     
   211469.78579018809     
   201832.39611213654     
   213726.57129360872     
   193461.12436703412     
   214660.49662197413     
   250274.70547558868     
   226149.62370050192     
   238608.83556530907     
   205932.72249155314     
   204783.69412725206     
   182146.63673938089     
   189475.48854106080     
   239593.32896255492     
   211369.88191694234     
   254363.98391492161     
   204533.68408101890     
   274863.22855257842     
   239681.31290817988     
   221309.17404311761     
   239399.46003623493     
   230059.17539541959     
   204205.07041836085     
   242251.77801303077     
   248834.59666801474     
   208826.84322367737     
   226793.56510335716     
   244136.20211846736     
   197685.36718869416     
   255597.88608181599     
   292929.66758793045     
   244999.53848278362     
   248988.70866128223     
   209020.54859186395     
   203018.91080403875     
   247216.65229186643     
   214414.56893098875     
   191935.49692101308     
   233879.56802679470     
   230639.71309401747     
   204697.62034564922     
   221446.83123469490     
   237087.61606457926     
   233035.22183211436     
   217074.58090256783     
   197360.57385844781     
   192462.41537000658     
   183949.98430378607     
   217834.83805219282     
   248750.85465702540     
   198621.70663639129     
   191531.43993015066     
   188733.93677825821     
