 tried moves    experiment_1   _                                                                                                                                                                                                                                                                                                                                                                                                                                                                                                
        0     7159   0.329E+03   0.182E+05
  OPTIMIZATION STUFF
        7159  -12.110985535498621        2423.5490966777033     
   47.716591726952238       -59.827577262450859     
        0     4429   0.101E+04   0.524E+05
  OPTIMIZATION STUFF
        4429  -79.003542460671000        32172.879151872305     
   161.03204473190192       -240.03558719257290     
        0     2890  -0.501E+03   0.171E+05
  OPTIMIZATION STUFF
        2890  -116.83144157541591        51310.801761715484     
   194.06497886307480       -310.89642043849074     
        0     4441   0.416E+03   0.414E+05
  OPTIMIZATION STUFF
        4441  -116.81551374962274        43361.025116494733     
   172.38085991172696       -289.19637366134970     
        0     6598  -0.912E+03   0.122E+06
  OPTIMIZATION STUFF
        6598  -273.46434538303953        266962.09275171196     
   438.38264627598755       -711.84699165902703     
        0     8038   0.102E+04   0.116E+06
  OPTIMIZATION STUFF
        8038  -182.63548204043192        96227.988792022457     
   250.74343359673753       -433.37891563716948     
        0     7929  -0.641E+03   0.115E+06
  OPTIMIZATION STUFF
        7929  -176.46253173516558        84244.852850697207     
   230.44701721721827       -406.90954895238383     
        0     8209  -0.936E+02   0.635E+05
  OPTIMIZATION STUFF
        8209  -142.02318272430563        53146.371882485415     
   181.59236617034293       -323.61554889464855     
        0     8003   0.109E+02   0.355E+05
  OPTIMIZATION STUFF
        8003  -91.294243735968720        19554.928706936855     
   105.92586920868004       -197.22011294464875     
        0     2600   0.370E+03   0.536E+05
  OPTIMIZATION STUFF
        2600  -146.49509638660774        47388.461903129217     
   161.02064661964229       -307.51574300625003     
        0     9289  -0.398E+03   0.256E+05
  OPTIMIZATION STUFF
        9289  -59.683969710873171        10027.869071644427     
   80.409531967273637       -140.09350167814682     
        0    10020  -0.546E+01   0.370E+05
  OPTIMIZATION STUFF
       10020  -51.513939928525325        6593.4342984057830     
   62.767414248526023       -114.28135417705136     
        0     6215   0.432E+02   0.176E+05
  OPTIMIZATION STUFF
        6215  -36.690054561175330        2960.5765462781164     
   40.179801425294450       -76.869855986469787     
        0     8547  -0.613E+02   0.654E+04
  OPTIMIZATION STUFF
        8547  -28.008322352900265        1503.7801869368620     
   26.820031057269293       -54.828353410169555     
        0     8098   0.503E+00   0.190E+04
  OPTIMIZATION STUFF
        8098  -20.617663874813235        784.69011555983195     
   18.963176208247742       -39.580840083060977     
        0     5387   0.414E+02   0.230E+04
  OPTIMIZATION STUFF
        5387  -22.009559858939838        930.96675529802735     
   21.131635765216370       -43.141195624156211     
        0    10588  -0.285E+02   0.467E+04
  OPTIMIZATION STUFF
       10588  -19.815151469258005        727.51426404596236     
   18.299563828034938       -38.114715297292946     
        0     8360  -0.152E+02   0.408E+04
  OPTIMIZATION STUFF
        8360  -17.753233014692150        570.47855928486319     
   15.978149980861611       -33.731382995553759     
        0     3649   0.366E+02   0.198E+04
  OPTIMIZATION STUFF
        3649  -14.173627195499991        357.55456937052656     
   12.516503565034030       -26.690130760534021     
        0      346  -0.122E+01   0.420E+02
  OPTIMIZATION STUFF
         346  -17.749855199687094        536.27271639560479     
   14.873310216147104       -32.623165415834194     
        0     2215  -0.856E+02   0.397E+04
  OPTIMIZATION STUFF
        2215  -15.167477018992944        414.16836977978693     
   13.568935502024758       -28.736412521017701     
        0    10020   0.127E+02   0.210E+04
  OPTIMIZATION STUFF
       10020  -15.159444557469245        411.30674384155947     
   13.472118784756002       -28.631563342225249     
        0     1994  -0.497E+02   0.218E+04
  OPTIMIZATION STUFF
        1994  -14.573830851375599        359.37688401124120     
   12.123544792128001       -26.697375643503598     
        0     3584   0.316E+01   0.130E+04
  OPTIMIZATION STUFF
        3584  -11.898741528235234        243.29566554780496     
   10.085415985077423       -21.984157513312660     
        0     2755   0.379E+02   0.204E+04
  OPTIMIZATION STUFF
        2755  -14.802531460473507        377.62409960296173     
   12.590042174856039       -27.392573635329548     
        0     3056  -0.449E+02   0.182E+04
  OPTIMIZATION STUFF
        3056  -13.711430145073034        327.36961572676034     
   11.805350443910712       -25.516780588983746     
        0    10544   0.720E+01   0.167E+04
  OPTIMIZATION STUFF
       10544  -12.234885478500033        256.53512580335331     
   10.336474405296148       -22.571359883796180     
        0    12264  -0.140E+02   0.102E+04
  OPTIMIZATION STUFF
       12264  -11.272833467059579        215.56416284737111     
   9.4067735420447232       -20.679607009104302     
        0    14052   0.561E+01   0.196E+04
  OPTIMIZATION STUFF
       14052  -11.675676344424490        236.04620311495691     
   9.9862297697981735       -21.661906114222663     
        0     6757   0.389E+01   0.280E+04
  OPTIMIZATION STUFF
        6757  -12.464852011406379        271.89017356051255     
   10.794333601211836       -23.259185612618214     
        0     9487  -0.196E+01   0.267E+04
  OPTIMIZATION STUFF
        9487  -12.290161867734524        261.99482050897149     
   10.533125926041885       -22.823287793776409     
        0    11540  -0.646E+00   0.169E+04
  OPTIMIZATION STUFF
       11540  -11.005471007178437        204.65079043575972     
   9.1394966133761741       -20.144967620554610     
        0     8010  -0.563E+01   0.461E+03
  OPTIMIZATION STUFF
        8010  -11.051044028721462        201.43710447992697     
   8.9057021258958962       -19.956746154617356     
        0     8382  -0.367E+00   0.715E+03
  OPTIMIZATION STUFF
        8382  -10.549176727362228        184.53732676621783     
   8.5587497417027549       -19.107926469064985     
        0    10791  -0.983E+00   0.109E+04
  OPTIMIZATION STUFF
       10791  -10.482578254926503        181.08667842922569     
   8.4381414753823432       -18.920719730308846     
        0    11634  -0.144E+01   0.702E+03
  OPTIMIZATION STUFF
       11634  -9.7518609222487136        155.30578444697136     
   7.7593165291854040       -17.511177451434119     
        0     4806  -0.824E+01   0.104E+04
  OPTIMIZATION STUFF
        4806  -8.8801305825705867        127.19138359263945     
   6.9523136026170471       -15.832444185187633     
        0     4401   0.148E+02   0.792E+03
  OPTIMIZATION STUFF
        4401  -9.1603198933959700        135.98804727711578     
   7.2164109311880118       -16.376730824583980     
        0     6010   0.190E+01   0.720E+03
  OPTIMIZATION STUFF
        6010  -9.6680550651540056        152.08511352584762     
   7.6559666132368678       -17.324021678390874     
        0    10158  -0.459E+01   0.983E+03
  OPTIMIZATION STUFF
       10158  -9.1337102347838517        135.83949136068836     
   7.2398086098800345       -16.373518844663884     
        0    10833  -0.112E+01   0.786E+03
  OPTIMIZATION STUFF
       10833  -9.4795018605584698        144.93962210873607     
   7.4215002920167423       -16.901002152575213     
        0     7729  -0.887E+00   0.532E+03
  OPTIMIZATION STUFF
        7729  -8.9036617999234053        128.16335708928884     
   6.9920071254163885       -15.895668925339795     
        0     5607   0.558E+01   0.940E+03
  OPTIMIZATION STUFF
        5607  -9.5440251057599390        146.29395550926370     
   7.4300430880236270       -16.974068193783566     
        0     4758   0.177E+01   0.116E+04
  OPTIMIZATION STUFF
        4758  -8.4732315271063339        115.35954544977179     
   6.6002949129431370       -15.073526440049470     
        0    10322  -0.747E+01   0.844E+03
  OPTIMIZATION STUFF
       10322  -9.1756670174246828        134.20940512564306     
   7.0722372634823198       -16.247904280907001     
        0     9833   0.796E+00   0.896E+03
  OPTIMIZATION STUFF
        9833  -8.4388997959336614        113.72600221877236     
   6.5200438996193251       -14.958943695552986     
        0     5875   0.430E+01   0.597E+03
  OPTIMIZATION STUFF
        5875  -8.2797819810738087        108.23035098148893     
   6.2988539693641412       -14.578635950437949     
        0     8937   0.483E+00   0.556E+03
  OPTIMIZATION STUFF
        8937  -8.5407666729913672        115.24505905937305     
   6.5038729766880454       -15.044639649679413     
        0     9700  -0.243E+01   0.381E+03
  OPTIMIZATION STUFF
        9700  -8.6326107764471871        117.78620795794288     
   6.5775557116843011       -15.210166488131488     
        0     8695   0.968E+00   0.679E+03
  OPTIMIZATION STUFF
        8695  -8.5226049296364135        115.23073261267704     
   6.5265563527800898       -15.049161282416502     
        0    12934   0.931E-01   0.299E+03
  OPTIMIZATION STUFF
       12934  -8.3769013254014641        110.68833497248825     
   6.3652069217720992       -14.742108247173563     
        0    10023   0.122E+01   0.479E+03
  OPTIMIZATION STUFF
       10023  -8.4184911502149262        112.06674102022848     
   6.4183913696487416       -14.836882519863668     
        0    10629  -0.457E+01   0.126E+04
  OPTIMIZATION STUFF
       10629  -8.5087751714913349        114.91025163667904     
   6.5200457603985909       -15.028820931889925     
        0     7545   0.971E+01   0.870E+03
  OPTIMIZATION STUFF
        7545  -7.5249023018282371        89.097684306156069     
   5.6985550496679567       -13.223457351496194     
        0     4258  -0.854E+01   0.464E+03
  OPTIMIZATION STUFF
        4258  -8.8337769965066393        122.06533310464710     
   6.6354892118544839       -15.469266208361123     
        0     7629  -0.121E+01   0.493E+03
  OPTIMIZATION STUFF
        7629  -7.5314581751483125        87.685039001489443     
   5.5643666986891773       -13.095824873837490     
        0     3880  -0.397E+01   0.169E+03
  OPTIMIZATION STUFF
        3880  -7.7992956198015140        93.940166255355734     
   5.7542292351192135       -13.553524854920727     
        0     5225   0.475E+00   0.410E+03
  OPTIMIZATION STUFF
        5225  -7.8522082650070395        96.102961567496976     
   5.8690533248942387       -13.721261589901278     
        0     3459   0.205E+01   0.447E+03
  OPTIMIZATION STUFF
        3459  -8.0376847778502611        101.76869713789176     
   6.0962546329534142       -14.133939410803675     
        0    10377   0.204E+01   0.414E+03
  OPTIMIZATION STUFF
       10377  -7.7073775356535998        92.171588924246365     
   5.7243270737396381       -13.431704609393238     
        0     8815   0.801E+00   0.479E+03
  OPTIMIZATION STUFF
        8815  -7.9069208051269797        98.349783577882306     
   5.9858488921231903       -13.892769697250170     
        0    10577  -0.352E+01   0.722E+03
  OPTIMIZATION STUFF
       10577  -7.9160854597688948        97.532674880690536     
   5.9049357214389744       -13.821021181207868     
        0     9876   0.489E+00   0.345E+03
  OPTIMIZATION STUFF
        9876  -7.4602153323054079        86.583855101759013     
   5.5613885224280386       -13.021603854733446     
        0     3860  -0.294E+00   0.127E+04
  OPTIMIZATION STUFF
        3860  -8.6346780186378780        118.51571598990010     
   6.6300868398801498       -15.264764858518028     
        0    10805   0.624E+00   0.463E+03
  OPTIMIZATION STUFF
       10805  -7.6710190942098846        91.097599926632114     
   5.6791782841269809       -13.350197378336865     
        0     7778  -0.260E+01   0.910E+03
  OPTIMIZATION STUFF
        7778  -7.7178730466218335        93.325366928874118     
   5.8103186285351285       -13.528191675156961     
        0     5176  -0.688E+00   0.338E+03
  OPTIMIZATION STUFF
        5176  -7.3378711879641694        82.940887402864817     
   5.3941203019315509       -12.731991489895719     
        0     6461   0.127E+01   0.454E+03
  OPTIMIZATION STUFF
        6461  -7.7109133416500510        93.011998475639615     
   5.7925653999935864       -13.503478741643637     
        0     2437  -0.294E+01   0.141E+03
  OPTIMIZATION STUFF
        2437  -7.2965323286929005        82.126049608618089     
   5.3746316697014178       -12.671163998394318     
        0     7610   0.694E+01   0.622E+03
  OPTIMIZATION STUFF
        7610  -7.1461709075632296        79.763810539985357     
   5.3568695989245700       -12.503040506487800     
        0     8934  -0.440E+01   0.937E+03
  OPTIMIZATION STUFF
        8934  -7.7106614909496489        92.394906508878023     
   5.7393907238368218       -13.450052214786471     
        0     4788  -0.660E+01   0.376E+03
  OPTIMIZATION STUFF
        4788  -6.7164074100681113        68.075945454881847     
   4.7922663695650316       -11.508673779633142     
        0     5240   0.165E+01   0.768E+03
  OPTIMIZATION STUFF
        5240  -7.2501008096842217        81.057879285881810     
   5.3379694206034944       -12.588070230287716     
        0    11405   0.192E+01   0.367E+03
  OPTIMIZATION STUFF
       11405  -7.2474928950476540        80.629050513219610     
   5.3012165820171306       -12.548709477064785     
        0     5003   0.485E+01   0.402E+03
  OPTIMIZATION STUFF
        5003  -7.5870687514365267        90.304881212067983     
   5.7219986869138104       -13.309067438350336     
        0     6105  -0.291E+01   0.703E+03
  OPTIMIZATION STUFF
        6105  -7.5074226085666522        87.175055326772224     
   5.5510054137205191       -13.058428022287170     
        0     4771  -0.584E+01   0.303E+03
  OPTIMIZATION STUFF
        4771  -7.3565251912095162        83.258373799954043     
   5.3981395786931845       -12.754664769902700     
        0     4057  -0.296E+01   0.105E+04
  OPTIMIZATION STUFF
        4057  -7.8077342123281790        94.038853660359266     
   5.7513598505048638       -13.559094062833044     
        0     3916   0.342E+01   0.533E+03
  OPTIMIZATION STUFF
        3916  -6.4310462114500817        63.491492609588477     
   4.7045868294444340       -11.135633040894515     
        0    84264   0.283E+00   0.467E+03
  OPTIMIZATION STUFF
       84264  -7.1687488481219175        78.952025642852874     
   5.2498633882610273       -12.418612236382945     
        0    51609  -0.731E+00   0.513E+03
  OPTIMIZATION STUFF
       51609  -6.9370329993787134        73.469684223940959     
   5.0346059815512598       -11.971638980929974     
        0    57394  -0.533E-01   0.388E+03
  OPTIMIZATION STUFF
       57394  -7.0128972829021059        75.125392230456015     
   5.0935904752856089       -12.106487758187715     
        0    76332   0.150E+00   0.531E+03
  OPTIMIZATION STUFF
       76332  -6.9302865987723079        73.131334578312163     
   5.0102357466679273       -11.940522345440236     
        0    83631  -0.192E+00   0.375E+03
  OPTIMIZATION STUFF
       83631  -6.9317839257676921        72.963227859261337     
   4.9913524685930550       -11.923136394360746     
        0    53114   0.730E+00   0.379E+03
  OPTIMIZATION STUFF
       53114  -6.7329864421451866        68.509960050506635     
   4.8142344791665206       -11.547220921311707     
        0    42657  -0.906E+00   0.461E+03
  OPTIMIZATION STUFF
       42657  -6.9832238708890149        73.933493899504597     
   5.0167796711187584       -12.000003542007773     
        0    49460   0.275E+00   0.474E+03
  OPTIMIZATION STUFF
       49460  -6.5520927103415856        64.763550968037762     
   4.6726472243393697       -11.224739934680954     
        0    55150   0.415E+00   0.557E+03
  OPTIMIZATION STUFF
       55150  -6.6544678832695912        67.018085664828149     
   4.7682431623567263       -11.422711045626318     
        0    59189  -0.570E+00   0.523E+03
  OPTIMIZATION STUFF
       59189  -6.6263355321493380        66.159406632301909     
   4.7171054734526621       -11.343441005601999     
        0    72296   0.409E-01   0.492E+03
  OPTIMIZATION STUFF
       72296  -6.6713741107560613        67.121820407625677     
   4.7554797741089647       -11.426853884865025     
        0    88062   0.745E-01   0.358E+03
  OPTIMIZATION STUFF
       88062  -6.6193026407411431        65.823465932278921     
   4.6913002976313773       -11.310602938372520     
        0   102010   0.340E+00   0.532E+03
  OPTIMIZATION STUFF
      102010  -6.5461590066117967        64.431795841078198     
   4.6453846020790843       -11.191543608690882     
        0    33036  -0.126E+01   0.608E+03
  OPTIMIZATION STUFF
       33036  -6.6417312076973420        66.430335604202824     
   4.7241657643336383       -11.365896972030981     
        0     5800   0.649E+00   0.541E+03
  OPTIMIZATION STUFF
        5800  -6.6859740245963595        67.030906687417655     
   4.7253209446386188       -11.411294969234978     
        0    11566  -0.253E+01   0.542E+03
  OPTIMIZATION STUFF
       11566  -6.2370446932239005        57.728754758561834     
   4.3391275912664078       -10.576172284490308     
        0     8007   0.246E+01   0.902E+03
  OPTIMIZATION STUFF
        8007  -6.7047283608622159        68.536340666878857     
   4.8562288119412909       -11.560957172803507     
        0    10175   0.188E-01   0.429E+03
  OPTIMIZATION STUFF
       10175  -6.5030403168415507        63.411207107904310     
   4.5958322146742532       -11.098872531515804     
        0     7768  -0.138E+01   0.265E+03
  OPTIMIZATION STUFF
        7768  -6.5678796989419554        64.562405399022310     
   4.6287537911676004       -11.196633490109555     
        0     6725   0.424E+01   0.108E+04
  OPTIMIZATION STUFF
        6725  -6.8660921215216177        71.484244183239667     
   4.9336622464472004       -11.799754367968818     
        0    11711  -0.176E+01   0.522E+03
  OPTIMIZATION STUFF
       11711  -6.2521969325294098        58.288306824790070     
   4.3815910742172077       -10.633788006746617     
        0     7061   0.150E+01   0.640E+03
  OPTIMIZATION STUFF
        7061  -6.7292721026781273        68.369761872935285     
   4.8048578377568241       -11.534129940434951     
        0     8044  -0.317E+00   0.312E+03
  OPTIMIZATION STUFF
        8044  -6.7454507849067191        68.368628088511059     
   4.7819997696478804       -11.527450554554600     
        0     8496  -0.810E+00   0.300E+03
  OPTIMIZATION STUFF
        8496  -6.5391829906204801        63.641815617993892     
   4.5695624990991952       -11.108745489719675     
        0     5298  -0.212E+01   0.607E+03
  OPTIMIZATION STUFF
        5298  -6.4566845941140212        62.159870139148026     
   4.5244993304539989       -10.981183924568020     
        0     3776   0.639E+01   0.480E+03
  OPTIMIZATION STUFF
        3776  -6.8404787832748832        69.520911672324104     
   4.7674691071773374       -11.607947890452220     
        0     5161   0.186E+01   0.373E+03
  OPTIMIZATION STUFF
        5161  -6.4327403794877220        61.687792537763166     
   4.5064003093235430       -10.939140688811264     
        0     8027  -0.413E+01   0.368E+03
  OPTIMIZATION STUFF
        8027  -6.2924654052784348        59.071914047769631     
   4.4132519949741971       -10.705717400252631     
        0     7525   0.183E+01   0.431E+03
  OPTIMIZATION STUFF
        7525  -6.5056740474838888        62.736596285523603     
   4.5180528409280694       -11.023726888411957     
        0     6292   0.513E+00   0.363E+03
  OPTIMIZATION STUFF
        6292  -6.2838622604170782        58.563631736166876     
   4.3676889573632467       -10.651551217780325     
        0     7883   0.455E+00   0.483E+03
  OPTIMIZATION STUFF
        7883  -6.4589713739236210        62.192034162928998     
   4.5247898242641291       -10.983761198187750     
        0    10114  -0.101E+01   0.275E+03
  OPTIMIZATION STUFF
       10114  -6.2356087760966910        57.453715908470294     
   4.3093966050871000       -10.545005381183792     
        0    10862  -0.457E+00   0.176E+03
  OPTIMIZATION STUFF
       10862  -6.3186880691970027        58.862679156668257     
   4.3516502893564075       -10.670338358553410     
        0    13090   0.232E+00   0.532E+03
  OPTIMIZATION STUFF
       13090  -6.4179729662923624        61.923788667462738     
   4.5533956199086365       -10.971368586200999     
        0     8625   0.381E+01   0.732E+03
  OPTIMIZATION STUFF
        8625  -6.4910047827218103        63.619316007184366     
   4.6353179953339723       -11.126322778055783     
        0     9867  -0.271E+01   0.440E+03
  OPTIMIZATION STUFF
        9867  -6.3736322395443121        60.159807140692401     
   4.4200247980903633       -10.793657037634675     
        0    10999   0.421E+01   0.934E+03
  OPTIMIZATION STUFF
       10999  -6.4544264746612390        63.722753314282471     
   4.6971408534846555       -11.151567328145894     
        0     9915  -0.339E+01   0.648E+03
  OPTIMIZATION STUFF
        9915  -6.6630602603024878        66.746359509994377     
   4.7275773370270864       -11.390637597329574     
        0     8486  -0.264E+01   0.466E+03
  OPTIMIZATION STUFF
        8486  -6.4254512119431251        61.409379458934993     
   4.4858618103853374       -10.911313022328462     
        0    11019  -0.360E+00   0.289E+03
  OPTIMIZATION STUFF
       11019  -6.4723962858999675        62.309052798507054     
   4.5185328500272472       -10.990929135927214     
        0    10863   0.148E+01   0.471E+03
  OPTIMIZATION STUFF
       10863  -6.3661157486077764        60.689140976593620     
   4.4901794231324068       -10.856295171740182     
        0     8455   0.493E+00   0.254E+03
  OPTIMIZATION STUFF
        8455  -6.2743679429043713        58.601106949190680     
   4.3855916210067534       -10.659959563911125     
        0    11061  -0.160E+01   0.319E+03
  OPTIMIZATION STUFF
       11061  -6.4738655663231821        62.375173939311459     
   4.5237416558073349       -10.997607222130517     
        0     9338   0.194E+01   0.164E+03
  OPTIMIZATION STUFF
        9338  -6.3717262175865930        60.169893142007183     
   4.4239120866182269       -10.795638304204820     
        0     4576  -0.629E+01   0.462E+03
  OPTIMIZATION STUFF
        4576  -6.2343624054616109        57.322782688694581     
   4.2959874401657068       -10.530349845627317     
        0     5641   0.713E+01   0.327E+03
  OPTIMIZATION STUFF
        5641  -6.3795480329662766        61.214363187042871     
   4.5294293329423949       -10.908977365908672     
        0     6102   0.336E+01   0.680E+03
  OPTIMIZATION STUFF
        6102  -6.6187101707045368        65.763620547002049     
   4.6857546055266663       -11.304464776231203     
        0     4294  -0.867E+01   0.739E+03
  OPTIMIZATION STUFF
        4294  -6.2973845728181743        59.152481940509176     
   4.4153628936408884       -10.712747466459064     
        0     7779  -0.193E+01   0.255E+03
  OPTIMIZATION STUFF
        7779  -6.4069101423788615        61.208551623721064     
   4.4899948832046501       -10.896905025583511     
        0     3278   0.774E+01   0.365E+03
  OPTIMIZATION STUFF
        3278  -6.5394308602295874        63.874170185095508     
   4.5945635493888233       -11.133994409618410     
        0     4586  -0.180E+01   0.332E+03
  OPTIMIZATION STUFF
        4586  -6.3056245191515812        58.792860309752619     
   4.3625634360117918       -10.668187955163372     
        0     6318  -0.211E+00   0.214E+03
  OPTIMIZATION STUFF
        6318  -6.5500451653242049        63.982879815194472     
   4.5912730421319408       -11.141318207456145     
        0     7634  -0.257E+00   0.193E+03
  OPTIMIZATION STUFF
        7634  -6.1872923269641866        56.556499520248963     
   4.2747997825557933       -10.462092109519979     
        0     6383  -0.106E+01   0.236E+03
  OPTIMIZATION STUFF
        6383  -6.2842791169741492        58.217691369278370     
   4.3273002379360017       -10.611579354910152     
        0     7254   0.262E+01   0.186E+03
  OPTIMIZATION STUFF
        7254  -6.3230908999283129        59.757226451768105     
   4.4469931327821799       -10.770084032710493     
        0     9627  -0.111E+01   0.312E+03
  OPTIMIZATION STUFF
        9627  -6.6372879075204043        65.597203553210420     
   4.6415097528599283       -11.278797660380333     
        0    11029   0.228E+01   0.670E+03
  OPTIMIZATION STUFF
       11029  -6.1400693399831221        56.544099145034203     
   4.3409270490568526       -10.480996389039975     
        0     8017  -0.160E+00   0.378E+03
  OPTIMIZATION STUFF
        8017  -6.6899979075469140        66.983286867891081     
   4.7145747278952950       -11.404572635442209     
        0    11182  -0.111E+01   0.447E+03
  OPTIMIZATION STUFF
       11182  -6.2743976376402602        58.415880481577950     
   4.3643802270599972       -10.638777864700257     
        0     6890   0.701E+00   0.417E+02
  OPTIMIZATION STUFF
        6890  -6.8375151258568652        69.647608539857202     
   4.7849760128485261       -11.622491138705392     
        0     5118  -0.123E+01   0.363E+03
  OPTIMIZATION STUFF
        5118  -6.5253996725410772        63.220109971196578     
   4.5430462340589690       -11.068445906600047     
        0     6914   0.411E+01   0.682E+03
  OPTIMIZATION STUFF
        6914  -6.6140719638271896        66.062388809421165     
   4.7240280340760368       -11.338099997903226     
        0     4770  -0.103E+02   0.518E+03
  OPTIMIZATION STUFF
        4770  -6.3870301939160781        60.753510180122852     
   4.4675894486990630       -10.854619642615141     
        0     9982   0.119E+01   0.550E+03
  OPTIMIZATION STUFF
        9982  -6.2421529077309019        57.915744236011292     
   4.3533057912944662       -10.595458699025368     
        0     4775  -0.191E+01   0.220E+03
  OPTIMIZATION STUFF
        4775  -6.4517276609989729        61.669600455187059     
   4.4771431341300421       -10.928870795129015     
        0     3283   0.238E+01   0.136E+03
  OPTIMIZATION STUFF
        3283  -6.3723319423123632        60.743895734840031     
   4.4874582284212492       -10.859790170733612     
        0     5447   0.231E+01   0.369E+03
  OPTIMIZATION STUFF
        5447  -6.0488409897883484        54.391549070723983     
   4.2193686436456694       -10.268209633434019     
        0     6287  -0.385E+01   0.403E+03
  OPTIMIZATION STUFF
        6287  -6.9152975635386698        71.074427931709920     
   4.8221455327920220       -11.737443096330692     
        0     8492   0.418E+01   0.455E+03
  OPTIMIZATION STUFF
        8492  -6.0995338119736351        55.410745598024810     
   4.2668996794646095       -10.366433491438244     
        0     5883  -0.296E+01   0.477E+03
  OPTIMIZATION STUFF
        5883  -6.6841242671678440        66.712901762883376     
   4.6941862493877800       -11.378310516555624     
        0     4027  -0.293E+01   0.205E+03
  OPTIMIZATION STUFF
        4027  -6.3269889845343057        59.138055688116594     
   4.3711858891721995       -10.698174873706506     
        0    11486  -0.214E+00   0.194E+03
  OPTIMIZATION STUFF
       11486  -6.4337395338167296        61.300695412877573     
   4.4618035617764775       -10.895543095593208     
        0     7463   0.837E-01   0.127E+03
  OPTIMIZATION STUFF
        7463  -6.0148291930183975        53.424183420443420     
   4.1528319493156802       -10.167661142334078     
        0     7074   0.716E+00   0.542E+03
  OPTIMIZATION STUFF
        7074  -6.3586145359663409        60.038484838330611     
   4.4279234434809469       -10.786537979447289     
        0     6822  -0.235E+01   0.253E+03
  OPTIMIZATION STUFF
        6822  -6.2513285167568924        58.100974403833220     
   4.3614064451063594       -10.612734961863252     
        0    10203   0.352E-01   0.656E+03
  OPTIMIZATION STUFF
       10203  -6.4614726688955830        62.953240826772237     
   4.6046293852912443       -11.066102054186828     
        0     7047   0.343E+01   0.318E+03
  OPTIMIZATION STUFF
        7047  -6.6200522735810550        65.458194212084578     
   4.6511398718098000       -11.271192145390856     
        0    12955  -0.867E+00   0.503E+03
  OPTIMIZATION STUFF
       12955  -6.4742403542252447        62.365797553064404     
   4.5221686599225572       -10.996409014147801     
        0     6033   0.116E-01   0.255E+03
  OPTIMIZATION STUFF
        6033  -6.1421390667380731        56.112332803796512     
   4.2879436200405507       -10.430082686778624     
        0    15933   0.826E+00   0.384E+03
  OPTIMIZATION STUFF
       15933  -6.3232906274324634        59.950986774447593     
   4.4684429520216948       -10.791733579454158     
        0     9785  -0.111E+01   0.245E+03
  OPTIMIZATION STUFF
        9785  -6.4718846560386494        61.711252443521552     
   4.4526353367924756       -10.924519992831126     
        0    14023   0.604E+00   0.916E+03
  OPTIMIZATION STUFF
       14023  -6.7655211401967970        70.260773762360316     
   4.9485854002846663       -11.714106540481463     
        0     9733   0.173E+01   0.396E+03
  OPTIMIZATION STUFF
        9733  -6.4506930706862864        62.379438996841422     
   4.5571918880645521       -11.007884958750839     
        0    10693  -0.340E+01   0.509E+03
  OPTIMIZATION STUFF
       10693  -6.3935037210343877        60.700633224219295     
   4.4523862583269578       -10.845889979361345     
        0    12520   0.105E+01   0.586E+03
  OPTIMIZATION STUFF
       12520  -6.1712878996171341        56.573856860606945     
   4.2998909893910202       -10.471178889008154     
        0    18093  -0.230E+00   0.417E+03
  OPTIMIZATION STUFF
       18093  -6.6361840960828635        65.984888547599368     
   4.6846503808177866       -11.320834476900650     
        0    10169   0.118E+01   0.241E+03
  OPTIMIZATION STUFF
       10169  -6.5454564580423691        63.931886497380738     
   4.5922637395136814       -11.137720197556050     
        0    10418  -0.138E+01   0.170E+03
  OPTIMIZATION STUFF
       10418  -6.3347579914556862        59.431697855853848     
   4.3934654938376569       -10.728223485293343     
        0    10666   0.166E+01   0.569E+03
  OPTIMIZATION STUFF
       10666  -6.5489058313819672        64.300708251558603     
   4.6273686543488051       -11.176274485730772     
        0    13097  -0.144E+01   0.388E+03
  OPTIMIZATION STUFF
       13097  -6.2494212295142431        57.759251839108138     
   4.3248105317117442       -10.574231761225988     
        0     6065  -0.203E+00   0.186E+03
  OPTIMIZATION STUFF
        6065  -6.1346719666907665        55.432268254130705     
   4.2187756654305701       -10.353447632121338     
        0     8002  -0.838E-01   0.409E+03
  OPTIMIZATION STUFF
        8002  -6.4682747462649584        62.044324037576651     
   4.4950801822000503       -10.963354928465009     
        0     8663   0.174E+01   0.336E+03
  OPTIMIZATION STUFF
        8663  -6.1512056932375190        56.571718232380483     
   4.3283237808489803       -10.479529474086499     
        0    11384   0.809E+00   0.518E+03
  OPTIMIZATION STUFF
       11384  -6.6376038118978382        65.933477791965416     
   4.6771458634775014       -11.314749675375339     
        0     7019  -0.737E+01   0.506E+03
  OPTIMIZATION STUFF
        7019  -6.3930826791720090        60.505153432259938     
   4.4309871687391267       -10.824069847911137     
        0     9564   0.331E+01   0.631E+03
  OPTIMIZATION STUFF
        9564  -6.2147197094836528        57.705240209268624     
   4.3683519938100277       -10.583071703293680     
        0     7388   0.372E+01   0.417E+03
  OPTIMIZATION STUFF
        7388  -6.7822858053426662        68.692357666974999     
   4.7637125145859063       -11.545998319928572     
        0     9345  -0.109E+01   0.299E+03
  OPTIMIZATION STUFF
        9345  -6.3533574304673115        60.044697499689605     
   4.4361635294943094       -10.789520959961621     
        0    11504  -0.113E+01   0.620E+03
  OPTIMIZATION STUFF
       11504  -6.3940873780004459        61.217817970734764     
   4.5092643050979113       -10.903351683098357     
        0    12027   0.507E+00   0.625E+03
  OPTIMIZATION STUFF
       12027  -6.7224172050014870        68.129373304642272     
   4.7894133488917268       -11.511830553893214     
        0     9334   0.122E+01   0.245E+03
  OPTIMIZATION STUFF
        9334  -6.4624681453233137        61.457182176062851     
   4.4377570513429756       -10.900225196666289     
        0    12690  -0.124E+00   0.594E+03
  OPTIMIZATION STUFF
       12690  -6.2578434352604200        58.323580437301842     
   4.3775536521063803       -10.635397087366801     
        0    10458  -0.915E+00   0.436E+03
  OPTIMIZATION STUFF
       10458  -6.2026666482424906        56.865204200281774     
   4.2886047440935888       -10.491271392336079     
        0    15088  -0.360E+00   0.325E+03
  OPTIMIZATION STUFF
       15088  -6.6096481509611831        64.694863689728550     
   4.5833846674945322       -11.193032818455716     
        0     6185   0.375E+00   0.567E+03
  OPTIMIZATION STUFF
        6185  -5.9938080406612029        53.181202980789962     
   4.1539701675018170       -10.147778208163020     
        0     9011   0.710E+00   0.363E+03
  OPTIMIZATION STUFF
        9011  -6.2898095422458677        58.734989970530798     
   4.3787310824945198       -10.668540624740388     
        0    10920  -0.251E+01   0.200E+03
  OPTIMIZATION STUFF
       10920  -6.1769115619922808        56.445887992511722     
   4.2768740392765601       -10.453785601268841     
        0     7834   0.451E+01   0.302E+03
  OPTIMIZATION STUFF
        7834  -6.7112161832869024        67.466752630781372     
   4.7356446205315441       -11.446860803818446     
        0     7481  -0.410E+01   0.300E+03
  OPTIMIZATION STUFF
        7481  -6.1012018729223243        54.782827271054771     
   4.1902461713966037       -10.291448044318928     
        0    10066   0.379E+01   0.342E+03
  OPTIMIZATION STUFF
       10066  -6.1023651262555134        55.273789051181090     
   4.2467551044346346       -10.349120230690147     
        0     8342  -0.684E+00   0.459E+03
  OPTIMIZATION STUFF
        8342  -6.5915270142982045        65.280213507214299     
   4.6724709872819217       -11.263998001580127     
        0    12435  -0.111E+01   0.342E+03
  OPTIMIZATION STUFF
       12435  -6.1544369350018471        55.977519068428791     
   4.2544594347007072       -10.408896369702553     
        0     9876   0.857E+00   0.356E+03
  OPTIMIZATION STUFF
        9876  -6.4136387265200661        61.729952265548953     
   4.5381924321508249       -10.951831158670892     
        0    12950   0.336E+00   0.459E+03
  OPTIMIZATION STUFF
       12950  -6.4817267609021885        62.729152452095335     
   4.5515239919283914       -11.033250752830579     
        0    11187  -0.211E+01   0.364E+03
  OPTIMIZATION STUFF
       11187  -6.4227238349195064        61.336842836928312     
   4.4816806420454798       -10.904404476964986     
        0    11151   0.160E+01   0.638E+03
  OPTIMIZATION STUFF
       11151  -6.7924730853711797        69.070653243518890     
   4.7888372939605102       -11.581310379331690     
        0     7463  -0.148E+01   0.415E+03
  OPTIMIZATION STUFF
        7463  -6.3042278800281490        59.115411659808650     
   4.4013773408428003       -10.705605220870950     
        0    11370   0.198E+01   0.324E+03
  OPTIMIZATION STUFF
       11370  -6.9820493929168039        73.357093451890179     
   4.9606531552569031       -11.942702548173706     
        0    10740  -0.137E+01   0.370E+03
  OPTIMIZATION STUFF
       10740  -6.3180827529572658        59.036684778564720     
   4.3724724247670972       -10.690555177724363     
        0    11893  -0.127E+01   0.318E+03
  OPTIMIZATION STUFF
       11893  -6.1628925885361170        56.128551576693951     
   4.2599655537176062       -10.422858142253723     
        0     8636  -0.574E+00   0.570E+02
  OPTIMIZATION STUFF
        8636  -6.1241775687634448        55.003972421541960     
   4.1831114649022467       -10.307289033665691     
        0    11856   0.211E+01   0.408E+03
  OPTIMIZATION STUFF
       11856  -6.3931629380610078        61.074543006526497     
   4.4946646875968002       -10.887827625657808     
        0    12305  -0.231E+01   0.770E+03
  OPTIMIZATION STUFF
       12305  -6.4317332597091994        61.824661024736905     
   4.5229932899228782       -10.954726549632078     
        0    13897   0.121E+01   0.412E+03
  OPTIMIZATION STUFF
       13897  -6.3303037447866952        59.584957072053534     
   4.4172629048759458       -10.747566649662641     
        0     8770   0.143E+00   0.520E+03
  OPTIMIZATION STUFF
        8770  -6.4264018888141097        61.687382747552959     
   4.5153894085670396       -10.941791297381149     
        0    11895  -0.331E+00   0.608E+03
  OPTIMIZATION STUFF
       11895  -6.6127729056837570        65.357005958595437     
   4.6506172124192542       -11.263390118103011     
        0    10284   0.634E+00   0.320E+03
  OPTIMIZATION STUFF
       10284  -6.4134764209775437        61.411192394845969     
   4.5031669514255244       -10.916643372403069     
        0     8030   0.151E+00   0.634E+03
  OPTIMIZATION STUFF
        8030  -6.9024363316456707        71.489048117129514     
   4.8831773267727412       -11.785613658418413     
        0    11347  -0.112E+01   0.443E+03
  OPTIMIZATION STUFF
       11347  -6.4634917111544503        62.328809265879329     
   4.5334406542621739       -10.996932365416624     
        0    10137   0.892E+00   0.408E+03
  OPTIMIZATION STUFF
       10137  -6.4063062846437608        60.696646147923332     
   4.4334959045043876       -10.839802189148148     
        0    10792  -0.159E+01   0.423E+03
  OPTIMIZATION STUFF
       10792  -6.3552163164543796        60.254119330855403     
   4.4570556314597898       -10.812271947914169     
        0     9155   0.239E+01   0.496E+03
  OPTIMIZATION STUFF
        9155  -6.5098663193025166        63.825383351956205     
   4.6310931600181515       -11.140959479320667     
        0    10985  -0.224E+01   0.501E+03
  OPTIMIZATION STUFF
       10985  -6.2332416249233775        57.960300811439794     
   4.3711554143912990       -10.604397039314676     
        0     9561   0.297E+01   0.206E+03
  OPTIMIZATION STUFF
        9561  -6.2677904762141523        58.106458914677518     
   4.3383477800836445       -10.606138256297797     
        0     8911  -0.222E+01   0.256E+03
  OPTIMIZATION STUFF
        8911  -6.4552225664192724        61.767682831000705     
   4.4830552583023202       -10.938277824721592     
        0    11173   0.360E+00   0.616E+03
  OPTIMIZATION STUFF
       11173  -6.4936916795961777        63.438750942814231     
   4.6120190061574560       -11.105710685753634     
        0     7701   0.213E+01   0.412E+03
  OPTIMIZATION STUFF
        7701  -6.5796164129859607        65.037897890148571     
   4.6633191771649436       -11.242935590150903     
        0     8861  -0.176E+01   0.364E+03
  OPTIMIZATION STUFF
        8861  -6.4469796525884497        61.566692403735345     
   4.4724876481490536       -10.919467300737503     
        0     8955   0.176E+01   0.178E+03
  OPTIMIZATION STUFF
        8955  -6.5132416634641732        63.005818168690226     
   4.5369043633302075       -11.050146026794380     
        0     8652  -0.217E+01   0.301E+03
  OPTIMIZATION STUFF
        8652  -6.2144809020220775        57.190785878774498     
   4.3094098200539435       -10.523890722076022     
        0     6668   0.231E+01   0.330E+03
  OPTIMIZATION STUFF
        6668  -6.0222346705302483        53.305357952394630     
   4.1277169870835451       -10.149951657613794     
        0     3524   0.433E+01   0.281E+03
  OPTIMIZATION STUFF
        3524  -6.5558758970764464        64.608531280663286     
   4.6507012915038297       -11.206577188580276     
        0     3189  -0.388E+01   0.220E+03
  OPTIMIZATION STUFF
        3189  -6.8165960159726122        68.515453473020145     
   4.6956865555578187       -11.512282571530431     
        0     5882  -0.246E+01   0.291E+03
  OPTIMIZATION STUFF
        5882  -6.2560118985168138        58.082962666638551     
   4.3526173496247749       -10.608629248141590     
        0     2252   0.653E+01   0.313E+03
  OPTIMIZATION STUFF
        2252  -6.5460709631264740        64.971710474031383     
   4.7032611473044765       -11.249332110430950     
        0     3485  -0.649E+01   0.517E+03
  OPTIMIZATION STUFF
        3485  -6.3918311618620614        60.042854058467142     
   4.3803365688855731       -10.772167730747634     
        0     5680   0.418E+00   0.295E+03
  OPTIMIZATION STUFF
        5680  -6.0187372334685838        53.172741793004974     
   4.1167394752964279       -10.135476708765012     
        0     2909   0.709E+01   0.298E+03
  OPTIMIZATION STUFF
        2909  -6.2260047641718295        58.238358140950048     
   4.4130740779483562       -10.639078842120185     
        0     8197  -0.392E+01   0.337E+03
  OPTIMIZATION STUFF
        8197  -6.7569283200329116        67.698800297477604     
   4.6949675159062414       -11.451895835939153     
        0     7566   0.354E+01   0.449E+03
  OPTIMIZATION STUFF
        7566  -6.1299527332981398        55.541666177954426     
   4.2385546670398258       -10.368507400337965     
        0     4235   0.698E+01   0.788E+03
  OPTIMIZATION STUFF
        4235  -5.9323558969494989        52.575635793951321     
   4.1692672384820604       -10.101623135431559     
        0     2624  -0.836E+01   0.427E+03
  OPTIMIZATION STUFF
        2624  -7.4757192084265869        82.520761776255696     
   5.1608511016127423       -12.636570310039328     
        0     6949  -0.466E+01   0.525E+03
  OPTIMIZATION STUFF
        6949  -6.0640428146726739        54.295889470214213     
   4.1860810087755027       -10.250123823448178     
        0     6815   0.456E+01   0.483E+03
  OPTIMIZATION STUFF
        6815  -6.3918868204331725        60.662927214335483     
   4.4504730185799568       -10.842359839013129     
        0     6754   0.990E+00   0.523E+03
  OPTIMIZATION STUFF
        6754  -6.4095938118121483        61.626739610482595     
   4.5325320493143799       -10.942125861126527     
        0     6998  -0.216E+01   0.268E+03
  OPTIMIZATION STUFF
        6998  -6.4493657018098229        61.315040280941730     
   4.4408019912242001       -10.890167693034023     
        0     9825  -0.204E+01   0.149E+03
  OPTIMIZATION STUFF
        9825  -6.4562828106911523        61.465137072477759     
   4.4476453704012542       -10.903928181092407     
        0     7915   0.935E+00   0.240E+03
  OPTIMIZATION STUFF
        7915  -5.9013460549359111        51.038352828706401     
   4.0264708577858555       -9.9278169127217666     
        0     8255   0.315E+01   0.489E+03
  OPTIMIZATION STUFF
        8255  -6.3844623015955424        60.697555877467757     
   4.4649968641616207       -10.849459165757164     
        0     6086  -0.183E+01   0.289E+03
  OPTIMIZATION STUFF
        6086  -6.5395877728265894        63.207171378698987     
   4.5211683379626502       -11.060756110789239     
        0     2638  -0.793E+01   0.407E+03
  OPTIMIZATION STUFF
        2638  -6.4353446504125262        60.710961739119604     
   4.3928693321707719       -10.828213982583298     
        0     4394  -0.168E+01   0.125E+03
  OPTIMIZATION STUFF
        4394  -5.6285129976464345        46.311376317315080     
   3.8250774832204679       -9.4535904808669020     
        0     6894   0.305E+01   0.308E+03
  OPTIMIZATION STUFF
        6894  -6.2899159275648984        58.662729250196293     
   4.3703188527110575       -10.660234780275957     
        0    35620   0.819E+00   0.492E+03
  OPTIMIZATION STUFF
       35620  -6.3673108009550337        60.566156932804290     
   4.4747636917322966       -10.842074492687331     
        0    51158  -0.770E+00   0.560E+03
  OPTIMIZATION STUFF
       51158  -6.4320470670492069        61.915028033387848     
   4.5325267302743564       -10.964573797323563     
        0    52096   0.113E+00   0.437E+03
  OPTIMIZATION STUFF
       52096  -6.3635153672194829        60.184340364807085     
   4.4373429590204738       -10.800858326239958     
        0    60602   0.371E+00   0.469E+03
  OPTIMIZATION STUFF
       60602  -6.3850297435767018        60.813166446526807     
   4.4771153235278227       -10.862145067104525     
        0    50131   0.666E-01   0.393E+03
  OPTIMIZATION STUFF
       50131  -6.4128012265302301        61.411881935959805     
   4.5042049648047975       -10.917006191335027     
        0    43925  -0.442E+00   0.503E+03
  OPTIMIZATION STUFF
       43925  -6.3344884095721392        59.629378188203951     
   4.4162919714620523       -10.750780381034192     
        0    49996   0.460E-01   0.389E+03
  OPTIMIZATION STUFF
       49996  -6.3588419336481339        60.067582987212660     
   4.4308816560692206       -10.789723589717354     
        0    42046   0.111E+00   0.429E+03
  OPTIMIZATION STUFF
       42046  -6.3457533104827313        59.924291766358671     
   4.4334756894400726       -10.779228999922804     
        0    45095  -0.293E+00   0.393E+03
  OPTIMIZATION STUFF
       45095  -6.4018369204314824        60.997004105254113     
   4.4736437217836720       -10.875480642215155     
        0    35927   0.149E+00   0.347E+03
  OPTIMIZATION STUFF
       35927  -6.3499460727249897        59.749642220531442     
   4.4077008852706783       -10.757646957995668     
        0    36629   0.273E+00   0.548E+03
  OPTIMIZATION STUFF
       36629  -6.3631336980605768        60.553390973171794     
   4.4792767846805051       -10.842410482741082     
        0    36732  -0.581E+00   0.334E+03
  OPTIMIZATION STUFF
       36732  -6.2909556257265349        58.594639975786770     
   4.3610225052075151       -10.651978130934051     
        0    39526   0.781E+00   0.389E+03
  OPTIMIZATION STUFF
       39526  -6.3098994670099273        58.915975294010074     
   4.3704855577198636       -10.680385024729791     
        0    48233  -0.682E+00   0.373E+03
  OPTIMIZATION STUFF
       48233  -6.2233680400745364        57.466967412636876     
   4.3285861029227197       -10.551954142997257     
        0    30960   0.657E+00   0.476E+03
  OPTIMIZATION STUFF
       30960  -6.4347452874942856        61.887229812884762     
   4.5256251389122850       -10.960370426406570     
        0    32475  -0.158E+00   0.355E+03
  OPTIMIZATION STUFF
       32475  -6.5400219279985992        63.934685537067310     
   4.6003041984595754       -11.140326126458174     
        0    35163   0.824E+00   0.435E+03
  OPTIMIZATION STUFF
       35163  -6.3310301884217424        59.561700042336575     
   4.4135877464517614       -10.744617934873503     
        0    34651  -0.952E+00   0.470E+03
  OPTIMIZATION STUFF
       34651  -6.4712350390183557        62.249487512253431     
   4.5136021736562624       -10.984837212674618     
        0    35651  -0.202E+00   0.422E+03
  OPTIMIZATION STUFF
       35651  -6.4466121057186889        61.861579675221122     
   4.5058597441134776       -10.952471849832166     
        0    27591  -0.859E+00   0.406E+03
  OPTIMIZATION STUFF
       27591  -6.2817359950940066        58.400311911855518     
   4.3520230697683377       -10.633759064862344     
        0    36208   0.130E+01   0.398E+03
  OPTIMIZATION STUFF
       36208  -6.2941964778899093        59.047340739734146     
   4.4079963064245424       -10.702192784314452     
        0    38875  -0.255E+00   0.381E+03
  OPTIMIZATION STUFF
       38875  -6.3274552867559226        59.130781577227857     
   4.3696786119041269       -10.697133898660049     
        0    36142   0.253E+00   0.454E+03
  OPTIMIZATION STUFF
       36142  -6.1990581172528376        56.940357452380546     
   4.3025615522967531       -10.501619669549591     
        0    25463  -0.814E-01   0.382E+03
  OPTIMIZATION STUFF
       25463  -6.4046086375364562        61.159838550632443     
   4.4878532452193509       -10.892461882755807     
        0    38331   0.633E-01   0.553E+03
  OPTIMIZATION STUFF
       38331  -6.3484355457608306        59.941104608684377     
   4.4315314204013898       -10.779966966162220     
        0    45636  -0.235E+00   0.458E+03
  OPTIMIZATION STUFF
       45636  -6.3429962731351530        59.886867158406751     
   4.4332003606198880       -10.776196633755042     
        0    29945  -0.250E+00   0.458E+03
  OPTIMIZATION STUFF
       29945  -6.2964237717089180        58.901286916001773     
   4.3882040293337106       -10.684627801042629     
        0    26243   0.960E+00   0.469E+03
  OPTIMIZATION STUFF
       26243  -6.4229555210171494        61.816877984766563     
   4.5345915317481333       -10.957547052765282     
        0    32161  -0.693E+00   0.426E+03
  OPTIMIZATION STUFF
       32161  -6.5087319957856806        63.252630677058136     
   4.5704527657655412       -11.079184761551222     
        0    38458  -0.821E-01   0.347E+03
  OPTIMIZATION STUFF
       38458  -6.2312235860841829        57.383106666473843     
   4.3075467828802525       -10.538770368964435     
        0    37254  -0.307E+00   0.553E+03
  OPTIMIZATION STUFF
       37254  -6.3677620177132033        60.437116740298137     
   4.4596775248965264       -10.827439542609730     
        0    34171   0.197E+00   0.409E+03
  OPTIMIZATION STUFF
       34171  -6.3122230280509184        59.303156412265118     
   4.4112352982366296       -10.723458326287549     
        0    34059   0.240E+00   0.478E+03
  OPTIMIZATION STUFF
       34059  -6.4151846320710133        61.651707287021907     
   4.5273737887943168       -10.942558420865330     
        0    44673   0.672E-01   0.562E+03
  OPTIMIZATION STUFF
       44673  -6.3039238455914113        59.094585406318366     
   4.3994465055620759       -10.703370351153488     
        0    38411   0.188E+00   0.608E+03
  OPTIMIZATION STUFF
       38411  -6.2896101750772502        59.066888693971961     
   4.4167513558651548       -10.706361530942406     
        0    26059  -0.272E+00   0.432E+03
  OPTIMIZATION STUFF
       26059  -6.2896590324973314        58.885399331065777     
   4.3960878728695256       -10.685746905366857     
        0    34427  -0.395E+00   0.421E+03
  OPTIMIZATION STUFF
       34427  -6.3696797532643519        60.484760612313814     
   4.4622797372159448       -10.831959490480298     
        0    32664   0.363E+00   0.463E+03
  OPTIMIZATION STUFF
       32664  -6.3324499488893693        59.743573723490002     
   4.4321159019480785       -10.764565850837448     
        0    36125   0.641E+00   0.482E+03
  OPTIMIZATION STUFF
       36125  -6.4294052377795792        61.741518526017096     
   4.5171082358550603       -10.946513473634639     
        0    30402  -0.730E+00   0.627E+03
  OPTIMIZATION STUFF
       30402  -6.3753466210291734        60.728727669764517     
   4.4814822471473006       -10.856828868176475     
        0    38138   0.936E-01   0.408E+03
  OPTIMIZATION STUFF
       38138  -6.3052411640823420        59.000518478574463     
   4.3868499337606721       -10.692091097843015     
        0    34384  -0.413E+00   0.693E+03
  OPTIMIZATION STUFF
       34384  -6.3746693238195347        60.563608148623992     
   4.4639891532773905       -10.838658477096924     
        0    34220  -0.173E+00   0.475E+03
  OPTIMIZATION STUFF
       34220  -6.3077697648701099        59.153408652044810     
   4.4006191888682311       -10.708388953738341     
        0    43898   0.610E+00   0.558E+03
  OPTIMIZATION STUFF
       43898  -6.3835105913673766        60.913843309126484     
   4.4905050761609218       -10.874015667528298     
        0    38482   0.193E-01   0.497E+03
  OPTIMIZATION STUFF
       38482  -6.5113792559686132        63.320619139793060     
   4.5741184204975154       -11.085497676466129     
        0    41113   0.916E-01   0.430E+03
  OPTIMIZATION STUFF
       41113  -6.3226673870898775        59.631314060181943     
   4.4334175499733837       -10.756084937063260     
        0    51179  -0.230E+00   0.510E+03
  OPTIMIZATION STUFF
       51179  -6.5183849583609463        63.613322990055735     
   4.5960831720791893       -11.114468130440136     
        0    32294   0.320E+00   0.421E+03
  OPTIMIZATION STUFF
       32294  -6.3133136109089101        59.045340191349553     
   4.3803437583895004       -10.693657369298410     
        0    41327  -0.572E+00   0.490E+03
  OPTIMIZATION STUFF
       41327  -6.3579927456020187        60.226320321911935     
   4.4499717492119020       -10.807964494813920     
        0    42090   0.924E+00   0.513E+03
  OPTIMIZATION STUFF
       42090  -6.3488681013352481        59.999829530574530     
   4.4375334773297528       -10.786401578665000     
        0   130605  -0.779E-02   0.454E+03
  OPTIMIZATION STUFF
      130605  -6.3220253541927187        59.375394323108047     
   4.4053819067196063       -10.727407260912326     
        0   126185   0.105E+00   0.450E+03
  OPTIMIZATION STUFF
      126185  -6.3989766420890941        61.008346979768383     
   4.4790004369018055       -10.877977078990899     
        0   126622  -0.297E+00   0.382E+03
  OPTIMIZATION STUFF
      126622  -6.3426954629393757        59.833882982727367     
   4.4276514369511553       -10.770346899890530     
        0   125178   0.128E+00   0.384E+03
  OPTIMIZATION STUFF
      125178  -6.4225599268759144        61.415723912616109     
   4.4907068372700261       -10.913266764145941     
        0   124527  -0.129E+00   0.377E+03
  OPTIMIZATION STUFF
      124527  -6.3266876995419468        59.534656315125858     
   4.4167498307681505       -10.743437530310096     
        0   124819   0.181E-01   0.351E+03
  OPTIMIZATION STUFF
      124819  -6.3663305102601626        60.180864797433195     
   4.4329110786890116       -10.799241588949174     
        0   115180   0.955E-01   0.907E+08
  OPTIMIZATION STUFF
      115180  -13248.349531508597        14625821807.681129     
   120209.41328520035       -133457.76281670894     
        0   113649   0.427E-01   0.357E+03
  OPTIMIZATION STUFF
      113649  -6.4303481146427188        61.621713327165942     
   4.5024811439557162       -10.932829258598435     
