tried moves    experiment_1   _      experiment_2    _                                                                                                                                                                                                                                                                                                                                                                                                                                                                          
        0   375391  -0.170E-03   0.101E+02  -0.662E-06   0.226E-01
  OPTIMIZATION STUFF
      375391  -2.6132494448543713        19.930818673569039     
   3.6196334085839910       -6.2328828534383618     
        0   286580   0.468E-04   0.101E+02   0.133E-05   0.226E-01
  OPTIMIZATION STUFF
      286580  -2.6351107721169842        19.982847817561925     
   3.6109609574509327       -6.2460717295679169     
        0   274424  -0.898E-04   0.102E+02  -0.131E-05   0.227E-01
  OPTIMIZATION STUFF
      274424  -2.6228750613000953        20.082716528481832     
   3.6336266926160499       -6.2565017539161456     
        0   296365   0.473E-04   0.104E+02  -0.427E-06   0.230E-01
  OPTIMIZATION STUFF
      296365  -2.6194719385370671        20.525823685839434     
   3.6965105774305980       -6.3159825159676650     
        0   299682   0.546E-04   0.102E+02  -0.848E-06   0.226E-01
  OPTIMIZATION STUFF
      299682  -2.5966003762125176        19.931008227968356     
   3.6316214993059734       -6.2282218755184910     
