           5  0.72818613052368164       0.54789757728576660       0.98406404256820679     
           6  0.10739690065383911       0.67564541101455688       0.85570859909057617     
           7  0.57906991243362427       0.88971447944641113       0.77271825075149536     
           8  0.40895390510559082       0.51709496974945068       0.54293614625930786     
           9  0.12904584407806396       0.42136067152023315       0.70858639478683472     
          10   2.0843982696533203E-002  0.96909165382385254       0.88526237010955811     
           1  0.88526237010955811      -0.75031960010528564      -0.94719946384429932     
           2  0.12022852897644043      -0.31483054161071777      -0.36484348773956299     
           3 -0.26677787303924561       0.49407470226287842      -0.26801443099975586     
           4  0.45637226104736328        9.5795154571533203E-002  0.96812808513641357     
           5 -0.78520619869232178       0.35129082202911377       0.71141719818115234     
           6  0.15813982486724854       0.77942895889282227       0.54543650150299072     
           7 -0.18209218978881836        3.4189939498901367E-002   8.5872292518615723E-002
           8 -0.74190831184387207      -0.15727865695953369       0.41717278957366943     
           9 -0.95831203460693359       0.93818330764770508       0.77052474021911621     
