tried moves    experiment_1   _      experiment_2    _       Bragg          _                                                                                                                                                                                                                                                                                                                                                                                                                                                   
        0     4998  -0.307E+04   0.585E+04  -0.144E+03   0.209E+03  -0.135E+04   0.192E+04
  OPTIMIZATION STUFF
        4998   2226.8409528242910        17550152.617221821     
   3548.4266919363608       -1321.5857391120699     
        0     4721  -0.713E+01   0.325E+02  -0.388E+01   0.254E+02  -0.368E+02   0.164E+03
  OPTIMIZATION STUFF
        4721   10.355596797124329        6130.5429507328226     
   77.609951460545389       -67.254354663421054     
        0     4513  -0.305E+00   0.161E+02  -0.164E+00   0.209E+02  -0.702E+01   0.890E+02
  OPTIMIZATION STUFF
        4513  -7.1492962759786796        703.21034656974859     
   25.536207810245159       -32.685504086223837     
        0     4438  -0.111E-01   0.143E+02  -0.445E-01   0.202E+02  -0.322E+01   0.731E+02
  OPTIMIZATION STUFF
        4438  -6.8514035138077247        387.25226762333915     
   18.447507623370761       -25.298911137178486     
        0     4468  -0.120E+00   0.132E+02  -0.102E+00   0.189E+02  -0.157E+01   0.605E+02
  OPTIMIZATION STUFF
        4468  -5.8832415206424509        228.70349590444627     
   13.931653351782586       -19.814894872425036     
        0     4433  -0.988E-01   0.124E+02  -0.520E-01   0.179E+02  -0.869E+00   0.507E+02
  OPTIMIZATION STUFF
        4433  -4.9120600444883342        130.33804453181611     
   10.305809558261659       -15.217869602749992     
        0     4931  -0.148E+00   0.118E+02  -0.803E-01   0.176E+02  -0.326E+00   0.472E+02
  OPTIMIZATION STUFF
        4931  -4.6255050305608529        97.292246171116204     
   8.7118855240052628       -13.337390554566117     
        0     3734  -0.827E-01   0.111E+02  -0.621E-01   0.167E+02  -0.169E+00   0.449E+02
  OPTIMIZATION STUFF
        3734  -4.5618810024352276        92.546386209638072     
   8.4696887740494127       -13.031569776484641     
        0     4263  -0.646E-01   0.111E+02  -0.540E-01   0.166E+02  -0.118E+00   0.437E+02
  OPTIMIZATION STUFF
        4263  -4.3613208690770451        78.366788398602068     
   7.7036140009449534       -12.064934870021998     
        0     4208  -0.698E-01   0.103E+02  -0.637E-01   0.155E+02  -0.100E+00   0.404E+02
  OPTIMIZATION STUFF
        4208  -4.0138145182825493        68.985081482418437     
   7.2714767754042002       -11.285291293686750     
        0     4268  -0.243E-01   0.101E+02  -0.235E-01   0.157E+02  -0.107E+00   0.404E+02
  OPTIMIZATION STUFF
        4268  -4.2797538894480125        67.617444263606004     
   7.0214778294430733       -11.301231718891085     
        0     4245  -0.227E-01   0.967E+01  -0.425E-01   0.149E+02  -0.634E-01   0.393E+02
  OPTIMIZATION STUFF
        4245  -4.2247354969235840        68.120219010123989     
   7.0902629705221676       -11.314998467445751     
        0     4260  -0.511E-01   0.970E+01  -0.318E-01   0.148E+02  -0.145E-02   0.391E+02
  OPTIMIZATION STUFF
        4260  -4.2348634098904201        66.251466312541865     
   6.9510717311874393       -11.185935141077859     
        0     4244  -0.211E-02   0.909E+01  -0.331E-01   0.144E+02  -0.440E-01   0.370E+02
  OPTIMIZATION STUFF
        4244  -4.1537414127316730        60.325621758983566     
   6.5629302933325029       -10.716671706064176     
        0     4254  -0.125E-01   0.905E+01  -0.145E-01   0.140E+02  -0.515E-02   0.372E+02
  OPTIMIZATION STUFF
        4254  -4.1578525482854340        61.825206629316519     
   6.6736398476418284       -10.831492395927263     
        0     4252  -0.390E-01   0.866E+01  -0.389E-01   0.139E+02   0.708E-02   0.371E+02
  OPTIMIZATION STUFF
        4252  -4.1197688710356131        65.367334852206781     
   6.9566399433528776       -11.076408814388490     
        0     4950  -0.209E-01   0.883E+01  -0.124E-01   0.137E+02  -0.169E-01   0.370E+02
  OPTIMIZATION STUFF
        4950  -4.0445256665376990        62.282522496498856     
   6.7767495622323715       -10.821275228770070     
        0     4951   0.980E-02   0.881E+01  -0.454E-02   0.135E+02  -0.386E-01   0.367E+02
  OPTIMIZATION STUFF
        4951  -4.1673281203018613        63.217031296422356     
   6.7712929071310830       -10.938621027432944     
        0     4934  -0.220E-01   0.862E+01  -0.146E-01   0.133E+02   0.151E-01   0.365E+02
  OPTIMIZATION STUFF
        4934  -4.2581023623698186        64.022033942027804     
   6.7742599753484782       -11.032362337718297     
        0     4937   0.102E-01   0.890E+01  -0.101E-01   0.136E+02  -0.223E-01   0.382E+02
  OPTIMIZATION STUFF
        4937  -4.4182885988747715        69.453287517496548     
   7.0662587961770660       -11.484547395051838     
        0     4945  -0.195E-01   0.858E+01  -0.212E-01   0.134E+02   0.342E-02   0.371E+02
  OPTIMIZATION STUFF
        4945  -4.2623011814861647        67.634393227136272     
   7.0332909697692667       -11.295592151255430     
        0     4947   0.210E-02   0.816E+01  -0.177E-02   0.129E+02  -0.456E-01   0.341E+02
  OPTIMIZATION STUFF
        4947  -3.8586808195551585        54.594980140678025     
   6.3012349958936742       -10.159915815448834     
        0     4941  -0.700E-02   0.828E+01  -0.128E-01   0.129E+02  -0.270E-02   0.352E+02
  OPTIMIZATION STUFF
        4941  -3.9947694853277502        59.050526419314394     
   6.5644758494801891       -10.559245334807940     
        0     4953  -0.129E-01   0.837E+01  -0.891E-02   0.127E+02  -0.265E-02   0.348E+02
  OPTIMIZATION STUFF
        4953  -3.9079576999474788        56.732436607096744     
   6.4389675587409165       -10.346925258688396     
        0     4264  -0.246E-01   0.834E+01  -0.162E-01   0.127E+02   0.213E-01   0.347E+02
  OPTIMIZATION STUFF
        4264  -4.0136879187553678        58.746574279506738     
   6.5296924560306771       -10.543380374786045     
        0     4236   0.192E-01   0.825E+01   0.123E-02   0.127E+02  -0.155E-01   0.342E+02
  OPTIMIZATION STUFF
        4236  -3.9689846585960753        55.647705927429442     
   6.3162383352164948       -10.285222993812571     
        0     4253   0.107E-01   0.824E+01  -0.391E-02   0.126E+02  -0.542E-02   0.338E+02
  OPTIMIZATION STUFF
        4253  -3.9256024150282234        52.595031933460838     
   6.0979240412279179       -10.023526456256141     
        0     4278  -0.137E-01   0.830E+01  -0.157E-01   0.127E+02   0.128E-01   0.355E+02
  OPTIMIZATION STUFF
        4278  -4.1071380031166926        61.432524964893261     
   6.6756229962639360       -10.782760999380628     
        0     4948  -0.118E-01   0.804E+01  -0.115E-01   0.124E+02  -0.704E-02   0.340E+02
  OPTIMIZATION STUFF
        4948  -4.0718594228762184        58.458749824049221     
   6.4713762573646862       -10.543235680240905     
        0     4947  -0.440E-02   0.790E+01   0.146E-01   0.124E+02   0.155E-02   0.334E+02
  OPTIMIZATION STUFF
        4947  -3.9642630470917100        56.053650996824786     
   6.3512415707708625       -10.315504617862572     
        0     4377   0.326E-02   0.807E+01  -0.799E-02   0.124E+02  -0.324E-01   0.341E+02
  OPTIMIZATION STUFF
        4377  -4.0163315221721172        55.873703222271587     
   6.3041878403390070       -10.320519362511124     
        0     4265   0.352E-02   0.809E+01  -0.123E-01   0.123E+02   0.345E-01   0.348E+02
  OPTIMIZATION STUFF
        4265  -4.0338133066571080        62.530143357192429     
   6.8013596849621525       -10.835172991619260     
        0     4219   0.108E-01   0.827E+01   0.126E-01   0.125E+02  -0.111E-01   0.355E+02
  OPTIMIZATION STUFF
        4219  -4.2954062938474520        65.325274280842109     
   6.8465143724100805       -11.141920666257533     
        0     4245  -0.763E-02   0.839E+01  -0.174E-01   0.125E+02  -0.418E-02   0.351E+02
  OPTIMIZATION STUFF
        4245  -4.2057484151629039        62.547878555661313     
   6.6977278851873363       -10.903476300350240     
        0     3678  -0.268E-02   0.827E+01  -0.105E-01   0.124E+02   0.268E-01   0.349E+02
  OPTIMIZATION STUFF
        3678  -4.2280349573721541        61.171847746253448     
   6.5799367888675420       -10.807971746239696     
        0     3479  -0.839E-02   0.817E+01  -0.142E-01   0.123E+02  -0.709E-02   0.356E+02
  OPTIMIZATION STUFF
        3479  -4.2700075934695505        67.861127798074037     
   7.0447258960009522       -11.314733489470502     
        0     3578   0.663E-02   0.816E+01   0.772E-02   0.124E+02  -0.920E-02   0.357E+02
  OPTIMIZATION STUFF
        3578  -4.3731035553966260        66.636698750501424     
   6.8929430611516596       -11.266046616548286     
        0     3721  -0.714E-02   0.822E+01  -0.108E-01   0.123E+02  -0.145E-01   0.353E+02
  OPTIMIZATION STUFF
        3721  -4.1275296035377798        63.256298057741908     
   6.7985143545969784       -10.926043958134759     
        0     3509  -0.233E-01   0.815E+01  -0.106E-01   0.120E+02  -0.147E-02   0.344E+02
  OPTIMIZATION STUFF
        3509  -4.2458711494784236        63.314609413581685     
   6.7295755880745149       -10.975446737552939     
        0     4268   0.234E-01   0.829E+01   0.144E-02   0.124E+02  -0.344E-01   0.354E+02
  OPTIMIZATION STUFF
        4268  -4.2339018760024532        65.264099457311360     
   6.8802742940739119       -11.114176170076366     
        0     4269  -0.241E-01   0.803E+01  -0.653E-02   0.122E+02   0.982E-02   0.341E+02
  OPTIMIZATION STUFF
        4269  -4.1121369271973585        60.967836001007747     
   6.6376325518205368       -10.749769479017896     
        0     4313   0.463E-02   0.815E+01   0.142E-02   0.120E+02   0.112E-01   0.345E+02
  OPTIMIZATION STUFF
        4313  -4.1760390703379588        60.460630268265483     
   6.5590645637374516       -10.735103634075411     
        0     4846   0.347E-01   0.828E+01  -0.809E-03   0.122E+02  -0.498E-01   0.353E+02
  OPTIMIZATION STUFF
        4846  -4.3387783870195964        66.351559150870031     
   6.8939510630118095       -11.232729450031407     
        0     4841  -0.110E-01   0.806E+01   0.277E-02   0.121E+02   0.704E-02   0.339E+02
  OPTIMIZATION STUFF
        4841  -4.1088486989300490        57.866360717451137     
   6.4018530978734569       -10.510701796803506     
        0     4536  -0.120E-01   0.800E+01  -0.743E-02   0.119E+02   0.147E-01   0.348E+02
  OPTIMIZATION STUFF
        4536  -4.1572269634338550        63.264455581826425     
   6.7809969441318110       -10.938223907565666     
        0     4274  -0.324E-02   0.805E+01   0.345E-02   0.120E+02  -0.384E-01   0.348E+02
  OPTIMIZATION STUFF
        4274  -4.1106732429529833        62.308129408020008     
   6.7387309560250594       -10.849404198978043     
        0     4256   0.715E-02   0.845E+01  -0.278E-02   0.125E+02  -0.231E-01   0.360E+02
  OPTIMIZATION STUFF
        4256  -4.2936983681050567        67.615206606927543     
   7.0127997925692638       -11.306498160674320     
        0     4261  -0.153E-01   0.799E+01   0.623E-03   0.118E+02   0.271E-01   0.341E+02
  OPTIMIZATION STUFF
        4261  -4.2439609283015258        61.977906053689175     
   6.6307391513118068       -10.874700079613334     
        0     4265   0.845E-02   0.795E+01   0.826E-02   0.122E+02  -0.843E-02   0.351E+02
  OPTIMIZATION STUFF
        4265  -4.2375265207852273        65.405342009344750     
   6.8883024755731075       -11.125828996358335     
        0     4265   0.156E-01   0.785E+01  -0.738E-02   0.119E+02  -0.163E-01   0.336E+02
  OPTIMIZATION STUFF
        4265  -4.0913526812375327        60.019800164116589     
   6.5788018211409165       -10.670154502378448     
