Q S(Q) err_S(Q) 
0.46824702735654544 0.1975142712239419 0.00547561655743622
0.4982822278633143 0.21279423074604176 0.006162368361296448
0.5283159105160029 0.18921393246934384 0.005525215544233803
0.558347983826805 0.211326627696022 0.00503361913495045
0.5883783563128171 0.21505456095015765 0.005232681275473146
0.6184069364963166 0.23964567550157712 0.004636320601301769
0.6484336329050404 0.22971936623164102 0.005060400956507842
0.6784583540724642 0.23279576087917206 0.005849765801272717
0.7084810085380802 0.2531848695388613 0.004887260411774256
0.7385015048476758 0.28368711783124617 0.004902517492241997
0.7685197515536137 0.24020771919099604 0.006432867465380378
0.7985356572151081 0.29807253930070665 0.005564271369332523
0.8285491303985049 0.30297059036426766 0.005171983667681424
0.8585600796775593 0.33729172096306825 0.005518174513864031
0.8885684136337156 0.3292068766809122 0.005339143604178796
0.9185740408563848 0.3604776091774728 0.006267270469291757
0.948576869943222 0.3678624165514325 0.005122786556059707
0.978576809500407 0.4165926720408092 0.005050391737918193
1.0085737681429205 0.40354565267488257 0.005425565634997517
1.038567654494825 0.45074421485897975 0.005093792702406396
1.0685583771895408 0.47234608951672985 0.0050919132398100754
1.0985458448701255 0.5260221054133577 0.005303588030353175
1.1285299661895516 0.5307995066236322 0.005400160262231109
1.1585106498109856 0.5993853464137625 0.004795079579528708
1.1884878044080667 0.6392050152028192 0.005588806702722792
1.2184613386651821 0.7306261985551886 0.004949161186168222
1.2484311612777486 0.7503984401377138 0.0047175430417227375
1.278397180952489 0.831045191705633 0.005497304412051465
1.308359306407711 0.911627383836938 0.005186165149622839
1.3383174463735845 1.033568889211263 0.00590125981688772
1.3682715095924187 1.0241698848582232 0.007841840036850716
1.3982214048189423 1.1697517638926849 0.006433445778761517
1.4281670408205815 1.2454682838153328 0.005772983082197277
1.4581083263777348 1.332259662619726 0.005988392111324891
1.4880451702840547 1.3276882448767384 0.006461702968599502
1.5179774813467213 1.3831010087227311 0.007388437646562073
1.5479051683867255 1.3803287838433211 0.0069257001260835515
1.5778281402391416 1.3993696124805952 0.0062669832129725635
1.607746305753409 1.33566950620503 0.006776309062696321
1.6376595737936057 1.3241319737256332 0.006258789241648692
1.667567853238731 1.2709577086666353 0.005428466061710086
1.6974710529829773 1.2434640653471032 0.00554625826146478
1.727369081936013 1.1511361446534158 0.006569063037854626
1.7572618490232566 1.1262520363423325 0.0053647567930293506
1.7871492631861565 1.0793007791739206 0.005534821308537341
1.8170312333824645 1.0583123452778094 0.006205151111882923
1.8469076685865176 0.9716764568808983 0.006002405091344966
1.876778477789513 0.9341599749177024 0.006407646457744933
1.906643569999786 0.8982016092157994 0.005162662620855837
1.9365028542430853 0.8954628466693463 0.005423350473653348
1.9663562395628538 0.7871509074251625 0.007222361375133505
1.996203635020502 0.8137875867497583 0.006409583858975932
2.0260449496956867 0.7905487776046126 0.005643874115990222
2.0558800926865892 0.8064509603971562 0.00638256580261186
2.0857089731101883 0.7435667872928686 0.005878494957809068
2.1155315001025423 0.7677834807587217 0.004945362377084473
2.145347582819062 0.7417613869540381 0.004927338021513351
2.1751571304347888 0.7736020569444698 0.007167294253228487
2.20496005214467 0.7079078581089527 0.005680669254032654
2.234756257163838 0.7416164397045196 0.00488137529945253
2.2645456547278857 0.7305969879840869 0.005022965679305326
2.29432815409314 0.7547086126533858 0.0047820870417495465
2.3241036645369446 0.7077080551026925 0.005233854015226439
2.353872095357931 0.7374235186382699 0.005119986474136276
2.3836333558762943 0.732646279567843 0.005020188289737238
2.4133873554340757 0.7727035466151893 0.005497247468922656
2.443134003395431 0.7269863037658342 0.0056396553688441405
2.4728732091469134 0.7478802198600163 0.005844338112126789
2.502604882097743 0.7731287384866854 0.005429593439912856
2.5323289316800883 0.79723299320892 0.006088067314504905
2.562045267349341 0.7373993279755232 0.006419712267674689
2.5917537985843864 0.7973397263581651 0.006730147736193786
2.621454434887888 0.8051931207090663 0.006511906238192932
2.6511470857865556 0.8377361494487973 0.006118773435719435
2.6808316608314255 0.7962527297401766 0.004741268043904515
2.710508069598135 0.8204862546775088 0.005958142360150226
2.740176221687195 0.8124037725155222 0.006151276379693526
2.7698360267242714 0.8379397141631715 0.007237573214955934
2.799487394360452 0.7851329612820639 0.0058665690624817675
2.8291302342725286 0.8191165385190046 0.0058570285272398215
2.8587644561632715 0.7978227463357449 0.005729534952370329
2.8883899697617004 0.8166582406100196 0.005393083010738902
2.918006684823364 0.7643802861720702 0.0054685032118332606
2.9476145111306113 0.7876730032374981 0.004339292451091002
2.9772133584928686 0.7769138574466119 0.005523298921228518
3.0068031367469135 0.8031670047501057 0.005270075595179962
3.036383755757151 0.7490064470636378 0.0053143991879121225
3.0659551254158846 0.7622619530112112 0.00571969233432625
3.0955171556435945 0.760336934213919 0.0061027758125359105
3.1250697563892094 0.7670730383498847 0.005748554521712637
3.1546128376303817 0.6945402309652762 0.005472542449753484
3.1841463093737628 0.7606581896293824 0.005430840611919796
3.2136700816552772 0.7460515175162217 0.00562668608650785
3.243184064540393 0.7764437906804731 0.005835252785309555
3.2726881681244007 0.7321588177623317 0.005540381593562653
3.302182302532684 0.7665002831508175 0.006233714022875929
3.331666377920993 0.7541551143314098 0.005799054928823426
3.361140304475723 0.7848647076827411 0.005664851838771198
3.39060399241418 0.7498556943274549 0.005661340399456926
3.420057351984862 0.7817667517338425 0.005190458501725094
3.449500293467728 0.7873412264918852 0.00580519165092791
3.478932727174473 0.8065706914995506 0.005584446697277283
3.508354563448798 0.7872006394564268 0.005841970118451279
3.5377657126666877 0.816198847516982 0.005025321522336885
3.56716608523668 0.8191884233658543 0.004856660230921449
3.596555591600143 0.8510694393281883 0.005985637642536973
3.6259341422315434 0.8288683450764153 0.005351932658404503
3.6553016476387197 0.8546886837726555 0.0058395657898559885
3.6846580183631588 0.8659418450674171 0.0047948377911233644
3.714003164980262 0.9088625318143183 0.00568590123387409
3.743336998099626 0.8597338259908396 0.005546009369400634
3.7726594283653068 0.9200847918105386 0.0065401835261433335
3.8019703664560986 0.9315313349602862 0.005322597558148794
3.8312697230857964 0.9769725936763688 0.0058500302011350565
3.8605574090034827 0.9387486526600368 0.006551164935107836
3.8898333349937855 0.9937622364223345 0.005456554147425522
3.9190974118771567 1.00916005977093 0.006271225780617891
3.9483495505101445 1.0647984845706933 0.005308654330748394
3.9775896617856588 1.0333961445004705 0.006092734066657035
4.0068176566332525 1.1036894532850439 0.005028443487739425
4.036033446019382 1.1190974416168502 0.005538914819316018
4.065236940947689 1.1769171779286531 0.005720732198781666
4.094428052459262 1.134161441363494 0.004965538000168847
4.123606691632911 1.2032078343025305 0.005042211845140667
4.152772769585443 1.2148909708096816 0.005121872286652708
4.181926197471927 1.256059929947252 0.005408365469336987
4.2110668864859635 1.2267722327593429 0.005432531723962553
4.240194747859962 1.2926981375017892 0.005467942995159736
4.269309692865403 1.3362757021099252 0.005635736594404379
4.298411632813117 1.3758041744847815 0.005532188981455116
4.327500479053548 1.3153912957355596 0.0067011597398694955
4.356576142977024 1.427708331722732 0.005746845978810239
4.3856385360140315 1.4427143751638416 0.00564101557870271
4.414687569635479 1.4832891859885902 0.005888049838695534
4.443723155352975 1.441880549332008 0.0055923322498528045
4.47274520471909 1.4917995674667826 0.005198304128003497
4.5017536293276255 1.5054975554529753 0.005477464556876724
4.530748340813893 1.5478018786660304 0.00678926888926276
4.55972925085497 1.4817481716921257 0.005626667494768036
4.588696271169979 1.5333643563748822 0.006942855811886875
4.617649313520356 1.5267749907091979 0.006995932997980514
4.646588289710106 1.564619828126972 0.005775179044660926
4.6755131115860955 1.490374382669952 0.006377842671646356
4.704423691038297 1.5357447189420033 0.006128947374230226
4.733319940000074 1.5319321982777037 0.0059426659419008175
4.762201770448439 1.5705508719401997 0.0064386401402932785
4.791069094404328 1.4955793145873748 0.007193267503128785
4.819921823932867 1.5050473795349146 0.005816946182331755
4.848759871143635 1.4965387491158502 0.007038935385008128
4.877583148190944 1.5239625545641247 0.005338699656637787
4.90639156727409 1.3898695840839674 0.008454852671419703
4.9351850406376325 1.457756979292983 0.005693355092537372
4.9639634805716595 1.4321333384512545 0.005033028494901589
4.99272679941205 1.4413207763857356 0.0057734986676458025
5.021474909540749 1.349796845765035 0.005937527053332732
5.050207723386025 1.344508486479963 0.005593339342311318
5.078925153422746 1.3047293021913258 0.004924649136505042
5.10762711217264 1.2808342302556988 0.005990819889354305
5.136313512204561 1.1823945747682794 0.005070374864271982
5.164984266134761 1.179116205542659 0.006671047805514007
5.1936392866271515 1.1481593601048472 0.005286026046943626
5.222278486393568 1.1408284194582154 0.005327659798859212
5.250901778194046 1.059785983178057 0.006451279046023242
5.279509074837072 1.0579483618659067 0.006268631343928953
5.308100289179857 1.0150169448212567 0.006906478945608518
5.336675334128608 1.007744310159562 0.006558478701206458
5.365234122638779 0.9272793147149883 0.005650156297682561
5.39377656771535 0.9240689089966992 0.005790010460861326
5.4223025824130815 0.9055823641204916 0.005432295731806149
5.450812079836788 0.9131710879361816 0.005569169217511508
5.479304973141593 0.8398656960705114 0.005584220810029397
5.507781175533201 0.8598001369396877 0.007089985680110087
5.536240600268168 0.8425219759714871 0.006771094422441484
5.564683160654143 0.8598611571255165 0.006699932507471841
5.59310877005016 0.7982246744558311 0.006487846538016176
5.62151734186688 0.8323072959422797 0.0061777368569736835
5.649908789566866 0.8072970341393785 0.006648542483713238
5.678283026664847 0.8355375909448666 0.005023147448643686
5.706639966727975 0.7728770650781671 0.0067789470159058205
5.734979523376093 0.7987763288171644 0.006162538151771632
5.763301610281995 0.7934015601947851 0.00538521524397973
5.791606141171694 0.8167035322978877 0.005618549129968035
5.819893029824679 0.7578687613753721 0.0054818473798402675
5.848162190074186 0.7964001279367252 0.005349223762711658
5.876413535807443 0.7842315757461594 0.00571413395907949
5.904646980965958 0.8174033240138101 0.0054868136483736014
5.932862439545757 0.7719672183900985 0.006381743384703178
5.961059825597659 0.7956632545828419 0.005298816021046623
5.989239053227541 0.7938375682460685 0.005162197469945212
6.017400036596584 0.8231511028957788 0.005443162401301073
6.045542689921551 0.7560516857753643 0.0059884072346353
6.073666927475035 0.821921613879887 0.004881287896496252
6.101772663585738 0.8105816331041883 0.005165135910363349
6.129859812638712 0.8345528246581724 0.0053597241490344495
6.157928289075625 0.7986269761182715 0.005277113872387867
6.1859780073950335 0.8293699188714689 0.005375144032422366
6.214008882152632 0.816333457032426 0.006124157096119695
6.242020827961512 0.8554302724028578 0.005353217839535378
6.270013759492432 0.7973061039455362 0.005150608561703262
6.2979875914740635 0.8344566641935897 0.005087985820929037
6.325942238693269 0.8164106284195801 0.004753512926235603
6.353877615995335 0.8568777245468335 0.006400041558080748
6.381793638284271 0.7983239779869982 0.006846365383352556
6.4096902205230215 0.8329534850353959 0.006520320537513505
6.437567277733763 0.8217293576979001 0.005857924499915132
6.465424724998144 0.8592738430159083 0.005611399487180522
6.493262477457548 0.8095911305238853 0.005467178594245836
6.521080450313354 0.832298765404134 0.006320553399235752
6.548878558827194 0.8326003786678148 0.006067438632467516
6.576656718321206 0.8602646516023255 0.0057845261236864785
6.604414844178301 0.792723313035145 0.006592194428821566
6.632152851842412 0.8661815227874324 0.005947373117823835
6.659870656818757 0.8665307096770515 0.005471730608617588
6.687568174674096 0.8963377766505567 0.005075271573064508
6.715245321036986 0.862426868980637 0.005846074504433074
6.7429020115980425 0.8957559192733419 0.005819781695878231
6.770538162110183 0.9050800222452867 0.006439615144584695
6.798153688388905 0.9415122639684342 0.005054634776757775
6.825748506312525 0.905398121234624 0.005349701162011339
6.853322531822442 0.9406484025531845 0.00631979950975735
6.880875680923394 0.9381848924825055 0.005856941538029963
6.908407869683706 0.9736019226090733 0.006311423997217148
6.935919014235562 0.9441741656580278 0.005642402301461324
6.963409030775239 0.9859527105729196 0.005451969573288877
6.990877835563382 0.9890013558783383 0.005980300869976358
7.018325344925249 1.0239046946916488 0.006142469555655117
7.045751475250964 1.0022334621672866 0.005722494205028963
7.0731561429957805 1.0173355149479875 0.005915772321276023
7.100539264680326 1.042998227438151 0.00606844213932968
7.127900756890861 1.065073282706026 0.00584896141437721
7.155240536279539 1.0087136084655175 0.007474933354111134
7.182558519564647 1.0970782660572713 0.005285784122374344
7.209854623530872 1.0930874721484658 0.005440141484182448
7.23712876502955 1.1301174135547176 0.0054506952961497265
7.2643808609789104 1.090238643134632 0.0050586711059051334
7.291610828364348 1.125660476624096 0.005518100595506604
7.318818584238658 1.1344366850960403 0.005316780857492371
7.346004045722296 1.1598161146814079 0.005322341115506857
7.373167130003634 1.1245288696491393 0.005312518801593817
7.400307754339203 1.1520692532917052 0.006115298184371646
7.427425836053962 1.1514578245471363 0.006028469708256983
7.4545212925415205 1.1777691584954981 0.0055431822568532034
7.481594041264427 1.1328653656101075 0.006531324237080558
7.5086439997543915 1.1644784532145493 0.007006735400097066
7.535671085612548 1.16879581811628 0.006585921559035777
7.562675216509708 1.186077196981562 0.00626528350260112
7.589656310186603 1.1440414564071755 0.006547672814041373
7.616614284454147 1.1584961854052322 0.005765289027844133
7.6435490571936695 1.1665519012298051 0.006571862375809293
7.670460546357185 1.17401264370155 0.007123106753614394
7.69734866996763 1.088141329671499 0.006918697057086688
7.724213346119116 1.1689588770303876 0.0050749213448048084
7.751054492977183 1.1599861967882636 0.005174866553703387
7.777872028779041 1.1757745381255609 0.006282677334483122
7.804665871833821 1.131255687045816 0.00592587492560326
7.831435940522838 1.1600877167822004 0.005507780392301479
7.858182153299815 1.1402057612912448 0.005732203717295833
7.884904428691152 1.1688581031039036 0.004963292356444346
7.911602685296161 1.1244506579217193 0.0053381973072515595
7.938276841787326 1.1503518010319371 0.005245321787182031
7.964926816910538 1.1441744918677916 0.006190187077098431
7.991552529485349 1.1684118975363165 0.00589469782952761
8.018153898405227 1.1198319879619276 0.005853874910071633
8.044730842637785 1.142663649202172 0.00529051974536215
8.071283281225039 1.1377759360544382 0.00584871753995433
8.097811133283662 1.1677086600547646 0.006782523770447408
8.124314318005212 1.1090355471112323 0.005991094569850844
8.150792754656393 1.1315632248766223 0.006290616790335238
8.177246362579297 1.1301368016617264 0.007267226834988773
8.203675061191644 1.1525229057555946 0.0067238372743946015
8.230078769987035 1.0940449151475764 0.0075635627125332314
8.256457408535194 1.1427811015690033 0.005514387426336445
8.282810896482216 1.1337261193187576 0.005625282000091086
8.309139153550804 1.1553055158613683 0.006107051724287834
8.33544209954052 1.1093055456970766 0.005580296254790067
8.361719654328029 1.133842623575378 0.0063843191627750255
8.387971737867346 1.125561392614955 0.005206319413021207
8.414198270190067 1.1583146743513548 0.005088895033721432
8.440399171405627 1.1004130230010774 0.0061428039723226005
8.466574361701538 1.1288980038832557 0.005816023925304902
8.492723761343633 1.120901755380997 0.006421853915374673
8.518847290676302 1.13920409785601 0.006367359908566449
8.544944870122745 1.0947537100390954 0.005962078345849308
8.571016420185213 1.1214329632899522 0.007195995061509921
8.597061861445239 1.1066655419064266 0.005874262876142196
8.623081114563892 1.1369366705229806 0.005570929755831475
8.649074100282016 1.0852030908936865 0.006774437676939647
8.675040739420469 1.0929777570716432 0.005973016221289249
8.700980952880363 1.0959468108832544 0.006275827902689573
8.72689466164331 1.1001563751243577 0.006667367597679893
8.752781786771662 1.0418488120035305 0.005898375499890586
8.77864224940874 1.0731559285489864 0.004993170138764668
8.804475970779098 1.0746782241515582 0.005168694929064077
8.830282872188732 1.087345767132843 0.00523526872361454
8.856062875025353 1.042603614580346 0.005273116401988879
8.881815900758594 1.0650108647865533 0.006040550957631455
8.907541870940278 1.0516444856538503 0.005194293018769538
8.933240707204636 1.0737614570938179 0.005658246780951325
8.958912331268557 1.0203859602613667 0.005202839832206283
8.984556664931821 1.0381800543606827 0.0055524379674654475
9.010173630077338 1.026111753196623 0.005696874947642853
9.035763148671393 1.0514184555074089 0.005717720001603575
9.061325142763875 0.9863973009822538 0.005972844130975819
9.086859534488513 1.013245763493128 0.006260481725074303
9.112366246063127 0.9965777580551908 0.005947305299389418
9.137845199789844 1.0122640465946364 0.005475955862995362
9.163296318055357 0.966536734973123 0.006081157968152486
9.188719523331145 0.9757540913454914 0.005205686210686527
9.214114738173711 0.9750091338613375 0.007101886362968138
9.239481885224837 0.989313304922029 0.00539230109136835
9.26482088721178 0.9256065313828842 0.005521428170189966
9.290131666947556 0.9726889075942189 0.005487853272310637
9.315414147331138 0.9514277794478162 0.005949007045713176
9.340668251347706 0.9745069200113009 0.0053422589085946135
9.365893902068876 0.9243880624663445 0.005450111590083403
9.391091022652944 0.9515773807252813 0.005046993289490279
9.41625953634511 0.9349308826170907 0.0054412422324432805
9.44139936647772 0.9614438702899513 0.0052214037066788555
9.466510436470488 0.9051092295692892 0.006663197972799592
9.491592669830741 0.9294286467705097 0.005639082545639233
9.516645990153643 0.9190653855014197 0.006106196477323915
9.541670321122442 0.932753768295173 0.005396320434488074
9.566665586508682 0.8891516681412691 0.006285478190576393
9.59163171017245 0.914701669171374 0.005334122313091567
9.616568616062604 0.9025213835165409 0.005844916221117091
9.641476228217 0.934348836160612 0.005509237131654434
9.666354470762741 0.8868679086604981 0.004827976841006286
9.691203267916379 0.9021124338575449 0.006105976055110892
9.716022543984169 0.8960844604592577 0.005995633738733759
9.74081222336229 0.926971575366068 0.005296131333653523
9.765572230537089 0.8816402924144447 0.005776936538112514
9.790302490085278 0.9110053971850092 0.0050170413211333914
9.815002926674204 0.9002516411720498 0.006533523393525241
9.839673465062052 0.9252357127626512 0.005649575486664189
9.864314030098086 0.8773569679957888 0.005495102809719253
9.888924546722865 0.9101272516316287 0.005093315873201294
9.913504939968497 0.9098713684832677 0.0051433326018217145
9.938055134958834 0.9289817531774309 0.005299434066779102
9.96257505690973 0.8904522033538491 0.004865630896098522
9.987064631129243 0.9126919878521442 0.006198737647344068
10.011523783017884 0.8992374430254448 0.005923692065825116
10.035952438068845 0.9279865744482398 0.006113326948229156
10.060350521868195 0.8905352876844636 0.006369451337270109
10.084717960095142 0.9244730039863723 0.006044527502374004
10.109054678522245 0.9125389422973451 0.00583148663204728
10.133360603015639 0.9380598391279737 0.005608234336838008
10.157635659535261 0.9077875203308882 0.006123236613142984
10.181879774135082 0.9094085748222509 0.006323134159716924
10.20609287296332 0.921321507851785 0.006774585506823992
10.230274882262682 0.9389553323048588 0.005999248576945179
10.25442572837057 0.8896852316074512 0.0058923698797741664
10.278545337719319 0.9372215196204109 0.004964671129831984
10.30263363683642 0.9298965893883843 0.006397536851059189
10.32669055234473 0.9460358061545763 0.005767233952140528
10.350716010962715 0.9232174256433926 0.005544910480359953
10.374709939504665 0.9437431552120041 0.004969212728228387
10.398672264880904 0.9391824795342749 0.005440383247413245
10.422602914098041 0.9708959780460236 0.005256078110917592
10.446501814259168 0.9310353791111224 0.005289997233089751
10.470368892564085 0.9447240853100474 0.006477041404485851
10.494204076309542 0.9455971000063342 0.005849298631875822
10.518007292889422 0.9713673306446844 0.005924268191458228
10.54177846979501 0.9283126360732868 0.005339421189134151
10.565517534615175 0.959192705213044 0.005274769902579021
10.58922441503661 0.9607679056408522 0.006230940095549508
10.612899038844043 0.9857060519203431 0.005330358255404087
10.636541333920464 0.9466929713403458 0.005767491000159445
10.660151228247347 0.9610725377321305 0.005372197455499199
10.683728649904856 0.9666276648300849 0.005298981011369624
10.707273527072076 1.0008169992131803 0.00607699518291984
10.730785788027227 0.950546205340534 0.005936207887871876
10.754265361147887 0.9848371806598344 0.005796622656777138
10.7777121749112 0.9868260485271146 0.005559330082816484
10.801126157894108 1.0181399203166328 0.005678628867691
10.82450723877356 0.9759623536515463 0.005213196986750624
10.847855346326728 1.0120393318322707 0.005247800260982679
10.871170409431222 1.0035333238706687 0.00509652304262099
10.894452357065324 1.0374059733342191 0.006034228848971212
10.91770111830818 0.984657743570444 0.0044354780032357
10.94091662234003 1.0261759709750162 0.0056049986854884324
10.964098798442425 1.0270566250466764 0.006010461023734475
10.987247575998436 1.0421939559375653 0.005463582366396125
11.01036288449287 1.0048558903559184 0.006160868497916339
11.033444653512493 1.0406076267734816 0.006334088543566548
11.056492812746226 1.033356719991846 0.005711409909646152
11.079507291985388 1.065426353450397 0.006656668415175585
11.102488021123875 1.0286055396062672 0.006313880011695274
11.12543493015841 1.0415980863626368 0.005536008435822496
11.148347949188722 1.0502346518371282 0.00604129524332961
11.171227008417782 1.0858496977856225 0.007189455848591324
11.194072038152008 1.0128667412458663 0.005974476019041154
11.216882968801478 1.0756449275942932 0.005221293122159404
11.239659730880145 1.0658281858986836 0.005172383808334966
11.262402255006034 1.1028511732502928 0.005381686182300006
11.28511047190148 1.0503303642428632 0.00511124508941216
11.307784312393313 1.0831213470953027 0.005736397577960621
11.330423707413079 1.0757230648946488 0.005288380724896553
11.35302858799726 1.1126053422510267 0.004767336479464755
11.375598885287467 1.0689121772724182 0.00629891536064127
11.398134530530662 1.0991197940988362 0.006320963299213253
11.420635455079358 1.0930127014548086 0.005352978445937724
11.44310159039184 1.1162736019813404 0.006251274237618936
11.465532868032364 1.0725832329431202 0.006588330456823212
11.487929219671363 1.1024666924269828 0.005764276153197961
11.510290577085671 1.092821502464039 0.006804267684566285
11.532616872158716 1.1302592269710368 0.00567472489795441
11.554908036880724 1.0788411963210405 0.005609330324431119
11.57716400334895 1.1074431114925973 0.005153700039407039
11.599384703767855 1.1050374191020622 0.005762776158305843
11.621570070449335 1.120028787287933 0.006419930425685799
11.643720035812915 1.0785343400170087 0.005757553961353491
11.665834532385952 1.1162301586206478 0.0057973294784621635
11.687913492803869 1.1098904931957934 0.004817405746995178
11.709956849810311 1.1262785221147262 0.0053932557416874125
11.731964536257397 1.086765055316562 0.0069575036822965295
11.75393648510589 1.1133540447340151 0.005494292787119886
11.775872629425429 1.1074829621448221 0.005132801385499856
11.79777290239471 1.1264896735006646 0.00566788925882892
11.819637237301713 1.0894981486892186 0.005245584575642186
11.84146556754387 1.0994340258931186 0.005827585529849605
11.863257826628308 1.105497184108733 0.0052462528681195145
11.885013948172023 1.1288181404582145 0.005953139007931587
11.906733865902106 1.0738158780533982 0.006723068995937834
11.928417513655907 1.1062947683499376 0.005356931059900599
11.95006482538128 1.0862345168994711 0.006142668425458273
11.971675735136762 1.1205688423713505 0.005978762750415705
11.99325017709177 1.0578973007634054 0.005674326052905568
12.014788085526813 1.0841055253203655 0.0050261905347996245
12.03628939483369 1.0769964165838435 0.00528133621333263
12.057754039515679 1.1085766232092273 0.005548024496310665
12.079181954187758 1.0318806485310985 0.00600174030640994
12.100573073576772 1.0849052394879624 0.00559991914349858
12.121927332521665 1.071963678443622 0.005338856867117607
12.143244665973667 1.097424271245605 0.005094625835568431
12.164525008996476 1.0395533580192307 0.005210839194011181
12.185768296766485 1.0753300482933708 0.006008519475239197
12.206974464572944 1.0499801569144558 0.005620507196635429
12.228143447818196 1.0889034854213702 0.005097171620784168
12.249275182017847 1.0244079035029803 0.005050143413246577
12.270369602800967 1.0523859997549674 0.006216103431349342
12.291426645910295 1.0395639669743406 0.005957065785393031
12.31244624720242 1.056238921481624 0.00646769645929064
12.333428342647995 1.0073401335133307 0.005645627898173958
12.35437286833192 1.034764822669121 0.006187870594914393
12.375279760453536 1.0198479708857395 0.005495849962453662
12.396148955326824 1.0436378142802547 0.005555563009956366
12.416980389380594 1.0090507723341595 0.006092443174426871
12.437773999158692 1.0115081724996433 0.006059522556738991
12.458529721320168 1.0097790482653448 0.005348464041348658
12.479247492639503 1.0270957688841924 0.005251917412698869
12.499927250006763 0.9841064781515988 0.005413915280322807
12.520568930427823 1.0120153430693402 0.006085301208242495
12.541172471024549 0.9973267601529262 0.005444300593338099
12.561737809034982 1.0251955382772886 0.005724748897268978
12.582264881813531 0.9743030691856811 0.005585423216553411
12.602753626831179 0.9982715904294867 0.005747747669380228
12.623203981675651 0.9809557534905343 0.005287596140750778
12.643615884051618 1.0172785720261268 0.0053325269406207625
12.663989271780892 0.9692362173318866 0.00531357141345046
12.684324082802593 0.9800597657332697 0.0052203285849542
12.704620255173369 0.9706738792039927 0.005313302688363481
12.72487772706755 0.9866457108468387 0.005846493017807032
12.745096436777366 0.946769625196454 0.007065938092871255
12.765276322713124 0.9697002654740676 0.005794612941623205
12.785417323403392 0.9660775575408217 0.005776258713158526
12.805519377495184 0.981046693702507 0.005851500944863056
12.825582423754163 0.9494359923563928 0.00525642001101271
12.845606401064808 0.9574097138968145 0.005874616038817625
12.86559124843061 0.9515225937731048 0.005457435777099896
12.885536904974257 0.9749850420549915 0.005811010436861
12.905443309937823 0.9413396871921391 0.0054055840457002905
12.925310402682946 0.9623035252692106 0.005189462101675307
12.945138122691018 0.9438036390748877 0.004744725135115173
12.96492640956336 0.9635672713662388 0.005637905904113557
12.984675203021425 0.930454308314932 0.005728360116382996
13.004384442906957 0.9500697883194519 0.00506048609439275
13.024054069182194 0.9320308018730054 0.005246462069269809
13.043684021930046 0.9517864953770181 0.005859620632354422
13.063274241354272 0.9261402968405333 0.00563413386380666
13.082824667779665 0.9445429157588692 0.006194508741390123
13.10233524165224 0.9401177738875868 0.005454321322036527
13.121805903539398 0.9474099161293552 0.00580297406295343
13.141236594130127 0.9177867147166158 0.005399666658427769
13.160627254235182 0.9315377079468247 0.00469679082264214
13.17997782478724 0.933550942026881 0.005013209937744556
13.199288246841117 0.9451776802024059 0.0049418785054686585
13.21855846157391 0.9154669193115554 0.005550328043613253
13.237788410285201 0.9152574438576989 0.005166734257268249
13.256978034397244 0.9287895071168039 0.005327343397446185
13.276127275455103 0.9492191706420299 0.005470248964667028
13.295236075126875 0.8940137323871898 0.0062149900512420125
13.31430437520384 0.9409585849815271 0.005538425314846518
13.333332117600651 0.9267032330429129 0.005477502744373926
13.352319244355504 0.949818573985678 0.005653683621473449
13.37126569763032 0.9037429343625237 0.004883180934296269
13.390171419710914 0.93328191526819 0.0049424072647293316
13.409036353007176 0.92598060693407 0.0060239910806783635
13.427860440053252 0.9649550234168743 0.005067550346805027
13.446643623507702 0.9025987326240699 0.004798725847933576
13.4653858461537 0.9359607840227001 0.005307184604362395
13.484087050899184 0.9289135991254706 0.006534230106874785
13.502747180777032 0.951623296454182 0.0063402451656179555
13.521366178945263 0.904604981158734 0.006165297648933132
13.539943988687176 0.9339689093503206 0.006084763680968692
13.558480553411538 0.9247645770025922 0.006162785434784195
13.576975816652762 0.9477877415857505 0.00529290461945897
13.595429722071064 0.9134667460877998 0.005342875258702497
13.613842213452653 0.9198729951522003 0.005852968207020085
13.632213234709884 0.9335352450216546 0.005653370708789255
13.65054272988144 0.9600458585898027 0.005926446473015011
13.668830643132504 0.9024614151135882 0.0055335875002589605
13.687076918754912 0.9511421718229471 0.005583927087913542
13.705281501167354 0.9359341902733902 0.0052120568937032525
13.723444334915508 0.9590610810950935 0.0050836156373649044
13.741565364672237 0.9157684840284623 0.004705801826824469
13.759644535237738 0.9468465645020239 0.005510264798232078
13.777681791539726 0.9399270055827983 0.005370344148585945
13.795677078633585 0.9693163152856897 0.004866100632246093
13.813630341702556 0.9290551516775334 0.006450986587758535
13.831541526057881 0.945797472830218 0.005057354212094006
13.849410577138988 0.939560540724071 0.004461501645264548
13.867237440513648 0.9695286082642295 0.005742437736740577
13.885022061878145 0.9114639338341638 0.005904632538649132
13.902764387057436 0.953346897556614 0.004657744663727192
13.920464362005323 0.9431259457429554 0.0062700630131976715
13.938121932804615 0.9718871445691969 0.005727889565061338
13.955737045667282 0.9301429424003353 0.006229759949248238
13.973309646934643 0.9485611345389029 0.005934889921619801
13.990839683077503 0.9461618602046611 0.004886556205409374
14.00832710069633 0.9792997827428856 0.005982915839770557
14.025771846521424 0.9042332639298438 0.006750238699713003
14.043173867413056 0.9556762841742895 0.00554848662186821
14.060533110361657 0.961688627052575 0.004893770909390865
14.077849522487965 0.9903952750832622 0.005267764761219386
14.095123051043176 0.94487642075884 0.004666340852955756
14.11235364340914 0.9719670725982066 0.004999609786627134
14.12954124709847 0.9574961874110572 0.004954566831294541
14.146685809754752 0.9957981026314492 0.005707878645639183
14.163787279152679 0.9422505403307492 0.005656969402172691
14.1808456031982 0.9773531843862954 0.0055098766554360825
14.197860729928706 0.9711519552194429 0.005417382267591686
14.214832607513173 1.0002406365120664 0.0058150970514431275
14.231761184252314 0.9458975374470863 0.005668499673511906
14.24864640857875 0.9778088337193684 0.006330083141862871
14.265488229057162 0.9713154838212764 0.006466857536459802
14.28228659438444 0.9999538036975887 0.005732013797840177
14.299041453389849 0.9569672760724971 0.006526882758921351
14.31575275503519 0.9647844276351409 0.005473958083399124
14.332420448414934 0.9719125940514142 0.006004922306354046
14.349044482756398 0.9923122354237107 0.0051136472081324165
14.365624807419888 0.9115874337010441 0.007525672325341619
14.38216137189886 0.9942219154466055 0.005344335106201429
14.398654125820078 0.9903960195198441 0.005316876959608324
14.415103018943746 1.01635562487716 0.005128882705141739
14.431508001163687 0.9597561159227596 0.005363321806559281
14.447869022507476 0.9950699268059991 0.0052007612830507555
14.464186033136604 0.9857999841407182 0.00511787811911363
14.480458983346633 1.0249598905835995 0.005661334267918
14.49668782356733 0.964415509822975 0.004328790304177093
14.512872504362832 1.0041811653095478 0.005927282932947282
14.529012976431796 0.9875271810832396 0.005566736741937309
14.54510919060755 1.021003655115369 0.005892279628530648
14.561161097858227 0.9663262071020744 0.006193801200458447
14.577168649286936 0.9982230801223545 0.005771893801425595
14.5931317961319 0.9952036038055047 0.006004115227565936
14.609050489766608 1.0234885545954795 0.006112824100082735
14.62492468169995 0.9699120238488473 0.006523084769420789
14.64075432357639 0.9930986297242327 0.005660405983808294
14.656539367176096 0.9922923834976548 0.005626355584257138
14.672279764415086 1.0205914322231842 0.006301040820717267
14.687975467345376 0.9533612220516868 0.0056789683879279
14.703626428155138 1.0208976529383127 0.005214421575727966
14.71923259916883 0.998052007594204 0.005213561386408269
14.734793932847346 1.0299602533742662 0.0061815596170351735
14.750310381788168 0.9785903632990234 0.005669556267626392
14.765781898725502 1.0159764930571429 0.005080650651772045
14.78120843653042 0.9989315197308609 0.00555480044217122
14.796589948211016 1.0300274443511181 0.004944532659422319
14.811926386912539 0.991737572258618 0.005118292772194069
14.82721770591753 1.0057090274440992 0.00632685191760832
14.842463858645988 1.0023292243181443 0.006581100745152897
14.857664798655485 1.0320808327774447 0.006713697920614827
14.872820479641318 0.9772173688289979 0.005998287148441136
14.887930855436663 1.000754782967829 0.005602959475745926
14.90299588001268 0.997171556171326 0.006794912034403701
14.918015507478708 1.0284902130258464 0.006072516000067215
14.932989692082344 0.9749081846783013 0.005326610951614006
14.947918388209633 1.0011883064242617 0.005972951686971454
14.962801550385175 0.9884402295505195 0.006200180206124138
14.977639133272271 1.0254954369061802 0.005325516772515143
14.992431091673081 0.9701950263907876 0.006500310785699796
15.00717738052873 1.0160795625170438 0.004922713082665576
15.02187795491946 1.0007162977564052 0.005404376361902584
15.036532770064781 1.0306234309115343 0.005071263495297857
15.051141781323578 0.9819853605940727 0.004816931603291635
15.065704944194271 1.003197787538491 0.0047222129448946035
15.080222214314938 0.9914272086439019 0.004428791887227749
15.094693547463462 1.0312175999386388 0.005174846764103362
15.109118899557647 0.974007634269333 0.006174002413807342
15.123498226655371 0.9921790425455882 0.005751239472326065
15.137831484954711 0.9880518973603348 0.006207350729616725
15.152118630794073 1.0138135987532337 0.005471340133668806
15.16635962065234 0.9636305548238453 0.006375091329077127
15.180554411148979 0.9939280876310376 0.005680798282739781
15.194702959044202 0.9737203145508369 0.006226908347401098
15.208805221239073 1.0080208642638613 0.005381074861145874
15.22286115477566 0.9631429881053738 0.005617928415939451
15.236870716837153 0.9830039590893591 0.006150787996170807
15.250833864747994 0.9829620541891901 0.006155373316508908
15.264750555974013 1.0079198825937299 0.005450916693161901
15.278620748122554 0.9823294753829088 0.0066389265909249946
