   4000000.0000000065     
   4000000.0000000065     
   4000000.0000000065     
   4000000.0000000065     
   4000000.0000000065     
   4000000.0000000065     
   4000000.0000000065     
   4000000.0000000065     
   4000000.0000000065     
   4000000.0000000065     
   4000000.0000000065     
   4000000.0000000065     
   4000000.0000000065     
   4000000.0000000065     
   4000000.0000000065     
   4000000.0000000065     
   4000000.0000000065     
   4000000.0000000065     
   4000000.0000000065     
   4000000.0000000065     
   4000000.0000000065     
   4000000.0000000065     
   4000000.0000000065     
   1000000.0000000016     
   1000000.0000000016     
   1000000.0000000016     
   1000000.0000000016     
   1000000.0000000016     
   1000000.0000000016     
   1000000.0000000016     
   1000000.0000000016     
   1000000.0000000016     
   1000000.0000000016     
   1000000.0000000016     
   1000000.0000000016     
   1000000.0000000016     
   1000000.0000000016     
   1000000.0000000016     
   1000000.0000000016     
   1000000.0000000016     
   1000000.0000000016     
   1000000.0000000016     
   1000000.0000000016     
   1000000.0000000016     
   1000000.0000000016     
   1000000.0000000016     
   1000000.0000000016     
   1000000.0000000016     
   1000000.0000000016     
   1000000.0000000016     
