tried moves    experiment_1   _      experiment_2    _ coord. constraints_1 _ coord. constraints_2 _                                                                                                                                                                                                                                                                                                                                                                                                                            
        0    41813   0.997E+01   0.285E+04   0.742E+01   0.216E+04   0.000E+00   0.000E+00   0.000E+00   0.000E+00
  OPTIMIZATION STUFF
       41813  -5364003.7616183693        349059041311439.25     
   17896550.085331623       -23260553.846949991     
        0    35377   0.380E+01   0.342E+04   0.753E+01   0.374E+04   0.000E+00   0.000E+00   0.000E+00   0.000E+00
  OPTIMIZATION STUFF
       35377  -12652104.258082494        831436610341943.62     
   25910632.338570096       -38562736.596652590     
        0    36339   0.133E+02   0.662E+04   0.143E+02   0.641E+04   0.000E+00   0.000E+00   0.000E+00   0.000E+00
  OPTIMIZATION STUFF
       36339  -14095998.741324797        788497663981527.75     
   24285808.272859637       -38381807.014184430     
        0    34428   0.796E+01   0.963E+04   0.101E+02   0.942E+04   0.000E+00   0.000E+00   0.000E+00   0.000E+00
  OPTIMIZATION STUFF
       34428  -14383658.592601661        661552846911066.50     
   21322833.123263497       -35706491.715865158     
        0    33933  -0.151E+02   0.100E+05  -0.156E+02   0.102E+05   0.000E+00   0.000E+00   0.000E+00   0.000E+00
  OPTIMIZATION STUFF
       33933  -14502064.490526754        598457787482763.88     
   19701469.818147246       -34203534.308674000     
        0    31146   0.429E+02   0.240E+05   0.515E+02   0.244E+05   0.000E+00   0.000E+00   0.000E+00   0.000E+00
  OPTIMIZATION STUFF
       31146  -15014578.427910088        616622470561373.50     
   19778394.909433641       -34792973.337343730     
        0    36203  -0.395E+02   0.196E+05  -0.433E+02   0.243E+05   0.000E+00   0.000E+00   0.000E+00   0.000E+00
  OPTIMIZATION STUFF
       36203  -14304522.059614843        560807465824205.56     
   18872946.629241493       -33177468.688856333     
        0    37229   0.627E-01   0.779E+04  -0.339E+01   0.902E+04   0.000E+00   0.000E+00   0.000E+00   0.000E+00
  OPTIMIZATION STUFF
       37229  -14044338.383150378        527540369376167.88     
   18174072.982018556       -32218411.365168937     
        0    39547  -0.142E+02   0.383E+04  -0.162E+02   0.503E+04   0.000E+00   0.000E+00   0.000E+00   0.000E+00
  OPTIMIZATION STUFF
       39547  -13543154.619710032        489585447166334.50     
   17497668.705086440       -31040823.324796472     
        0    26878  -0.653E+00   0.903E+03  -0.162E+01   0.784E+03   0.000E+00   0.000E+00   0.000E+00   0.000E+00
  OPTIMIZATION STUFF
       26878  -13704533.426922264        494716800061142.12     
   17518634.753071155       -31223168.179993421     
        0    26631   0.416E+01   0.145E+04   0.697E+01   0.189E+04   0.000E+00   0.000E+00   0.000E+00   0.000E+00
  OPTIMIZATION STUFF
       26631  -13753298.608003104        488833113223035.19     
   17311264.847553313       -31064563.455556415     
        0    30166  -0.549E+01   0.103E+04  -0.752E+01   0.145E+04   0.000E+00   0.000E+00   0.000E+00   0.000E+00
  OPTIMIZATION STUFF
       30166  -13758642.135819754        494146169708781.12     
   17459837.808159225       -31218479.943978980     
        0    36785   0.513E+00   0.345E+03   0.568E+00   0.315E+03   0.000E+00   0.000E+00   0.000E+00   0.000E+00
  OPTIMIZATION STUFF
       36785  -13513537.176494472        481337128384518.38     
   17283559.857969660       -30797097.034464132     
        0    36512  -0.277E+00   0.531E+03  -0.305E+00   0.562E+03   0.000E+00   0.000E+00   0.000E+00   0.000E+00
  OPTIMIZATION STUFF
       36512  -13801304.978980491        504569217713988.88     
   17722674.701950528       -31523979.680931017     
        0    33914  -0.500E+00   0.363E+03  -0.591E+00   0.432E+03   0.000E+00   0.000E+00   0.000E+00   0.000E+00
  OPTIMIZATION STUFF
       33914  -14228930.384428483        521103535660602.31     
   17850520.322267648       -32079450.706696130     
        0    33171  -0.153E+00   0.229E+03   0.102E+00   0.284E+03   0.000E+00   0.000E+00   0.000E+00   0.000E+00
  OPTIMIZATION STUFF
       33171  -14320627.727635058        545483800167362.44     
   18450024.977052264       -32770652.704687320     
        0    33136   0.144E-01   0.512E+03  -0.155E-01   0.708E+03   0.000E+00   0.000E+00   0.000E+00   0.000E+00
  OPTIMIZATION STUFF
       33136  -14174878.276616691        542444105302946.38     
   18480176.707652085       -32655054.984268777     
        0    32992  -0.160E+00   0.455E+03  -0.199E+00   0.514E+03   0.000E+00   0.000E+00   0.000E+00   0.000E+00
  OPTIMIZATION STUFF
       32992  -13910980.454668371        531423286428313.38     
   18382271.601141900       -32293252.055810273     
        0    21358   0.113E+00   0.374E+03   0.322E+00   0.517E+03   0.000E+00   0.000E+00   0.000E+00   0.000E+00
  OPTIMIZATION STUFF
       21358  -13362773.323649993        501067172734958.44     
   17958381.381285634       -31321154.704935625     
        0    20369  -0.206E+00   0.280E+03  -0.819E+00   0.422E+03   0.000E+00   0.000E+00   0.000E+00   0.000E+00
  OPTIMIZATION STUFF
       20369  -13227374.613222262        494733748532341.69     
   17882122.619359951       -31109497.232582211     
        0    27332   0.202E+00   0.262E+03   0.291E+00   0.353E+03   0.000E+00   0.000E+00   0.000E+00   0.000E+00
  OPTIMIZATION STUFF
       27332  -13549480.088838501        504690758082975.62     
   17919328.877085343       -31468808.965923846     
        0    22969   0.579E-02   0.335E+03   0.337E+00   0.259E+03   0.000E+00   0.000E+00   0.000E+00   0.000E+00
  OPTIMIZATION STUFF
       22969  -13875713.694432197        516290112800689.62     
   17993184.328262642       -31868898.022694841     
        0    24541  -0.517E+00   0.210E+03  -0.860E+00   0.236E+03   0.000E+00   0.000E+00   0.000E+00   0.000E+00
  OPTIMIZATION STUFF
       24541  -13823045.828151057        515434395036666.94     
   18009936.120639145       -31832981.948790200     
        0    28544   0.634E+00   0.264E+03   0.228E+00   0.423E+03   0.000E+00   0.000E+00   0.000E+00   0.000E+00
  OPTIMIZATION STUFF
       28544  -14270657.599644821        555281249885314.50     
   18751788.756249737       -33022446.355894558     
        0    29047  -0.332E+00   0.500E+03  -0.337E+00   0.635E+03   0.000E+00   0.000E+00   0.000E+00   0.000E+00
  OPTIMIZATION STUFF
       29047  -14533638.949788125        572151632855193.00     
   18998025.469305869       -33531664.419093996     
        0    29021   0.420E-01   0.314E+03   0.110E+01   0.447E+03   0.000E+00   0.000E+00   0.000E+00   0.000E+00
  OPTIMIZATION STUFF
       29021  -14358452.302661149        553660245836482.69     
   18641220.274131399       -32999672.576792546     
        0    28952   0.233E+00   0.305E+03  -0.327E+00   0.474E+03   0.000E+00   0.000E+00   0.000E+00   0.000E+00
  OPTIMIZATION STUFF
       28952  -13758890.603671741        524330905375207.00     
   18303656.321385641       -32062546.925057381     
        0    29046   0.593E+00   0.288E+03   0.775E+00   0.385E+03   0.000E+00   0.000E+00   0.000E+00   0.000E+00
  OPTIMIZATION STUFF
       29046  -13119532.271431273        493017621855007.31     
   17913556.174972091       -31033088.446403362     
        0    29031  -0.221E+00   0.219E+03  -0.313E+00   0.270E+03   0.000E+00   0.000E+00   0.000E+00   0.000E+00
  OPTIMIZATION STUFF
       29031  -12775288.494458970        481036699916984.62     
   17827750.946216658       -30603039.440675627     
        0    29067  -0.883E+00   0.376E+03  -0.119E+01   0.522E+03   0.000E+00   0.000E+00   0.000E+00   0.000E+00
  OPTIMIZATION STUFF
       29067  -12986199.066098364        494345731919991.19     
   18047281.394593954       -31033480.460692316     
        0    29102  -0.786E-01   0.413E+03   0.824E-01   0.637E+03   0.000E+00   0.000E+00   0.000E+00   0.000E+00
  OPTIMIZATION STUFF
       29102  -12652778.193706453        479598976104317.94     
   17874735.804626159       -30527513.998332612     
        0    28815   0.119E+01   0.337E+03   0.162E+01   0.513E+03   0.000E+00   0.000E+00   0.000E+00   0.000E+00
  OPTIMIZATION STUFF
       28815  -12197901.536064664        448731017224890.75     
   17318839.895944592       -29516741.432009257     
        0    32935   0.170E+00   0.997E+03   0.389E-01   0.128E+04   0.000E+00   0.000E+00   0.000E+00   0.000E+00
  OPTIMIZATION STUFF
       32935  -12124642.537476523        442173186095943.00     
   17180402.481733594       -29305045.019210115     
        0    37881  -0.451E+00   0.510E+03  -0.453E+00   0.693E+03   0.000E+00   0.000E+00   0.000E+00   0.000E+00
  OPTIMIZATION STUFF
       37881  -12214510.127430074        446446927111497.06     
   17241017.065660752       -29455527.193090826     
        0    29767   0.429E+00   0.352E+03   0.197E+00   0.467E+03   0.000E+00   0.000E+00   0.000E+00   0.000E+00
  OPTIMIZATION STUFF
       29767  -12513071.439081931        459681742144856.69     
   17409904.804601569       -29922976.243683502     
        0    28040   0.362E-01   0.303E+03  -0.430E-01   0.391E+03   0.000E+00   0.000E+00   0.000E+00   0.000E+00
  OPTIMIZATION STUFF
       28040  -11987309.289269218        432990257555845.38     
   17008664.661261484       -28995973.950530700     
        0    28380  -0.107E+00   0.349E+03   0.183E+00   0.446E+03   0.000E+00   0.000E+00   0.000E+00   0.000E+00
  OPTIMIZATION STUFF
       28380  -11886006.621443465        429079716678905.81     
   16964744.715848450       -28850751.337291915     
        0    27868  -0.274E+00   0.325E+03   0.238E-01   0.445E+03   0.000E+00   0.000E+00   0.000E+00   0.000E+00
  OPTIMIZATION STUFF
       27868  -11601104.803031122        415376616047437.56     
   16756819.011868743       -28357923.814899866     
        0    27591  -0.782E+00   0.239E+03  -0.129E+01   0.339E+03   0.000E+00   0.000E+00   0.000E+00   0.000E+00
  OPTIMIZATION STUFF
       27591  -11191365.686290888        402487510264591.19     
   16650550.871977242       -27841916.558268130     
        0    28350   0.199E+00   0.221E+03   0.249E+00   0.334E+03   0.000E+00   0.000E+00   0.000E+00   0.000E+00
  OPTIMIZATION STUFF
       28350  -11311342.381797185        400445960128295.94     
   16507558.682314437       -27818901.064111620     
        0    29003  -0.278E+00   0.217E+03  -0.235E+00   0.322E+03   0.000E+00   0.000E+00   0.000E+00   0.000E+00
  OPTIMIZATION STUFF
       29003  -11402133.462536762        416184751370996.19     
   16916740.344212167       -28318873.806748927     
        0    28905   0.880E+00   0.238E+03   0.116E+01   0.407E+03   0.000E+00   0.000E+00   0.000E+00   0.000E+00
  OPTIMIZATION STUFF
       28905  -11125825.621167740        397988913037069.88     
   16559133.953333348       -27684959.574501090     
        0    29027  -0.911E+00   0.238E+03  -0.111E+01   0.344E+03   0.000E+00   0.000E+00   0.000E+00   0.000E+00
  OPTIMIZATION STUFF
       29027  -10907916.331497116        388351129142981.69     
   16412449.251956278       -27320365.583453394     
        0    28901  -0.973E-01   0.269E+03  -0.290E+00   0.434E+03   0.000E+00   0.000E+00   0.000E+00   0.000E+00
  OPTIMIZATION STUFF
       28901  -11043512.350532003        401139793131350.56     
   16708699.174232496       -27752211.524764501     
        0    28957   0.454E+00   0.192E+03   0.759E+00   0.338E+03   0.000E+00   0.000E+00   0.000E+00   0.000E+00
  OPTIMIZATION STUFF
       28957  -11657084.357644031        434141779919346.19     
   17270036.600948971       -28927120.958593003     
        0    28595   0.316E+00   0.218E+03   0.266E+00   0.303E+03   0.000E+00   0.000E+00   0.000E+00   0.000E+00
  OPTIMIZATION STUFF
       28595  -11881452.504829085        443210173069349.19     
   17379334.263568323       -29260786.768397406     
        0    28673  -0.394E+00   0.341E+03  -0.385E+00   0.562E+03   0.000E+00   0.000E+00   0.000E+00   0.000E+00
  OPTIMIZATION STUFF
       28673  -11852482.123072047        441115071428541.62     
   17338792.891974896       -29191275.015046943     
        0    28623  -0.130E+00   0.182E+03  -0.317E+00   0.260E+03   0.000E+00   0.000E+00   0.000E+00   0.000E+00
  OPTIMIZATION STUFF
       28623  -11438687.529654058        419663342724445.06     
   16994698.300451875       -28433385.830105931     
        0    27451  -0.250E+00   0.173E+03   0.263E-01   0.278E+03   0.000E+00   0.000E+00   0.000E+00   0.000E+00
  OPTIMIZATION STUFF
       27451  -11266843.336872434        416691326021900.19     
   17022031.818918489       -28288875.155790925     
        0    26875   0.399E+00   0.183E+03   0.596E+00   0.279E+03   0.000E+00   0.000E+00   0.000E+00   0.000E+00
  OPTIMIZATION STUFF
       26875  -11163294.114986010        416466894305028.25     
   17083552.288893167       -28246846.403879177     
        0    27194  -0.288E+00   0.198E+03  -0.742E+00   0.374E+03   0.000E+00   0.000E+00   0.000E+00   0.000E+00
  OPTIMIZATION STUFF
       27194  -11238488.651896236        417159869632596.00     
   17054507.980407864       -28292996.632304102     
        0    28419  -0.109E+00   0.276E+03   0.118E+00   0.465E+03   0.000E+00   0.000E+00   0.000E+00   0.000E+00
  OPTIMIZATION STUFF
       28419  -11703376.447476916        439902643977419.94     
   17404988.471873876       -29108364.919350792     
        0    28578   0.289E+00   0.245E+03   0.383E+00   0.383E+03   0.000E+00   0.000E+00   0.000E+00   0.000E+00
  OPTIMIZATION STUFF
       28578  -11603238.306753436        440554931781158.69     
   17490562.957716610       -29093801.264470048     
        0    29042   0.379E+00   0.261E+03   0.457E+00   0.481E+03   0.000E+00   0.000E+00   0.000E+00   0.000E+00
  OPTIMIZATION STUFF
       29042  -11274349.926907891        429838954187397.50     
   17399080.088126197       -28673430.015034087     
        0    29096   0.241E-02   0.410E+03  -0.442E+00   0.588E+03   0.000E+00   0.000E+00   0.000E+00   0.000E+00
  OPTIMIZATION STUFF
       29096  -11542570.547616687        438442600549661.38     
   17470308.117001060       -29012878.664617747     
        0    28386   0.640E-01   0.311E+03   0.587E+00   0.505E+03   0.000E+00   0.000E+00   0.000E+00   0.000E+00
  OPTIMIZATION STUFF
       28386  -11426018.187928317        428889611743518.38     
   17272397.636479124       -28698415.824407443     
        0    26880  -0.544E+00   0.297E+03  -0.699E+00   0.464E+03   0.000E+00   0.000E+00   0.000E+00   0.000E+00
  OPTIMIZATION STUFF
       26880  -11684570.756526241        440666958772263.56     
   17439546.009228434       -29124116.765754677     
        0    26443  -0.283E+00   0.297E+03  -0.389E+00   0.515E+03   0.000E+00   0.000E+00   0.000E+00   0.000E+00
  OPTIMIZATION STUFF
       26443  -11501549.568672679        437429840747927.38     
   17468377.093115795       -28969926.661788475     
        0    27688   0.661E-01   0.299E+03   0.377E+00   0.522E+03   0.000E+00   0.000E+00   0.000E+00   0.000E+00
  OPTIMIZATION STUFF
       27688  -11801380.363809830        452094991311308.88     
   17686786.390410006       -29488166.754219837     
        0    28892  -0.277E-01   0.282E+03  -0.290E+00   0.579E+03   0.000E+00   0.000E+00   0.000E+00   0.000E+00
  OPTIMIZATION STUFF
       28892  -11713524.458108550        463635316004155.62     
   18067336.847843636       -29780861.305952184     
        0    28390   0.794E+00   0.285E+03   0.145E+01   0.527E+03   0.000E+00   0.000E+00   0.000E+00   0.000E+00
  OPTIMIZATION STUFF
       28390  -11832525.181395408        466511007918953.25     
   18069376.185983755       -29901901.367379162     
        0    27104  -0.666E+00   0.265E+03  -0.124E+01   0.455E+03   0.000E+00   0.000E+00   0.000E+00   0.000E+00
  OPTIMIZATION STUFF
       27104  -11841699.112272125        463691157870816.44     
   17985141.645403575       -29826840.757675700     
        0    27001  -0.267E+00   0.307E+03  -0.616E+00   0.548E+03   0.000E+00   0.000E+00   0.000E+00   0.000E+00
  OPTIMIZATION STUFF
       27001  -12040658.844292492        474229310599882.19     
   18145298.156691808       -30185957.000984300     
        0    30723  -0.697E-01   0.200E+03   0.145E+00   0.313E+03   0.000E+00   0.000E+00   0.000E+00   0.000E+00
  OPTIMIZATION STUFF
       30723  -11906956.671775255        468464040852705.50     
   18074524.161625177       -29981480.833400432     
        0    31435   0.547E+00   0.205E+03   0.884E+00   0.343E+03   0.000E+00   0.000E+00   0.000E+00   0.000E+00
  OPTIMIZATION STUFF
       31435  -11779311.083304411        467636548535779.75     
   18135169.669416431       -29914480.752720840     
        0    26650  -0.160E+00   0.154E+03  -0.176E-01   0.261E+03   0.000E+00   0.000E+00   0.000E+00   0.000E+00
  OPTIMIZATION STUFF
       26650  -11694401.527429404        469972795840283.69     
   18254143.879008420       -29948545.406437822     
        0    26706   0.102E+00   0.230E+03   0.421E+00   0.460E+03   0.000E+00   0.000E+00   0.000E+00   0.000E+00
  OPTIMIZATION STUFF
       26706  -11819317.484925516        472604339749925.88     
   18245768.658526279       -30065086.143451795     
        0    28081  -0.119E+00   0.232E+03  -0.430E+00   0.394E+03   0.000E+00   0.000E+00   0.000E+00   0.000E+00
  OPTIMIZATION STUFF
       28081  -11653819.750983344        460400935849591.31     
   18016365.367664527       -29670185.118647873     
        0    26831  -0.130E+00   0.158E+03  -0.108E+00   0.292E+03   0.000E+00   0.000E+00   0.000E+00   0.000E+00
  OPTIMIZATION STUFF
       26831  -11559207.371079665        455853495678300.00     
   17950994.976064071       -29510202.347143736     
        0    26742   0.815E+00   0.255E+03   0.131E+01   0.473E+03   0.000E+00   0.000E+00   0.000E+00   0.000E+00
  OPTIMIZATION STUFF
       26742  -11015281.356522644        437352642976874.81     
   17776845.041050438       -28792126.397573084     
        0    26160  -0.999E+00   0.192E+03  -0.172E+01   0.366E+03   0.000E+00   0.000E+00   0.000E+00   0.000E+00
  OPTIMIZATION STUFF
       26160  -11218976.526444130        444478361243506.25     
   17849731.845117502       -29068708.371561632     
        0    27061  -0.284E+00   0.222E+03  -0.696E+00   0.372E+03   0.000E+00   0.000E+00   0.000E+00   0.000E+00
  OPTIMIZATION STUFF
       27061  -11083534.448038807        436013592145089.12     
   17696577.530252177       -28780111.978290983     
        0    27805  -0.169E+00   0.242E+03  -0.155E+00   0.404E+03   0.000E+00   0.000E+00   0.000E+00   0.000E+00
  OPTIMIZATION STUFF
       27805  -11097780.954530191        441146412153001.69     
   17832152.703425031       -28929933.657955222     
        0    28394   0.622E+00   0.188E+03   0.118E+01   0.341E+03   0.000E+00   0.000E+00   0.000E+00   0.000E+00
  OPTIMIZATION STUFF
       28394  -11323224.115629405        458503555037402.94     
   18173831.480032813       -29497055.595662218     
        0    28592  -0.370E+00   0.281E+03  -0.593E+00   0.489E+03   0.000E+00   0.000E+00   0.000E+00   0.000E+00
  OPTIMIZATION STUFF
       28592  -11339075.336592570        459260654218964.75     
   18184774.530635316       -29523849.867227886     
        0    28651   0.184E+00   0.203E+03   0.398E+00   0.324E+03   0.000E+00   0.000E+00   0.000E+00   0.000E+00
  OPTIMIZATION STUFF
       28651  -11274427.239805305        457749083245421.44     
   18183409.296932124       -29457836.536737427     
        0    28928   0.130E+00   0.201E+03   0.196E+00   0.351E+03   0.000E+00   0.000E+00   0.000E+00   0.000E+00
  OPTIMIZATION STUFF
       28928  -10810313.047213724        438064227164052.62     
   17922091.367507681       -28732404.414721407     
        0    28928  -0.199E+00   0.220E+03  -0.413E+00   0.403E+03   0.000E+00   0.000E+00   0.000E+00   0.000E+00
  OPTIMIZATION STUFF
       28928  -10884353.752550913        442408104456770.00     
   17998304.026938230       -28882657.779489145     
        0    29007   0.450E-01   0.190E+03   0.855E-01   0.390E+03   0.000E+00   0.000E+00   0.000E+00   0.000E+00
  OPTIMIZATION STUFF
       29007  -11080031.927904576        443836458541921.19     
   17918408.160842199       -28998440.088746775     
        0    28952  -0.282E+00   0.157E+03  -0.508E+00   0.334E+03   0.000E+00   0.000E+00   0.000E+00   0.000E+00
  OPTIMIZATION STUFF
       28952  -11106608.662763486        445851121193319.38     
   17958128.109731998       -29064736.772495486     
        0    28992   0.725E-01   0.205E+03   0.153E+00   0.444E+03   0.000E+00   0.000E+00   0.000E+00   0.000E+00
  OPTIMIZATION STUFF
       28992  -11057962.126040228        448962573114416.06     
   18074403.080972712       -29132365.207012940     
        0    27178  -0.528E-01   0.198E+03  -0.154E+00   0.364E+03   0.000E+00   0.000E+00   0.000E+00   0.000E+00
  OPTIMIZATION STUFF
       27178  -10858347.004494837        434306482412560.38     
   17787714.376572903       -28646061.381067738     
        0    25884  -0.223E+00   0.172E+03  -0.504E+00   0.361E+03   0.000E+00   0.000E+00   0.000E+00   0.000E+00
  OPTIMIZATION STUFF
       25884  -10982239.092515433        444414372425578.31     
   17994576.875836901       -28976815.968352333     
        0    30995   0.453E+00   0.163E+03   0.793E+00   0.329E+03   0.000E+00   0.000E+00   0.000E+00   0.000E+00
  OPTIMIZATION STUFF
       30995  -10887699.729519837        441025524279071.81     
   17957826.117848605       -28845525.847368442     
        0    33624  -0.235E+00   0.172E+03  -0.313E+00   0.338E+03   0.000E+00   0.000E+00   0.000E+00   0.000E+00
  OPTIMIZATION STUFF
       33624  -10960322.782848483        444797645421493.12     
   18018572.915668588       -28978895.698517069     
        0    35008   0.320E+00   0.146E+03   0.606E+00   0.278E+03   0.000E+00   0.000E+00   0.000E+00   0.000E+00
  OPTIMIZATION STUFF
       35008  -10730532.032207066        426873771911410.25     
   17655861.752324309       -28386393.784531377     
        0    29354  -0.408E+00   0.141E+03  -0.652E+00   0.255E+03   0.000E+00   0.000E+00   0.000E+00   0.000E+00
  OPTIMIZATION STUFF
       29354  -10520105.723525474        414547028615906.00     
   17431993.694977995       -27952099.418503471     
        0    27753   0.189E+00   0.131E+03   0.542E+00   0.270E+03   0.000E+00   0.000E+00   0.000E+00   0.000E+00
  OPTIMIZATION STUFF
       27753  -10631674.682763522        421475654218475.00     
   17562549.577392235       -28194224.260155760     
        0    25108  -0.649E-02   0.190E+03  -0.271E+00   0.373E+03   0.000E+00   0.000E+00   0.000E+00   0.000E+00
  OPTIMIZATION STUFF
       25108  -10699402.116270477        426631562927895.88     
   17667890.572511557       -28367292.688782036     
        0    27609  -0.723E-01   0.174E+03  -0.871E-01   0.341E+03   0.000E+00   0.000E+00   0.000E+00   0.000E+00
  OPTIMIZATION STUFF
       27609  -10645337.689556943        426426976745964.94     
   17694738.263711713       -28340075.953268655     
        0    27317  -0.905E-01   0.197E+03  -0.184E+00   0.392E+03   0.000E+00   0.000E+00   0.000E+00   0.000E+00
  OPTIMIZATION STUFF
       27317  -10703868.024336303        432286360375128.19     
   17824521.583838347       -28528389.608174652     
        0    26022   0.174E+00   0.162E+03   0.395E+00   0.326E+03   0.000E+00   0.000E+00   0.000E+00   0.000E+00
  OPTIMIZATION STUFF
       26022  -10439373.055406118        416435164103858.75     
   17534384.914045874       -27973757.969451994     
        0    28230  -0.302E+00   0.259E+03  -0.690E+00   0.552E+03   0.000E+00   0.000E+00   0.000E+00   0.000E+00
  OPTIMIZATION STUFF
       28230  -10673107.499697307        434571401286235.06     
   17906875.148560680       -28579982.648257986     
        0    27983   0.905E-01   0.178E+03   0.208E+00   0.358E+03   0.000E+00   0.000E+00   0.000E+00   0.000E+00
  OPTIMIZATION STUFF
       27983  -10375938.275567969        424570767190946.81     
   17801985.060451835       -28177923.336019807     
        0    25629   0.356E+00   0.161E+03   0.813E+00   0.314E+03   0.000E+00   0.000E+00   0.000E+00   0.000E+00
  OPTIMIZATION STUFF
       25629  -10741179.530488469        441837193676729.50     
   18068321.891380645       -28809501.421869114     
        0    25339  -0.279E+00   0.140E+03  -0.501E+00   0.276E+03   0.000E+00   0.000E+00   0.000E+00   0.000E+00
  OPTIMIZATION STUFF
       25339  -10622854.065424779        437766397213873.50     
   18025575.406032447       -28648429.471457228     
        0    26123  -0.169E+00   0.150E+03  -0.272E+00   0.302E+03   0.000E+00   0.000E+00   0.000E+00   0.000E+00
  OPTIMIZATION STUFF
       26123  -10813691.810456304        443591481722656.75     
   18073614.778209891       -28887306.588666193     
        0    32107   0.408E+00   0.137E+03   0.631E+00   0.301E+03   0.000E+00   0.000E+00   0.000E+00   0.000E+00
  OPTIMIZATION STUFF
       32107  -10550745.656223984        431359278618175.56     
   17889691.017897606       -28440436.674121588     
        0    36320   0.273E+00   0.212E+04   0.718E+00   0.480E+04   0.000E+00   0.000E+00   0.000E+00   0.000E+00
  OPTIMIZATION STUFF
       36320  -10541821.138595562        434889986565807.50     
   17993331.921788894       -28535153.060384456     
        0    34985  -0.446E+00   0.188E+03  -0.111E+01   0.377E+03   0.000E+00   0.000E+00   0.000E+00   0.000E+00
  OPTIMIZATION STUFF
       34985  -10459069.565573733        435060202208251.62     
   18046275.683108158       -28505345.248681892     
        0    29939  -0.320E+00   0.222E+03  -0.635E+00   0.467E+03   0.000E+00   0.000E+00   0.000E+00   0.000E+00
  OPTIMIZATION STUFF
       29939  -10529359.831284003        436768961631317.12     
   18052743.369766824       -28582103.201050825     
        0    26919   0.450E+00   0.173E+03   0.113E+01   0.331E+03   0.000E+00   0.000E+00   0.000E+00   0.000E+00
  OPTIMIZATION STUFF
       26919  -10665256.745672680        443548431182856.19     
   18160416.562726185       -28825673.308398865     
        0    27607  -0.785E-02   0.132E+03   0.144E+00   0.231E+03   0.000E+00   0.000E+00   0.000E+00   0.000E+00
  OPTIMIZATION STUFF
       27607  -10719182.674446691        448315954315214.06     
   18259657.091716044       -28978839.766162734     
        0    26375  -0.306E+00   0.169E+03  -0.641E+00   0.403E+03   0.000E+00   0.000E+00   0.000E+00   0.000E+00
  OPTIMIZATION STUFF
       26375  -10936988.799853520        456467276276324.81     
   18353461.588163786       -29290450.388017304     
        0    27743  -0.489E-01   0.155E+03  -0.172E-02   0.330E+03   0.000E+00   0.000E+00   0.000E+00   0.000E+00
  OPTIMIZATION STUFF
       27743  -10906807.552918838        453344899512445.06     
   18286236.587008208       -29193044.139927045     
        0    26413  -0.241E-01   0.113E+03  -0.437E+00   0.179E+03   0.000E+00   0.000E+00   0.000E+00   0.000E+00
  OPTIMIZATION STUFF
       26413  -11125412.942073710        462330882828154.38     
   18399893.197964307       -29525306.140038017     
        0    27290   0.376E+00   0.178E+03   0.101E+01   0.364E+03   0.000E+00   0.000E+00   0.000E+00   0.000E+00
  OPTIMIZATION STUFF
       27290  -10979906.010414526        460971661599428.50     
   18450293.374412548       -29430199.384827074     
        0    27652   0.136E+00   0.148E+03   0.470E+00   0.285E+03   0.000E+00   0.000E+00   0.000E+00   0.000E+00
  OPTIMIZATION STUFF
       27652  -10710565.582896959        446511730924873.19     
   18215255.030312814       -28925820.613209773     
        0    26640  -0.420E+00   0.179E+03  -0.100E+01   0.424E+03   0.000E+00   0.000E+00   0.000E+00   0.000E+00
  OPTIMIZATION STUFF
       26640  -10935772.180760270        457717202972667.06     
   18388205.181125667       -29323977.361885935     
        0    28805   0.493E+00   0.186E+03   0.459E-01   0.334E+03   0.000E+00   0.000E+00   0.000E+00   0.000E+00
  OPTIMIZATION STUFF
       28805  -10920410.253023107        458504347243120.56     
   18418712.961246461       -29339123.214269567     
        0    26276  -0.485E+00   0.161E+03  -0.646E+00   0.237E+03   0.000E+00   0.000E+00   0.000E+00   0.000E+00
  OPTIMIZATION STUFF
       26276  -10978247.536633437        462662961428479.12     
   18497054.967017885       -29475302.503651321     
        0    25913  -0.393E-01   0.192E+03   0.246E+00   0.314E+03   0.000E+00   0.000E+00   0.000E+00   0.000E+00
  OPTIMIZATION STUFF
       25913  -11028582.891572127        469372591545112.69     
   18647867.195709947       -29676450.087282076     
        0    27770   0.172E+00   0.227E+03   0.356E-01   0.310E+03   0.000E+00   0.000E+00   0.000E+00   0.000E+00
  OPTIMIZATION STUFF
       27770  -11005177.789041752        475959706130270.88     
   18837350.343449395       -29842528.132491149     
        0    26609  -0.961E-01   0.215E+03  -0.146E+00   0.274E+03   0.000E+00   0.000E+00   0.000E+00   0.000E+00
  OPTIMIZATION STUFF
       26609  -10903663.024176255        472043953186515.00     
   18792394.361595504       -29696057.385771759     
        0    27739  -0.258E+00   0.706E+04   0.178E+00   0.155E+05   0.000E+00   0.000E+00   0.000E+00   0.000E+00
  OPTIMIZATION STUFF
       27739  -10807612.142359532        465847403503590.81     
   18682690.472303864       -29490302.614663396     
        0    28736   0.595E+00   0.272E+03   0.104E-02   0.450E+03   0.000E+00   0.000E+00   0.000E+00   0.000E+00
  OPTIMIZATION STUFF
       28736  -10689091.357761424        463449936037599.31     
   18686713.514768437       -29375804.872529861     
        0    28673  -0.437E+00   0.215E+03  -0.122E+00   0.391E+03   0.000E+00   0.000E+00   0.000E+00   0.000E+00
  OPTIMIZATION STUFF
       28673  -10879251.414894786        480750027648247.25     
   19036594.136025410       -29915845.550920196     
        0    28709   0.282E-01   0.154E+03  -0.537E-01   0.213E+03   0.000E+00   0.000E+00   0.000E+00   0.000E+00
  OPTIMIZATION STUFF
       28709  -11134533.849928232        494656211908985.88     
   19253009.319422983       -30387543.169351213     
        0    28461  -0.259E+00   0.195E+03  -0.371E+00   0.278E+03   0.000E+00   0.000E+00   0.000E+00   0.000E+00
  OPTIMIZATION STUFF
       28461  -10948463.206813769        488536357937305.62     
   19200716.427944839       -30149179.634758607     
        0    28565   0.174E+00   0.348E+03   0.832E+00   0.604E+03   0.000E+00   0.000E+00   0.000E+00   0.000E+00
  OPTIMIZATION STUFF
       28565  -10687846.528887883        474580736144473.06     
   18982904.749258272       -29670751.278146155     
        0    28751  -0.182E+00   0.149E+03  -0.585E+00   0.213E+03   0.000E+00   0.000E+00   0.000E+00   0.000E+00
  OPTIMIZATION STUFF
       28751  -10775032.135975454        474525465859224.19     
   18932093.078366175       -29707125.214341629     
        0    26166   0.116E+00   0.162E+03   0.907E-01   0.269E+03   0.000E+00   0.000E+00   0.000E+00   0.000E+00
  OPTIMIZATION STUFF
       26166  -10549659.020077053        458279664145072.44     
   18627516.171115763       -29177175.191192817     
        0    28789   0.134E+00   0.141E+03   0.347E+00   0.262E+03   0.000E+00   0.000E+00   0.000E+00   0.000E+00
  OPTIMIZATION STUFF
       28789  -10619628.196054626        458390898294903.25     
   18590707.228948146       -29210335.425002772     
        0    26450   0.476E-01   0.276E+03   0.291E-01   0.415E+03   0.000E+00   0.000E+00   0.000E+00   0.000E+00
  OPTIMIZATION STUFF
       26450  -10800246.010864332        463832168663275.69     
   18632950.779951219       -29433196.790815551     
        0    28432  -0.133E+00   0.239E+03  -0.275E+00   0.355E+03   0.000E+00   0.000E+00   0.000E+00   0.000E+00
  OPTIMIZATION STUFF
       28432  -10530502.759720603        454712813797917.75     
   18542419.621652253       -29072922.381372854     
        0    27475  -0.167E-01   0.127E+03  -0.654E+00   0.163E+03   0.000E+00   0.000E+00   0.000E+00   0.000E+00
  OPTIMIZATION STUFF
       27475  -10426155.888981227        450084275453700.75     
   18476459.315365668       -28902615.204346895     
        0    27732   0.355E+00   0.135E+03   0.126E+01   0.210E+03   0.000E+00   0.000E+00   0.000E+00   0.000E+00
  OPTIMIZATION STUFF
       27732  -10730554.914163684        468832709749732.25     
   18806591.955584347       -29537146.869748034     
        0    27159  -0.578E+00   0.132E+03  -0.114E+01   0.225E+03   0.000E+00   0.000E+00   0.000E+00   0.000E+00
  OPTIMIZATION STUFF
       27159  -10846687.643648827        475613425823174.50     
   18919904.676934563       -29766592.320583388     
        0    26833   0.417E+00   0.124E+03   0.814E+00   0.225E+03   0.000E+00   0.000E+00   0.000E+00   0.000E+00
  OPTIMIZATION STUFF
       26833  -10812963.933896784        471723165496687.06     
   18836214.493919272       -29649178.427816056     
        0    35751  -0.298E+00   0.146E+03  -0.644E+00   0.200E+03   0.000E+00   0.000E+00   0.000E+00   0.000E+00
  OPTIMIZATION STUFF
       35751  -10846578.357168311        474696937163627.00     
   18895731.663670368       -29742310.020838678     
        0    35788  -0.199E-01   0.130E+03   0.225E+00   0.261E+03   0.000E+00   0.000E+00   0.000E+00   0.000E+00
  OPTIMIZATION STUFF
       35788  -10649009.937978478        464217230568834.94     
   18730077.893849522       -29379087.831827998     
        0    35448   0.216E+00   0.147E+03  -0.589E-01   0.235E+03   0.000E+00   0.000E+00   0.000E+00   0.000E+00
  OPTIMIZATION STUFF
       35448  -10497311.367643487        461737853458046.31     
   18749514.860624772       -29246826.228268258     
        0    35366   0.375E+00   0.183E+03   0.580E+00   0.349E+03   0.000E+00   0.000E+00   0.000E+00   0.000E+00
  OPTIMIZATION STUFF
       35366  -10080330.811367538        440187928668454.69     
   18400403.783663254       -28480734.595030792     
        0    31357  -0.575E+00   0.182E+03  -0.169E+00   0.309E+03   0.000E+00   0.000E+00   0.000E+00   0.000E+00
  OPTIMIZATION STUFF
       31357  -10169003.050666157        442503324326160.56     
   18414524.193736393       -28583527.244402550     
        0    14547  -0.273E+00   0.150E+03  -0.640E+00   0.351E+03   0.000E+00   0.000E+00   0.000E+00   0.000E+00
  OPTIMIZATION STUFF
       14547  -10281847.972312368        449620571384226.06     
   18544653.506023835       -28826501.478336204     
        0    10617   0.101E+01   0.711E+03   0.193E+01   0.144E+04   0.000E+00   0.000E+00   0.000E+00   0.000E+00
  OPTIMIZATION STUFF
       10617  -10136672.902247041        443476302732297.81     
   18458715.155859262       -28595388.058106303     
        0    10784  -0.110E+01   0.230E+03  -0.266E+01   0.408E+03   0.000E+00   0.000E+00   0.000E+00   0.000E+00
  OPTIMIZATION STUFF
       10784  -10329065.840282654        448395855580532.50     
   18485298.332665298       -28814364.172947951     
        0     9136  -0.640E-02   0.642E+02   0.593E+00   0.884E+02   0.000E+00   0.000E+00   0.000E+00   0.000E+00
  OPTIMIZATION STUFF
        9136  -10052940.258614294        438485574763052.31     
   18369103.595978338       -28422043.854592633     
        0    14719   0.315E+00   0.443E+03   0.852E-01   0.898E+03   0.000E+00   0.000E+00   0.000E+00   0.000E+00
  OPTIMIZATION STUFF
       14719  -10168111.379525146        445034507846830.94     
   18483614.874271814       -28651726.253796957     
        0    12336  -0.346E+00   0.110E+03  -0.523E+00   0.220E+03   0.000E+00   0.000E+00   0.000E+00   0.000E+00
  OPTIMIZATION STUFF
       12336  -10213618.982620802        445592762739323.50     
   18473623.088532783       -28687242.071153585     
        0    13877  -0.577E+00   0.123E+03  -0.104E+01   0.220E+03   0.000E+00   0.000E+00   0.000E+00   0.000E+00
  OPTIMIZATION STUFF
       13877  -10279791.350300716        450363055043139.31     
   18565800.409285400       -28845591.759586118     
        0    14151   0.128E+01   0.932E+02   0.997E+00   0.152E+03   0.000E+00   0.000E+00   0.000E+00   0.000E+00
  OPTIMIZATION STUFF
       14151  -10417489.019405637        462362999063190.50     
   18810606.624820836       -29228095.644226473     
        0    16032  -0.424E+00   0.316E+03  -0.539E+00   0.503E+03   0.000E+00   0.000E+00   0.000E+00   0.000E+00
  OPTIMIZATION STUFF
       16032  -9994141.6485720165        430363103009891.88     
   18179115.372266334       -28173257.020838350     
        0    13534  -0.763E-01   0.182E+03   0.484E+00   0.423E+03   0.000E+00   0.000E+00   0.000E+00   0.000E+00
  OPTIMIZATION STUFF
       13534  -10369970.882545808        452621877234748.12     
   18576479.244730424       -28946450.127276234     
        0    14038   0.408E+00   0.115E+03   0.783E+00   0.112E+03   0.000E+00   0.000E+00   0.000E+00   0.000E+00
  OPTIMIZATION STUFF
       14038  -10025194.373205723        434787570571362.06     
   18283409.100898180       -28308603.474103905     
        0    14341  -0.512E+00   0.786E+02  -0.560E+00   0.115E+03   0.000E+00   0.000E+00   0.000E+00   0.000E+00
  OPTIMIZATION STUFF
       14341  -10268859.641572222        443970187437058.94     
   18398932.281487100       -28667791.923059322     
        0    13691   0.267E+00   0.118E+03   0.890E+00   0.239E+03   0.000E+00   0.000E+00   0.000E+00   0.000E+00
  OPTIMIZATION STUFF
       13691  -10119802.024000984        437975669849298.81     
   18318440.895565439       -28438242.919566423     
        0    18909  -0.115E+00   0.939E+02   0.161E+00   0.224E+03   0.000E+00   0.000E+00   0.000E+00   0.000E+00
  OPTIMIZATION STUFF
       18909  -10229326.639028080        440066632232584.25     
   18314680.143116198       -28544006.782144278     
        0    16284   0.133E+01   0.351E+03   0.100E+01   0.583E+03   0.000E+00   0.000E+00   0.000E+00   0.000E+00
  OPTIMIZATION STUFF
       16284  -9980689.0714758858        435596808024258.69     
   18329829.614122998       -28310518.685598884     
        0    12455  -0.160E+01   0.320E+03  -0.223E+01   0.574E+03   0.000E+00   0.000E+00   0.000E+00   0.000E+00
  OPTIMIZATION STUFF
       12455  -10199087.934971489        453090449492336.44     
   18683389.809856653       -28882477.744828142     
        0    11657  -0.738E+00   0.133E+03  -0.736E+00   0.358E+03   0.000E+00   0.000E+00   0.000E+00   0.000E+00
  OPTIMIZATION STUFF
       11657  -10154660.044127988        442105375634010.00     
   18411633.686943714       -28566293.731071703     
        0    12773   0.472E+00   0.133E+03   0.700E+00   0.284E+03   0.000E+00   0.000E+00   0.000E+00   0.000E+00
  OPTIMIZATION STUFF
       12773  -10070062.177710887        444824941369423.38     
   18531561.971578654       -28601624.149289541     
        0    15228  -0.330E+00   0.185E+03  -0.929E+00   0.282E+03   0.000E+00   0.000E+00   0.000E+00   0.000E+00
  OPTIMIZATION STUFF
       15228  -10080560.851526158        441029845305487.00     
   18423141.377739172       -28503702.229265332     
        0    17427   0.446E+00   0.143E+03   0.154E+01   0.344E+03   0.000E+00   0.000E+00   0.000E+00   0.000E+00
  OPTIMIZATION STUFF
       17427  -10106291.119231155        444710409347085.94     
   18508735.482480574       -28615026.601711728     
        0    17098  -0.270E+00   0.181E+03  -0.116E+01   0.392E+03   0.000E+00   0.000E+00   0.000E+00   0.000E+00
  OPTIMIZATION STUFF
       17098  -9763601.4293367285        424332950013302.44     
   18138496.000009380       -27902097.429346107     
        0    14814   0.565E+00   0.199E+03   0.150E+01   0.317E+03   0.000E+00   0.000E+00   0.000E+00   0.000E+00
  OPTIMIZATION STUFF
       14814  -10177084.405046243        451556264057938.31     
   18654308.271026906       -28831392.676073149     
        0    16277  -0.136E+00   0.253E+03  -0.110E+01   0.424E+03   0.000E+00   0.000E+00   0.000E+00   0.000E+00
  OPTIMIZATION STUFF
       16277  -9729797.3027527630        425310206562871.19     
   18183543.411838524       -27913340.714591287     
        0    18463   0.659E-01   0.125E+03   0.105E+00   0.188E+03   0.000E+00   0.000E+00   0.000E+00   0.000E+00
  OPTIMIZATION STUFF
       18463  -9957757.6977669559        443813079212151.25     
   18564916.936111353       -28522674.633878309     
        0    15062  -0.377E+00   0.982E+02   0.100E+00   0.275E+03   0.000E+00   0.000E+00   0.000E+00   0.000E+00
  OPTIMIZATION STUFF
       15062  -10229977.788640121        449821587537695.25     
   18578728.212168481       -28808706.000808604     
        0    17906  -0.341E+00   0.107E+03  -0.610E+00   0.332E+03   0.000E+00   0.000E+00   0.000E+00   0.000E+00
  OPTIMIZATION STUFF
       17906  -9873346.6834123898        436367673337240.81     
   18408821.217187982       -28282167.900600374     
        0    17447   0.447E+00   0.861E+02   0.114E+01   0.147E+03   0.000E+00   0.000E+00   0.000E+00   0.000E+00
  OPTIMIZATION STUFF
       17447  -9810089.2373340707        427471698307502.94     
   18199830.973474596       -28009920.210808665     
        0    19546   0.783E+00   0.210E+03   0.122E+01   0.388E+03   0.000E+00   0.000E+00   0.000E+00   0.000E+00
  OPTIMIZATION STUFF
       19546  -9944404.1135178786        433693706110557.44     
   18297610.033488147       -28242014.147006027     
        0    16857  -0.898E+00   0.107E+03  -0.151E+01   0.288E+03   0.000E+00   0.000E+00   0.000E+00   0.000E+00
  OPTIMIZATION STUFF
       16857  -10181583.569418734        453450509177968.44     
   18702563.064909335       -28884146.634328067     
        0    18378  -0.774E-01   0.242E+03  -0.285E+00   0.413E+03   0.000E+00   0.000E+00   0.000E+00   0.000E+00
  OPTIMIZATION STUFF
       18378  -9947212.4543214701        435271332618616.75     
   18339146.572488278       -28286359.026809748     
        0    19452  -0.931E-01   0.197E+03  -0.454E-01   0.290E+03   0.000E+00   0.000E+00   0.000E+00   0.000E+00
  OPTIMIZATION STUFF
       19452  -10004601.219491428        443669769450482.31     
   18535849.694293298       -28540450.913784727     
        0    17302   0.106E+01   0.201E+03   0.167E+01   0.369E+03   0.000E+00   0.000E+00   0.000E+00   0.000E+00
  OPTIMIZATION STUFF
       17302  -9948612.1827121265        435160731212690.12     
   18335371.467485517       -28283983.650197644     
        0    20526  -0.883E+00   0.189E+03  -0.125E+01   0.341E+03   0.000E+00   0.000E+00   0.000E+00   0.000E+00
  OPTIMIZATION STUFF
       20526  -10202581.286344573        450747541207161.62     
   18618670.100270133       -28821251.386614706     
        0    17977   0.454E-01   0.158E+03  -0.866E-03   0.326E+03   0.000E+00   0.000E+00   0.000E+00   0.000E+00
  OPTIMIZATION STUFF
       17977  -10237921.200250922        449153168695955.00     
   18556350.346806016       -28794271.547056936     
        0    18770   0.140E+00   0.148E+03   0.526E-01   0.256E+03   0.000E+00   0.000E+00   0.000E+00   0.000E+00
  OPTIMIZATION STUFF
       18770  -10595877.432828393        464375991615319.38     
   18764417.737936806       -29360295.170765199     
        0    17757   0.716E+00   0.110E+03   0.685E+00   0.183E+03   0.000E+00   0.000E+00   0.000E+00   0.000E+00
  OPTIMIZATION STUFF
       17757  -10257114.392791297        449482377378888.06     
   18554621.572861079       -28811735.965652376     
        0    13700  -0.840E+00   0.226E+03  -0.159E+01   0.353E+03   0.000E+00   0.000E+00   0.000E+00   0.000E+00
  OPTIMIZATION STUFF
       13700  -9933697.6961126290        433305325779944.88     
   18292812.136524867       -28226509.832637496     
        0    16829   0.676E+00   0.164E+03   0.129E+01   0.286E+03   0.000E+00   0.000E+00   0.000E+00   0.000E+00
  OPTIMIZATION STUFF
       16829  -10000482.941044552        446379183089137.62     
   18611005.454703797       -28611488.395748347     
        0    14857   0.139E+00   0.351E+03  -0.385E+00   0.459E+03   0.000E+00   0.000E+00   0.000E+00   0.000E+00
  OPTIMIZATION STUFF
       14857  -10158499.223884210        445144689660758.94     
   18491878.843943980       -28650378.067828190     
        0     8897  -0.804E+00   0.227E+03  -0.162E+01   0.286E+03   0.000E+00   0.000E+00   0.000E+00   0.000E+00
  OPTIMIZATION STUFF
        8897  -10411743.692224763        467264901902720.44     
   18943613.572656572       -29355357.264881335     
        0    13768   0.206E+00   0.227E+03   0.113E+01   0.250E+03   0.000E+00   0.000E+00   0.000E+00   0.000E+00
  OPTIMIZATION STUFF
       13768  -10223178.048831388        445581790587293.69     
   18468037.826720677       -28691215.875552066     
        0    14176   0.246E+00   0.163E+03  -0.992E-01   0.211E+03   0.000E+00   0.000E+00   0.000E+00   0.000E+00
  OPTIMIZATION STUFF
       14176  -10261647.934641337        451505862609795.12     
   18606569.922349103       -28868217.856990442     
        0    13451  -0.125E+01   0.254E+03  -0.106E+01   0.341E+03   0.000E+00   0.000E+00   0.000E+00   0.000E+00
  OPTIMIZATION STUFF
       13451  -10279950.282946967        449824205959764.69     
   18551194.790091101       -28831145.073038068     
        0    12700   0.171E+01   0.514E+03   0.181E+01   0.877E+03   0.000E+00   0.000E+00   0.000E+00   0.000E+00
  OPTIMIZATION STUFF
       12700  -10122229.491574040        446196575812735.88     
   18540146.869230691       -28662376.360804729     
        0    18490  -0.335E+00   0.246E+03  -0.449E+00   0.369E+03   0.000E+00   0.000E+00   0.000E+00   0.000E+00
  OPTIMIZATION STUFF
       18490  -10283451.320422389        456392754332446.69     
   18725474.180189662       -29008925.500612050     
        0    13773  -0.160E+00   0.238E+03  -0.918E+00   0.358E+03   0.000E+00   0.000E+00   0.000E+00   0.000E+00
  OPTIMIZATION STUFF
       13773  -10190861.779064747        450074250595792.62     
   18607003.702794008       -28797865.481858753     
        0    14542   0.121E+01   0.186E+03   0.297E+01   0.367E+03   0.000E+00   0.000E+00   0.000E+00   0.000E+00
  OPTIMIZATION STUFF
       14542  -10351018.959973838        457311394633395.12     
   18712771.070145044       -29063790.030118883     
        0    16752  -0.205E+01   0.213E+03  -0.270E+01   0.333E+03   0.000E+00   0.000E+00   0.000E+00   0.000E+00
  OPTIMIZATION STUFF
       16752  -9941989.6524977647        449845170969707.56     
   18735047.710623395       -28677037.363121159     
        0    18413   0.394E+00   0.121E+03   0.800E+00   0.236E+03   0.000E+00   0.000E+00   0.000E+00   0.000E+00
  OPTIMIZATION STUFF
       18413  -10377861.471850678        471926099383214.81     
   19084708.293665167       -29462569.765515845     
        0    24157  -0.393E+00   0.118E+03  -0.699E+00   0.265E+03   0.000E+00   0.000E+00   0.000E+00   0.000E+00
  OPTIMIZATION STUFF
       24157  -10013594.806836987        457496999973047.56     
   18900394.678882632       -28913989.485719621     
        0    28151   0.216E-02   0.190E+03  -0.535E-01   0.366E+03   0.000E+00   0.000E+00   0.000E+00   0.000E+00
  OPTIMIZATION STUFF
       28151  -9985371.7474478614        453646110016486.94     
   18813252.272846315       -28798624.020294175     
        0    28322   0.326E+00   0.198E+03   0.268E+00   0.389E+03   0.000E+00   0.000E+00   0.000E+00   0.000E+00
  OPTIMIZATION STUFF
       28322  -9813501.9105258677        444908701210073.00     
   18670936.812655602       -28484438.723181471     
        0    28298   0.311E+00   0.183E+03   0.757E+00   0.385E+03   0.000E+00   0.000E+00   0.000E+00   0.000E+00
  OPTIMIZATION STUFF
       28298  -10025008.897671321        458685883935194.69     
   18925778.201617114       -28950787.099288434     
        0    28311  -0.272E+00   0.199E+03  -0.738E+00   0.371E+03   0.000E+00   0.000E+00   0.000E+00   0.000E+00
  OPTIMIZATION STUFF
       28311  -9747339.8514018152        440818489583187.56     
   18595909.641758900       -28343249.493160717     
        0    28336   0.314E-01   0.245E+03  -0.847E-02   0.453E+03   0.000E+00   0.000E+00   0.000E+00   0.000E+00
  OPTIMIZATION STUFF
       28336  -10172228.624691179        459840262610577.62     
   18877659.479331408       -29049888.104022585     
        0    28188   0.131E+00   0.195E+03   0.213E-01   0.294E+03   0.000E+00   0.000E+00   0.000E+00   0.000E+00
  OPTIMIZATION STUFF
       28188  -10252897.748181317        466059467615070.62     
   18998356.649468634       -29251254.397649951     
        0    28271  -0.239E+00   0.283E+03   0.275E+00   0.461E+03   0.000E+00   0.000E+00   0.000E+00   0.000E+00
  OPTIMIZATION STUFF
       28271  -10245303.893279959        464333092720826.00     
   18956973.409676146       -29202277.302956104     
        0    28187  -0.183E+00   0.161E+03  -0.618E+00   0.342E+03   0.000E+00   0.000E+00   0.000E+00   0.000E+00
  OPTIMIZATION STUFF
       28187  -9849967.5289209150        445219744264233.56     
   18660061.198812753       -28510028.727733668     
        0    28357   0.855E+00   0.182E+03   0.120E+01   0.331E+03   0.000E+00   0.000E+00   0.000E+00   0.000E+00
  OPTIMIZATION STUFF
       28357  -9800532.4697962925        441553466991219.44     
   18587711.809141222       -28388244.278937515     
        0    26676  -0.852E+00   0.212E+03  -0.136E+01   0.365E+03   0.000E+00   0.000E+00   0.000E+00   0.000E+00
  OPTIMIZATION STUFF
       26676  -9994006.8433167357        456996000361337.25     
   18897508.501838952       -28891515.345155686     
        0    27182   0.324E+00   0.209E+03   0.333E+00   0.404E+03   0.000E+00   0.000E+00   0.000E+00   0.000E+00
  OPTIMIZATION STUFF
       27182  -9810989.1954756659        446815130340403.25     
   18723237.469696928       -28534226.665172592     
        0    28132   0.409E-01   0.196E+03   0.711E+00   0.296E+03   0.000E+00   0.000E+00   0.000E+00   0.000E+00
  OPTIMIZATION STUFF
       28132  -10051782.508780560        459053834802432.81     
   18921297.608742535       -28973080.117523097     
        0    28181   0.434E+00   0.186E+03   0.170E-01   0.318E+03   0.000E+00   0.000E+00   0.000E+00   0.000E+00
  OPTIMIZATION STUFF
       28181  -9695237.2314009517        441379409989044.38     
   18638180.839768168       -28333418.071169119     
        0    28195  -0.760E+00   0.177E+03  -0.608E+00   0.415E+03   0.000E+00   0.000E+00   0.000E+00   0.000E+00
  OPTIMIZATION STUFF
       28195  -9773176.9146759845        439344720813048.50     
   18542646.353945620       -28315823.268621605     
        0    28133   0.130E+00   0.251E+03  -0.361E-01   0.449E+03   0.000E+00   0.000E+00   0.000E+00   0.000E+00
  OPTIMIZATION STUFF
       28133  -10175389.545054056        464317757952012.38     
   18994188.731251910       -29169578.276305966     
        0    28222   0.725E-01   0.134E+03   0.216E+00   0.320E+03   0.000E+00   0.000E+00   0.000E+00   0.000E+00
  OPTIMIZATION STUFF
       28222  -9723908.3393142615        442930368234017.75     
   18664832.569370460       -28388740.908684723     
        0    27796   0.302E+00   0.163E+03   0.101E+01   0.340E+03   0.000E+00   0.000E+00   0.000E+00   0.000E+00
  OPTIMIZATION STUFF
       27796  -9445897.9116550088        425601120284471.56     
   18340559.776818786       -27786457.688473795     
        0    29941  -0.751E+00   0.106E+03  -0.176E+01   0.260E+03   0.000E+00   0.000E+00   0.000E+00   0.000E+00
  OPTIMIZATION STUFF
       29941  -9512447.7218964379        435803359575004.06     
   18582698.886684660       -28095146.608581096     
        0    27557   0.677E+00   0.177E+03   0.121E+01   0.359E+03   0.000E+00   0.000E+00   0.000E+00   0.000E+00
  OPTIMIZATION STUFF
       27557  -9350906.7024480347        418273450593013.25     
   18188842.580965005       -27539749.283413038     
        0    28132   0.956E-01   0.295E+03  -0.245E-01   0.513E+03   0.000E+00   0.000E+00   0.000E+00   0.000E+00
  OPTIMIZATION STUFF
       28132  -9394916.7595067248        425742345826050.25     
   18370571.164446410       -27765487.923953135     
        0    27378  -0.617E+00   0.124E+03  -0.593E+00   0.241E+03   0.000E+00   0.000E+00   0.000E+00   0.000E+00
  OPTIMIZATION STUFF
       27378  -9610945.8843611423        435651924164543.00     
   18527861.273563784       -28138807.157924928     
        0    33630   0.338E-02   0.156E+03  -0.183E+00   0.323E+03   0.000E+00   0.000E+00   0.000E+00   0.000E+00
  OPTIMIZATION STUFF
       33630  -9448802.3104555234        430038525549181.19     
   18459649.521242585       -27908451.831698108     
        0    37345   0.232E+00   0.277E+03   0.285E+00   0.477E+03   0.000E+00   0.000E+00   0.000E+00   0.000E+00
  OPTIMIZATION STUFF
       37345  -9545878.9413498733        437118789231834.50     
   18600940.418939240       -28146819.360289112     
        0    27769  -0.294E+00   0.112E+03  -0.375E+00   0.218E+03   0.000E+00   0.000E+00   0.000E+00   0.000E+00
  OPTIMIZATION STUFF
       27769  -9617936.3128077537        436883116399240.19     
   18557435.638633214       -28175371.951440968     
        0    27070   0.156E+01   0.262E+03   0.310E+01   0.488E+03   0.000E+00   0.000E+00   0.000E+00   0.000E+00
  OPTIMIZATION STUFF
       27070  -9496665.4544190317        435697108653947.62     
   18587911.499165036       -28084576.953584068     
        0    26111  -0.110E+01   0.290E+03  -0.235E+01   0.555E+03   0.000E+00   0.000E+00   0.000E+00   0.000E+00
  OPTIMIZATION STUFF
       26111  -9441361.0138231348        434468457372265.44     
   18583034.186561838       -28024395.200384974     
        0    27126  -0.571E+00   0.234E+03  -0.865E+00   0.481E+03   0.000E+00   0.000E+00   0.000E+00   0.000E+00
  OPTIMIZATION STUFF
       27126  -9577366.1996559519        441595392730134.06     
   18704797.497108109       -28282163.696764059     
        0    27207   0.172E+00   0.178E+03   0.463E+00   0.395E+03   0.000E+00   0.000E+00   0.000E+00   0.000E+00
  OPTIMIZATION STUFF
       27207  -9179200.6153109893        421889372509296.06     
   18374755.741864175       -27553956.357175164     
        0    27753  -0.917E-01   0.106E+03  -0.195E+00   0.222E+03   0.000E+00   0.000E+00   0.000E+00   0.000E+00
  OPTIMIZATION STUFF
       27753  -9131753.6791158561        422470064697261.94     
   18414155.952451799       -27545909.631567657     
        0    27405  -0.272E-01   0.124E+03  -0.150E+00   0.307E+03   0.000E+00   0.000E+00   0.000E+00   0.000E+00
  OPTIMIZATION STUFF
       27405  -9411500.5366465375        435610029751880.31     
   18628840.205460519       -28040340.742107056     
        0    27079   0.747E-01   0.146E+03   0.502E-01   0.277E+03   0.000E+00   0.000E+00   0.000E+00   0.000E+00
  OPTIMIZATION STUFF
       27079  -9340564.2332838830        426116985665026.88     
   18408444.949775763       -27749009.183059648     
        0    26932   0.160E+00   0.185E+03   0.358E+00   0.360E+03   0.000E+00   0.000E+00   0.000E+00   0.000E+00
  OPTIMIZATION STUFF
       26932  -9132043.7440880071        418332924770527.19     
   18301330.602625325       -27433374.346713334     
        0    26903  -0.325E+00   0.124E+03  -0.704E+00   0.236E+03   0.000E+00   0.000E+00   0.000E+00   0.000E+00
  OPTIMIZATION STUFF
       26903  -9009453.7632792331        410178637281844.25     
   18138588.152587231       -27148041.915866464     
        0    26764   0.522E+00   0.184E+03   0.104E+01   0.458E+03   0.000E+00   0.000E+00   0.000E+00   0.000E+00
  OPTIMIZATION STUFF
       26764  -9122207.0286747534        417201697811649.38     
   18275312.219977155       -27397519.248651907     
        0    22818  -0.711E+00   0.128E+03  -0.154E+01   0.246E+03   0.000E+00   0.000E+00   0.000E+00   0.000E+00
  OPTIMIZATION STUFF
       22818  -8977802.5986754466        410846027168090.62     
   18172646.688562099       -27150449.287237547     
        0    12817   0.890E+00   0.118E+03   0.259E+01   0.336E+03   0.000E+00   0.000E+00   0.000E+00   0.000E+00
  OPTIMIZATION STUFF
       12817  -9224049.3368586265        425363283302601.06     
   18446685.261417538       -27670734.598276164     
        0     9311  -0.333E-01   0.850E+02  -0.545E+00   0.191E+03   0.000E+00   0.000E+00   0.000E+00   0.000E+00
  OPTIMIZATION STUFF
        9311  -9001724.1177214906        416976400573046.56     
   18328812.386007931       -27330536.503729422     
        0    12117  -0.853E+00   0.987E+02  -0.179E+01   0.219E+03   0.000E+00   0.000E+00   0.000E+00   0.000E+00
  OPTIMIZATION STUFF
       12117  -9177651.1622602232        413346122782737.56     
   18141577.713269625       -27319228.875529848     
        0    12165   0.164E+00   0.970E+02   0.533E+00   0.154E+03   0.000E+00   0.000E+00   0.000E+00   0.000E+00
  OPTIMIZATION STUFF
       12165  -8848417.8805783521        402818651786709.38     
   18014553.916135993       -26862971.796714343     
        0    10401   0.564E+00   0.144E+03   0.174E+01   0.268E+03   0.000E+00   0.000E+00   0.000E+00   0.000E+00
  OPTIMIZATION STUFF
       10401  -9227731.8917654715        425153608912387.00     
   18439158.685961824       -27666890.577727295     
        0    10579   0.559E+00   0.154E+03   0.105E+01   0.312E+03   0.000E+00   0.000E+00   0.000E+00   0.000E+00
  OPTIMIZATION STUFF
       10579  -9209979.2391856145        429970805239226.44     
   18578134.665595371       -27788113.904780984     
        0    18528  -0.367E+00   0.125E+03  -0.105E+01   0.278E+03   0.000E+00   0.000E+00   0.000E+00   0.000E+00
  OPTIMIZATION STUFF
       18528  -9172709.0321504120        420498359483845.50     
   18340113.644559342       -27512822.676709756     
        0    14410   0.754E+00   0.124E+03   0.720E+00   0.151E+03   0.000E+00   0.000E+00   0.000E+00   0.000E+00
  OPTIMIZATION STUFF
       14410  -8964553.4223573469        414564286337771.12     
   18281167.038115270       -27245720.460472617     
        0    15441   0.151E+00   0.122E+03   0.577E+00   0.188E+03   0.000E+00   0.000E+00   0.000E+00   0.000E+00
  OPTIMIZATION STUFF
       15441  -9026256.3490246013        414348340985515.62     
   18244863.312922042       -27271119.661946643     
        0    17655  -0.987E+00   0.134E+03  -0.146E+01   0.279E+03   0.000E+00   0.000E+00   0.000E+00   0.000E+00
  OPTIMIZATION STUFF
       17655  -9129246.7239026837        415434580571327.69     
   18223376.054547079       -27352622.778449763     
        0    12750   0.565E+00   0.150E+03   0.669E+00   0.371E+03   0.000E+00   0.000E+00   0.000E+00   0.000E+00
  OPTIMIZATION STUFF
       12750  -8821430.2193747722        404258432312637.75     
   18067672.821847845       -26889103.041222617     
        0    13332  -0.330E+00   0.115E+03  -0.731E+00   0.253E+03   0.000E+00   0.000E+00   0.000E+00   0.000E+00
  OPTIMIZATION STUFF
       13332  -8997064.2297597937        411228133856249.56     
   18173633.899191059       -27170698.128950853     
        0    15440  -0.340E+00   0.116E+03  -0.402E-01   0.323E+03   0.000E+00   0.000E+00   0.000E+00   0.000E+00
  OPTIMIZATION STUFF
       15440  -9235478.1451358385        428333069111582.69     
   18521312.387147434       -27756790.532283273     
        0    15001   0.552E+00   0.138E+03   0.980E+00   0.316E+03   0.000E+00   0.000E+00   0.000E+00   0.000E+00
  OPTIMIZATION STUFF
       15001  -9075812.8263298348        412696533531648.88     
   18174877.030480172       -27250689.856810007     
        0    17924   0.443E-01   0.851E+02  -0.309E+00   0.148E+03   0.000E+00   0.000E+00   0.000E+00   0.000E+00
  OPTIMIZATION STUFF
       17924  -9178038.0671082493        419235594158944.25     
   18302983.674736097       -27481021.741844349     
        0    15313   0.209E-01   0.317E+03   0.139E+00   0.658E+03   0.000E+00   0.000E+00   0.000E+00   0.000E+00
  OPTIMIZATION STUFF
       15313  -9276434.3172951322        424207241584744.88     
   18388991.487888999       -27665425.805184133     
        0    15045  -0.107E+00   0.128E+03  -0.191E+00   0.266E+03   0.000E+00   0.000E+00   0.000E+00   0.000E+00
  OPTIMIZATION STUFF
       15045  -9394762.4992393013        426794622535317.06     
   18399267.923431192       -27794030.422670491     
        0    14225   0.237E+00   0.180E+03   0.270E+00   0.387E+03   0.000E+00   0.000E+00   0.000E+00   0.000E+00
  OPTIMIZATION STUFF
       14225  -9101386.4616102297        418375706377853.75     
   18317763.806050994       -27419150.267661221     
        0    17949  -0.147E+00   0.183E+03  -0.282E+00   0.372E+03   0.000E+00   0.000E+00   0.000E+00   0.000E+00
  OPTIMIZATION STUFF
       17949  -9251583.9264398348        426384803009177.75     
   18460579.564607874       -27712163.491047710     
        0    19275  -0.969E-01   0.121E+03  -0.472E-01   0.314E+03   0.000E+00   0.000E+00   0.000E+00   0.000E+00
  OPTIMIZATION STUFF
       19275  -9381991.1636099536        429558507631678.19     
   18480712.903933737       -27862704.067543693     
        0    15852   0.389E+00   0.141E+03   0.860E+00   0.230E+03   0.000E+00   0.000E+00   0.000E+00   0.000E+00
  OPTIMIZATION STUFF
       15852  -9309019.1095120069        432218726951177.62     
   18589268.145086236       -27898287.254598245     
        0    15730  -0.415E+00   0.191E+03  -0.693E+00   0.414E+03   0.000E+00   0.000E+00   0.000E+00   0.000E+00
  OPTIMIZATION STUFF
       15730  -9295778.1077374928        430642287286669.38     
   18553457.808677543       -27849235.916415036     
        0    12978  -0.455E+00   0.888E+02  -0.966E+00   0.130E+03   0.000E+00   0.000E+00   0.000E+00   0.000E+00
  OPTIMIZATION STUFF
       12978  -9178163.6636411268        419915157759679.25     
   18321475.637161352       -27499639.300802477     
        0    15976   0.126E+00   0.891E+02   0.521E+00   0.206E+03   0.000E+00   0.000E+00   0.000E+00   0.000E+00
  OPTIMIZATION STUFF
       15976  -9045404.4583263453        410411117762186.69     
   18127100.594068445       -27172505.052394792     
        0    16439   0.236E+00   0.116E+03   0.381E+00   0.282E+03   0.000E+00   0.000E+00   0.000E+00   0.000E+00
  OPTIMIZATION STUFF
       16439  -8884426.7734887749        405600770464434.12     
   18073951.736434121       -26958378.509922896     
        0    12092  -0.446E-01   0.124E+03   0.263E-01   0.239E+03   0.000E+00   0.000E+00   0.000E+00   0.000E+00
  OPTIMIZATION STUFF
       12092  -9037727.6511424985        412597116419864.12     
   18191113.086439721       -27228840.737582222     
        0    13446   0.377E+00   0.128E+03   0.114E+01   0.297E+03   0.000E+00   0.000E+00   0.000E+00   0.000E+00
  OPTIMIZATION STUFF
       13446  -8814174.8347903956        399969319544132.44     
   17952148.660421684       -26766323.495212078     
        0    12133   0.121E+00   0.154E+03  -0.155E+00   0.400E+03   0.000E+00   0.000E+00   0.000E+00   0.000E+00
  OPTIMIZATION STUFF
       12133  -9052123.4774388522        414481040944394.38     
   18235682.095649581       -27287805.573088434     
        0     9076   0.427E+00   0.156E+03   0.270E+00   0.347E+03   0.000E+00   0.000E+00   0.000E+00   0.000E+00
  OPTIMIZATION STUFF
        9076  -8778312.6262097713        396804098994496.12     
   17881424.060488645       -26659736.686698414     
        0     8629  -0.129E+01   0.139E+03  -0.307E+01   0.338E+03   0.000E+00   0.000E+00   0.000E+00   0.000E+00
  OPTIMIZATION STUFF
        8629  -8478647.5004696213        390871556656158.56     
   17860125.789560914       -26338773.290030535     
        0     9314   0.924E+05   0.893E+07   0.268E+06   0.259E+08   0.000E+00   0.000E+00   0.000E+00   0.000E+00
  OPTIMIZATION STUFF
        9314  -9004487.1820688322        410210713739672.69     
   18141938.273724522       -27146425.455793355     
        0     6982  -0.123E+06   0.103E+08  -0.358E+06   0.299E+08   0.000E+00   0.000E+00   0.000E+00   0.000E+00
  OPTIMIZATION STUFF
        6982  -9061820.9540613405        426677253401649.62     
   18562345.067317989       -27624166.021379329     
        0    12159  -0.792E+00   0.162E+03  -0.198E+01   0.349E+03   0.000E+00   0.000E+00   0.000E+00   0.000E+00
  OPTIMIZATION STUFF
       12159  -8971786.6049131807        418333996659513.75     
   18380452.708663467       -27352239.313576646     
        0    14224  -0.443E+00   0.125E+03  -0.115E+00   0.211E+03   0.000E+00   0.000E+00   0.000E+00   0.000E+00
  OPTIMIZATION STUFF
       14224  -9006772.3309166785        413368345258339.25     
   18227627.312334783       -27234399.643251464     
        0    14879  -0.141E+00   0.140E+03  -0.473E+00   0.325E+03   0.000E+00   0.000E+00   0.000E+00   0.000E+00
  OPTIMIZATION STUFF
       14879  -9120813.4246001169        421702712333192.44     
   18398735.685009085       -27519549.109609202     
        0    13613  -0.109E+00   0.923E+02  -0.384E+00   0.285E+03   0.000E+00   0.000E+00   0.000E+00   0.000E+00
  OPTIMIZATION STUFF
       13613  -8557605.0736540649        393285483477487.94     
   17890021.768596541       -26447626.842250608     
        0    15615   0.142E+00   0.830E+02   0.751E+00   0.152E+03   0.000E+00   0.000E+00   0.000E+00   0.000E+00
  OPTIMIZATION STUFF
       15615  -8420723.4148621950        380177062391925.94     
   17586030.807499386       -26006754.222361580     
        0    16409  -0.229E+00   0.106E+03  -0.812E+00   0.300E+03   0.000E+00   0.000E+00   0.000E+00   0.000E+00
  OPTIMIZATION STUFF
       16409  -8057568.9897567835        364437852752579.75     
   17306456.446306091       -25364025.436062872     
        0    16339   0.118E+00   0.237E+03   0.262E+00   0.518E+03   0.000E+00   0.000E+00   0.000E+00   0.000E+00
  OPTIMIZATION STUFF
       16339  -8175883.7879706146        370066656757003.44     
   17413258.771482226       -25589142.559452839     
        0    16164  -0.115E+00   0.143E+03  -0.489E+00   0.293E+03   0.000E+00   0.000E+00   0.000E+00   0.000E+00
  OPTIMIZATION STUFF
       16164  -8188025.9607523903        374264960515655.31     
   17527726.360874653       -25715752.321627043     
        0    15379   0.143E+00   0.123E+03   0.349E+00   0.314E+03   0.000E+00   0.000E+00   0.000E+00   0.000E+00
  OPTIMIZATION STUFF
       15379  -8142675.6020846432        373599976318865.31     
   17529883.352666121       -25672558.954750765     
        0    15417   0.678E+00   0.128E+03   0.127E+01   0.224E+03   0.000E+00   0.000E+00   0.000E+00   0.000E+00
  OPTIMIZATION STUFF
       15417  -8123890.0131126102        364970730048897.31     
   17290839.803310495       -25414729.816423103     
        0    11464   0.447E+00   0.142E+03   0.516E+00   0.273E+03   0.000E+00   0.000E+00   0.000E+00   0.000E+00
  OPTIMIZATION STUFF
       11464  -8495585.5917224996        389003877947875.81     
   17799688.295068339       -26295273.886790838     
        0    16510  -0.754E+00   0.174E+03  -0.148E+01   0.373E+03   0.000E+00   0.000E+00   0.000E+00   0.000E+00
  OPTIMIZATION STUFF
       16510  -8124934.1334058167        365801897749697.25     
   17314368.110835414       -25439302.244241230     
        0    13215  -0.290E+00   0.960E+02  -0.282E+00   0.182E+03   0.000E+00   0.000E+00   0.000E+00   0.000E+00
  OPTIMIZATION STUFF
       13215  -8450113.1895526517        378613163041228.19     
   17527371.455097780       -25977484.644650429     
        0    15998   0.287E+00   0.141E+03   0.384E+00   0.293E+03   0.000E+00   0.000E+00   0.000E+00   0.000E+00
  OPTIMIZATION STUFF
       15998  -8213014.8875892395        371491735540428.62     
   17436688.963122159       -25649703.850711398     
        0    19828  -0.333E+00   0.105E+03  -0.500E+00   0.284E+03   0.000E+00   0.000E+00   0.000E+00   0.000E+00
  OPTIMIZATION STUFF
       19828  -8246080.6595448796        371727262181259.19     
   17427834.516586937       -25673915.176131815     
        0    16337   0.383E+00   0.120E+03   0.593E+00   0.209E+03   0.000E+00   0.000E+00   0.000E+00   0.000E+00
  OPTIMIZATION STUFF
       16337  -8194409.2029683143        370277499733541.69     
   17410604.743886694       -25605013.946855009     
        0    15592   0.601E+00   0.232E+03   0.473E+00   0.407E+03   0.000E+00   0.000E+00   0.000E+00   0.000E+00
  OPTIMIZATION STUFF
       15592  -8062600.4828611230        359752249030163.94     
   17168189.260487884       -25230789.743349008     
        0    22510  -0.249E-01   0.128E+03   0.234E+00   0.233E+03   0.000E+00   0.000E+00   0.000E+00   0.000E+00
  OPTIMIZATION STUFF
       22510  -8310768.0286664516        375956777749942.56     
   17518216.590841606       -25828984.619508058     
        0    27231   0.112E+00   0.148E+03   0.365E+00   0.281E+03   0.000E+00   0.000E+00   0.000E+00   0.000E+00
  OPTIMIZATION STUFF
       27231  -8277255.1566230189        371973774220835.00     
   17420126.902321711       -25697382.058944732     
        0    26912  -0.430E+00   0.129E+03  -0.423E+00   0.286E+03   0.000E+00   0.000E+00   0.000E+00   0.000E+00
  OPTIMIZATION STUFF
       26912  -8388483.8082158510        383889528232556.69     
   17706576.959758688       -26095060.767974541     
        0    27050  -0.142E+00   0.154E+03  -0.578E+00   0.315E+03   0.000E+00   0.000E+00   0.000E+00   0.000E+00
  OPTIMIZATION STUFF
       27050  -8504082.7315692231        389108929842181.75     
   17798581.593396928       -26302664.324966151     
        0    27294   0.126E+00   0.131E+03   0.369E+00   0.317E+03   0.000E+00   0.000E+00   0.000E+00   0.000E+00
  OPTIMIZATION STUFF
       27294  -8358298.7268894240        380962264464064.62     
   17638058.477512293       -25996357.204401717     
        0    28155  -0.682E-01   0.127E+03  -0.318E+00   0.287E+03   0.000E+00   0.000E+00   0.000E+00   0.000E+00
  OPTIMIZATION STUFF
       28155  -8536888.4235393927        390458789125789.25     
   17820783.517281961       -26357671.940821353     
        0    26384  -0.833E-01   0.142E+03   0.194E+00   0.306E+03   0.000E+00   0.000E+00   0.000E+00   0.000E+00
  OPTIMIZATION STUFF
       26384  -8452857.8493853863        384573642225103.25     
   17695277.234425776       -26148135.083811164     
        0    28058   0.154E+00   0.862E+02   0.291E+00   0.219E+03   0.000E+00   0.000E+00   0.000E+00   0.000E+00
  OPTIMIZATION STUFF
       28058  -8404150.4053018205        384590249483633.62     
   17718930.708389230       -26123081.113691051     
        0    27031  -0.190E+00   0.100E+03  -0.569E+00   0.212E+03   0.000E+00   0.000E+00   0.000E+00   0.000E+00
  OPTIMIZATION STUFF
       27031  -8170393.4689783137        366642804610208.38     
   17317259.459056590       -25487652.928034902     
        0    27433  -0.568E-02   0.108E+03   0.129E+00   0.221E+03   0.000E+00   0.000E+00   0.000E+00   0.000E+00
  OPTIMIZATION STUFF
       27433  -8629495.3166139536        391918386483575.38     
   17817132.122317363       -26446627.438931316     
        0    27292   0.394E+00   0.117E+03   0.778E+00   0.230E+03   0.000E+00   0.000E+00   0.000E+00   0.000E+00
  OPTIMIZATION STUFF
       27292  -8709826.8281190265        399446742232173.06     
   17988486.841764960       -26698313.669883989     
        0    27862  -0.340E+00   0.133E+03  -0.486E+00   0.300E+03   0.000E+00   0.000E+00   0.000E+00   0.000E+00
  OPTIMIZATION STUFF
       27862  -8729685.5902227033        396038109657962.25     
   17883811.091426246       -26613496.681648947     
        0    28045   0.149E+00   0.135E+03  -0.768E-02   0.351E+03   0.000E+00   0.000E+00   0.000E+00   0.000E+00
  OPTIMIZATION STUFF
       28045  -8602531.3958307803        388353834742454.62     
   17729926.348583639       -26332457.744414419     
        0    27252  -0.108E+00   0.100E+03   0.483E-01   0.205E+03   0.000E+00   0.000E+00   0.000E+00   0.000E+00
  OPTIMIZATION STUFF
       27252  -8391385.1735303234        384809009300675.31     
   17731149.544519972       -26122534.718050294     
        0    26024   0.217E+00   0.128E+03   0.131E+00   0.276E+03   0.000E+00   0.000E+00   0.000E+00   0.000E+00
  OPTIMIZATION STUFF
       26024  -8650597.0884416047        404512833325054.69     
   18157092.370159388       -26807689.458600990     
        0    27130  -0.183E+00   0.901E+02  -0.442E+00   0.216E+03   0.000E+00   0.000E+00   0.000E+00   0.000E+00
  OPTIMIZATION STUFF
       27130  -8754576.4931764621        406321333436391.25     
   18157057.136593290       -26911633.629769750     
        0    28401   0.315E-01   0.146E+03   0.642E-01   0.295E+03   0.000E+00   0.000E+00   0.000E+00   0.000E+00
  OPTIMIZATION STUFF
       28401  -8607196.7498325370        404910794728905.56     
   18188649.175751831       -26795845.925584368     
        0    28006   0.225E+00   0.115E+03   0.954E+00   0.236E+03   0.000E+00   0.000E+00   0.000E+00   0.000E+00
  OPTIMIZATION STUFF
       28006  -8638161.1028172597        398019635882543.50     
   17983375.896764167       -26621536.999581426     
        0    28932  -0.197E+00   0.937E+03  -0.671E+00   0.306E+04   0.000E+00   0.000E+00   0.000E+00   0.000E+00
  OPTIMIZATION STUFF
       28932  -8495387.5168670677        395470246528322.50     
   17980507.152652331       -26475894.669519398     
        0    36137  -0.488E-01   0.121E+03  -0.322E+00   0.273E+03   0.000E+00   0.000E+00   0.000E+00   0.000E+00
  OPTIMIZATION STUFF
       36137  -8514927.2240700871        395301452231037.19     
   17966565.242133155       -26481492.466203243     
        0    38764   0.213E-01   0.146E+03   0.143E+00   0.318E+03   0.000E+00   0.000E+00   0.000E+00   0.000E+00
  OPTIMIZATION STUFF
       38764  -8854249.4094007779        410164341925187.19     
   18214461.543545917       -27068710.952946693     
        0    33264   0.914E-01   0.109E+03   0.238E+00   0.263E+03   0.000E+00   0.000E+00   0.000E+00   0.000E+00
  OPTIMIZATION STUFF
       33264  -8756517.8169451207        407278286898047.88     
   18182455.351782676       -26938973.168727797     
        0    28546  -0.663E-01   0.176E+03   0.703E-01   0.417E+03   0.000E+00   0.000E+00   0.000E+00   0.000E+00
  OPTIMIZATION STUFF
       28546  -8729750.4820568897        403986894323741.69     
   18104649.978521243       -26834400.460578132     
        0    29026   0.457E-01   0.143E+03   0.739E-02   0.284E+03   0.000E+00   0.000E+00   0.000E+00   0.000E+00
  OPTIMIZATION STUFF
       29026  -8524250.7070903890        397384743171574.38     
   18020041.427650586       -26544292.134740975     
        0    40553  -0.666E-01   0.183E+03  -0.105E+00   0.382E+03   0.000E+00   0.000E+00   0.000E+00   0.000E+00
  OPTIMIZATION STUFF
       40553  -8488508.7880612649        395882036427603.19     
   17995200.887531374       -26483709.675592639     
        0    40844   0.300E-01   0.107E+03   0.510E-01   0.205E+03   0.000E+00   0.000E+00   0.000E+00   0.000E+00
  OPTIMIZATION STUFF
       40844  -8441699.4527702555        388689719814573.75     
   17816493.206118654       -26258192.658888910     
        0    39886  -0.170E+00   0.143E+03  -0.431E+00   0.317E+03   0.000E+00   0.000E+00   0.000E+00   0.000E+00
  OPTIMIZATION STUFF
       39886  -8549403.8352769036        397286280394476.19     
   18005387.373112213       -26554791.208389118     
        0    38304   0.172E+00   0.166E+03   0.507E+00   0.431E+03   0.000E+00   0.000E+00   0.000E+00   0.000E+00
  OPTIMIZATION STUFF
       38304  -8322462.6296248054        392046538314606.50     
   17966166.928232215       -26288629.557857022     
        0    37307  -0.474E-01   0.127E+03  -0.688E-01   0.308E+03   0.000E+00   0.000E+00   0.000E+00   0.000E+00
  OPTIMIZATION STUFF
       37307  -8189201.3284068089        388559031962316.50     
   17930309.912690762       -26119511.241097569     
        0    37322   0.587E-01   0.159E+03  -0.164E+00   0.387E+03   0.000E+00   0.000E+00   0.000E+00   0.000E+00
  OPTIMIZATION STUFF
       37322  -8349765.4386289921        394618016069797.31     
   18024966.940043859       -26374732.378672853     
        0    35826   0.433E-01   0.160E+03   0.227E+00   0.379E+03   0.000E+00   0.000E+00   0.000E+00   0.000E+00
  OPTIMIZATION STUFF
       35826  -8489328.9789253809        401567052387165.69     
   18152089.297784522       -26641418.276709903     
        0    37680   0.803E-01   0.155E+03  -0.212E-01   0.301E+03   0.000E+00   0.000E+00   0.000E+00   0.000E+00
  OPTIMIZATION STUFF
       37680  -8192302.6229459243        385264868787171.00     
   17836789.131490126       -26029091.754436050     
