tried moves    experiment_1   _      experiment_2    _                                                                                                                                                                                                                                                                                                                                                                                                                                                                          
        0   538376   0.118E-01   0.161E+03   0.371E-01   0.505E+03
  OPTIMIZATION STUFF
      538376  -8.1155518468622088        293.68467704458311     
   15.093789956981464       -23.209341803843671     
        0   446853  -0.682E-03   0.337E+02  -0.369E-02   0.789E+02
  OPTIMIZATION STUFF
      446853  -6.9202298772633357        74.338481361259355     
   5.1428493860010356       -12.063079263264370     
        0   368810   0.231E-02   0.321E+02   0.480E-02   0.710E+02
  OPTIMIZATION STUFF
      368810  -6.8205750284026578        71.939846500269681     
   5.0417856739651050       -11.862360702367763     
        0   406158  -0.407E-03   0.345E+02  -0.456E-02   0.763E+02
  OPTIMIZATION STUFF
      406158  -6.8165991004333772        71.718379705915908     
   5.0251722766375657       -11.841771377070943     
        0   422281   0.468E-02   0.145E+07   0.145E-01   0.406E+07
  OPTIMIZATION STUFF
      422281  -3480.7264863941969        3828646668.8458629     
   61778.080351956363       -65258.806838350560     
        0   370835  -0.475E-02   0.370E+02  -0.104E-01   0.843E+02
  OPTIMIZATION STUFF
      370835  -6.7001069980595602        69.189203268615302     
   4.9292767708020424       -11.629383768861603     
        0   377647  -0.122E-02   0.357E+02  -0.390E-02   0.770E+02
  OPTIMIZATION STUFF
      377647  -6.7141617091283088        69.121610998859182     
   4.9032278697338150       -11.617389578862124     
        0   358515  -0.119E-02   0.349E+02  -0.154E-02   0.753E+02
  OPTIMIZATION STUFF
      358515  -6.6346062621752093        67.376824709968304     
   4.8330967770026909       -11.467703039177900     
        0   348380  -0.330E-03   0.382E+02  -0.343E-02   0.886E+02
  OPTIMIZATION STUFF
      348380  -6.6804365518414803        68.608007907596132     
   4.8969148843344668       -11.577351436175947     
        0   350145   0.184E-02   0.347E+02   0.785E-02   0.757E+02
  OPTIMIZATION STUFF
      350145  -6.6146421153645187        66.946022478844000     
   4.8158625566444488       -11.430504672008968     
        0   361752   0.286E-02   0.381E+02   0.640E-02   0.869E+02
  OPTIMIZATION STUFF
      361752  -6.6226099157030704        67.280839315498326     
   4.8396154000012954       -11.462225315704366     
        0   360022  -0.552E-02   0.382E+02  -0.154E-01   0.891E+02
  OPTIMIZATION STUFF
      360022  -6.6758505371400494        68.515760791089875     
   4.8937491146213032       -11.569599651761353     
        0   388226   0.552E-02   0.365E+02   0.127E-01   0.817E+02
  OPTIMIZATION STUFF
      388226  -6.5334575148368152        65.121827494696859     
   4.7366402012945006       -11.270097716131316     
        0   358830  -0.352E-02   0.383E+02  -0.855E-02   0.873E+02
  OPTIMIZATION STUFF
      358830  -6.5671100210146305        65.944397481794027     
   4.7767628634550459       -11.343872884469675     
        0   375161  -0.135E-02   0.372E+02  -0.203E-02   0.820E+02
  OPTIMIZATION STUFF
      375161  -6.6373701368263553        67.416040351467302     
   4.8333588753819008       -11.470729012208256     
        0   370565  -0.360E-03   0.378E+02  -0.135E-02   0.846E+02
  OPTIMIZATION STUFF
      370565  -6.5006959026325974        64.399476946439862     
   4.7053618062733094       -11.206057708905906     
        0   371044   0.299E-02   0.366E+02   0.798E-02   0.786E+02
  OPTIMIZATION STUFF
      371044  -6.5244198297970026        64.904944739325231     
   4.7261919791600597       -11.250611808957062     
        0   391470   0.310E-02   0.418E+02   0.814E-02   0.974E+02
  OPTIMIZATION STUFF
      391470  -6.6779988748072725        68.619807466161177     
   4.9014424911686945       -11.579441365975967     
        0   379380  -0.484E-02   0.353E+02  -0.166E-01   0.744E+02
  OPTIMIZATION STUFF
      379380  -6.5672185833498933        65.658135576519342     
   4.7465540821761598       -11.313772665526052     
        0   383987  -0.231E-02   0.384E+02  -0.250E-02   0.858E+02
  OPTIMIZATION STUFF
      383987  -6.6410060629083096        67.634925343107327     
   4.8509755529710104       -11.491981615879320     
        0   371563   0.145E-02   0.375E+02   0.371E-02   0.814E+02
  OPTIMIZATION STUFF
      371563  -6.5541000827322078        65.596908652787661     
   4.7582224368263120       -11.312322519558521     
        0   366723   0.203E-02   0.376E+02   0.584E-02   0.809E+02
  OPTIMIZATION STUFF
      366723  -6.5665754637264442        65.749669784110409     
   4.7570743596559693       -11.323649823382414     
        0   359277  -0.166E-02   0.381E+02  -0.430E-02   0.828E+02
  OPTIMIZATION STUFF
      359277  -6.5726841061073058        65.942803600012112     
   4.7689230693455853       -11.341607175452891     
        0   353825   0.255E-02   0.398E+02   0.842E-02   0.906E+02
  OPTIMIZATION STUFF
      353825  -6.5956846738499735        66.681586481460215     
   4.8144085996725279       -11.410093273522502     
        0   365494   0.168E-02   0.406E+02   0.266E-02   0.914E+02
  OPTIMIZATION STUFF
      365494  -6.5892704554132626        66.650427780377143     
   4.8199525563842469       -11.409223011797510     
        0   333994  -0.386E-02   0.396E+02  -0.122E-01   0.866E+02
  OPTIMIZATION STUFF
      333994  -6.5405563231957480        65.215757584743159     
   4.7367584451655622       -11.277314768361311     
        0   363957   0.538E-03   0.434E+02   0.240E-02   0.997E+02
  OPTIMIZATION STUFF
      363957  -6.6137735276578518        67.232949523426285     
   4.8467462537540067       -11.460519781411858     
        0   365914   0.290E-02   0.380E+02   0.701E-02   0.801E+02
  OPTIMIZATION STUFF
      365914  -6.6032012400509243        66.676852291063426     
   4.8036013234294703       -11.406802563480394     
        0   369682  -0.355E-02   0.414E+02  -0.819E-02   0.949E+02
  OPTIMIZATION STUFF
      369682  -6.5377483169262183        65.385183882990049     
   4.7584693786467147       -11.296217695572933     
        0   362436   0.883E-02   0.394E+02   0.219E-01   0.870E+02
  OPTIMIZATION STUFF
      362436  -6.5385052845302649        65.331481335404931     
   4.7517817689341264       -11.290287053464391     
        0   360698  -0.649E-02   0.744E+02  -0.195E-01   0.213E+03
  OPTIMIZATION STUFF
      360698  -6.6537331430030138        72.449884899860436     
   5.3082690362832654       -11.962002179286280     
        0   378000  -0.682E-03   0.423E+02   0.210E-02   0.968E+02
  OPTIMIZATION STUFF
      378000  -6.6339027047406010        67.597375471758596     
   4.8568210154167648       -11.490723720157366     
        0   369848  -0.219E-02   0.405E+02  -0.762E-02   0.897E+02
  OPTIMIZATION STUFF
      369848  -6.5654371714363551        65.932256304302797     
   4.7777914408463440       -11.343228612282699     
        0   349992   0.104E-02   0.402E+02   0.567E-02   0.900E+02
  OPTIMIZATION STUFF
      349992  -6.5250515440607231        65.104195734221662     
   4.7463562952619176       -11.271407839322642     
        0   345854   0.144E-02   0.390E+02  -0.283E-03   0.874E+02
  OPTIMIZATION STUFF
      345854  -6.5128000326807234        64.607291251153384     
   4.7107034491111142       -11.223503481791838     
        0   368846  -0.143E-02   0.391E+02  -0.140E-02   0.829E+02
  OPTIMIZATION STUFF
      368846  -6.5658742193261466        65.779032091435013     
   4.7611267392733074       -11.327000958599454     
        0   357460   0.304E-02   0.376E+03   0.107E-01   0.123E+04
  OPTIMIZATION STUFF
      357460  -7.3926626739019490        278.20493611804147     
   14.951704742534824       -22.344367416436775     
        0   355347  -0.403E-03   0.403E+02  -0.450E-02   0.927E+02
  OPTIMIZATION STUFF
      355347  -6.5120934896149061        64.631510287001490     
   4.7142495340739705       -11.226343023688877     
        0   352327  -0.396E-02   0.383E+02  -0.116E-01   0.823E+02
  OPTIMIZATION STUFF
      352327  -6.5613368241573973        65.865319591441178     
   4.7764190217564977       -11.337755845913895     
        0   352290   0.626E-03   0.383E+02   0.339E-02   0.822E+02
  OPTIMIZATION STUFF
      352290  -6.5665127342775946        65.828361866657801     
   4.7654246796301365       -11.331937413907731     
        0   372160   0.271E-02   0.405E+02   0.748E-02   0.905E+02
  OPTIMIZATION STUFF
      372160  -6.5652038385953251        65.883478302088974     
   4.7730050135928188       -11.338208852188144     
        0   385298   0.421E-03   0.173E+07   0.116E-02   0.487E+07
  OPTIMIZATION STUFF
      385298  -3685.6567424803497        3719768578.2345834     
   60878.440458106292       -64564.097200586642     
        0   379687   0.249E-02   0.410E+02   0.406E-02   0.919E+02
  OPTIMIZATION STUFF
      379687  -6.6178673490753797        67.149213974277544     
   4.8324989109486154       -11.450366260023994     
        0   364891  -0.652E-02   0.383E+02  -0.165E-01   0.803E+02
  OPTIMIZATION STUFF
      364891  -6.6224141752757655        67.175971227861979     
   4.8290373490964615       -11.451451524372228     
        0   360434  -0.264E-02   0.429E+02  -0.562E-02   0.975E+02
  OPTIMIZATION STUFF
      360434  -6.5487839763280489        65.676264092380009     
   4.7738551008350685       -11.322639077163117     
        0   368424   0.626E-02   0.390E+02   0.185E-01   0.849E+02
  OPTIMIZATION STUFF
      368424  -6.5598174943590406        65.809550923414122     
   4.7726664836457200       -11.332483978004760     
        0   358780   0.145E-02   0.357E+02   0.162E-02   0.714E+02
  OPTIMIZATION STUFF
      358780  -6.5831615655196103        66.017117876621100     
   4.7622580441305882       -11.345419609650198     
        0   377983  -0.107E-02   0.414E+02  -0.274E-02   0.935E+02
  OPTIMIZATION STUFF
      377983  -6.5627157347005989        65.838017950443486     
   4.7716642941385414       -11.334380028839140     
        0   371026  -0.144E-02   0.401E+02  -0.286E-02   0.886E+02
  OPTIMIZATION STUFF
      371026  -6.5655778810688750        65.900643983143695     
   4.7742885407946209       -11.339866421863496     
        0   358966   0.150E-03   0.399E+02   0.163E-03   0.860E+02
  OPTIMIZATION STUFF
      358966  -6.5128982757961973        64.653948428886125     
   4.7155174136055367       -11.228415689401734     
