   26424.817863478784     
   24484.517801724985     
   27107.273634588662     
   25083.952635208771     
   33181.001324639612     
   27525.998553149373     
   25601.720241731211     
   24621.782059797697     
   23316.573257992903     
   26718.686074745165     
   30055.747410858130     
   22515.332657102015     
   29564.521941347524     
   25243.866524123667     
   23978.920013009181     
   23338.827802548993     
   27405.719798127284     
   31810.856020615360     
   23641.825594263006     
   21801.318527535779     
   23717.790518311493     
   26578.999763019558     
   24467.974861510633     
   28341.887898758785     
   29933.306089870930     
   24560.714357381221     
   25630.262436400462     
   29249.273621875360     
   24905.487482852583     
   36076.491695076329     
   26660.852870037710     
   27206.078157245320     
   23597.357084308504     
   25940.459360139790     
   26329.051309918446     
   25257.190629351433     
   30214.210300704726     
   28475.926875798748     
   22992.605253182257     
   24402.894103083701     
   28189.559561005382     
   28785.719412882612     
   31274.792315086655     
   22886.612305855822     
   19902.285161648335     
   29021.133504225189     
   30147.551891810359     
   28682.530423308432     
   27109.435110375474     
   27220.158801015416     
