0	-0.97		0.0012
0.05	-0.97524	0.01104
0.1	-0.98759	0.037
0.15	-0.99907	0.06105
0.2	-1.00195	0.06703
0.25	-0.99349	0.04966
0.3	-0.97751	0.01871
0.35	-0.96191	0.01773
0.4	-0.9539	0.03046
0.45	-0.95578	0.02378
0.5	-0.964	0.00823
0.55	-0.97181	0.01693
0.6	-0.97369	0.02187
0.65	-0.96857	0.01361
0.7	-0.96		0.00774
0.75	-0.95326	0.0158
0.8	-0.95164	0.0155
0.85	-0.95431	0.00832
0.9	-0.95721	0.01076
0.95	-0.95614	0.01461
1	-0.94975	0.01087
1.05	-0.94037	0.00803
1.1	-0.93215	0.01269
1.15	-0.92783	0.01299
1.2	-0.92655	0.00924
1.25	-0.92432	0.01068
1.3	-0.91683	0.01338
1.35	-0.90254	0.01177
1.4	-0.88381	0.01111
1.45	-0.86501	0.01404
1.5	-0.84895	0.01425
1.55	-0.83398	0.01305
1.6	-0.81424	0.01523
1.65	-0.78284	0.01722
1.7	-0.73598	0.01744
1.75	-0.67468	0.02019
1.8	-0.60227	0.02388
1.85	-0.51884	0.02546
1.9	-0.41615	0.02916
1.95	-0.27747	0.03718
2	-0.08439	0.04237
2.05	0.1718	0.04207
2.1	0.47943	0.0449
2.15	0.80297	0.05612
2.2	1.09011	0.06557
2.25	1.28752	0.06533
2.3	1.35906	0.05829
2.35	1.2983	0.05444
2.4	1.12986	0.0568
2.45	0.89929	0.05755
2.5	0.65629	0.0525
2.55	0.43896	0.04444
2.6	0.26534	0.03793
2.65	0.1344	0.03464
2.7	0.03419	0.03283
2.75	-0.04835	0.03037
2.8	-0.12074	0.02676
2.85	-0.18372	0.02373
2.9	-0.23446	0.02303
2.95	-0.2709	0.02337
3	-0.29429	0.02269
3.05	-0.3088	0.02112
3.1	-0.31902	0.01967
3.15	-0.32746	0.01864
3.2	-0.33371	0.01797
3.25	-0.3356	0.01765
3.3	-0.33112	0.0173
3.35	-0.31995	0.01678
3.4	-0.30344	0.01666
3.45	-0.28348	0.01697
3.5	-0.26117	0.01723
3.55	-0.23627	0.01762
3.6	-0.20773	0.0184
3.65	-0.17483	0.01896
3.7	-0.13793	0.01884
3.75	-0.09852	0.01863
3.8	-0.05837	0.01913
3.85	-0.01867	0.02027
3.9	0.02024	0.02129
3.95	0.05851	0.02163
4	0.0959	0.02125
4.05	0.13122	0.02065
4.1	0.1625	0.02045
4.15	0.18772	0.02075
4.2	0.20573	0.02133
4.25	0.21657	0.02197
4.3	0.22122	0.02237
4.35	0.22076	0.02212
4.4	0.21571	0.02129
4.45	0.20589	0.0204
4.5	0.19086	0.01983
4.55	0.1706	0.0195
4.6	0.14597	0.01919
4.65	0.11857	0.01869
4.7	0.09018	0.01793
4.75	0.06214	0.01715
4.8	0.03508	0.01674
4.85	0.00913	0.01656
4.9	-0.01563	0.0162
4.95	-0.03877	0.01569
5	-0.05954	0.01523
5.05	-0.07719	0.01478
5.1	-0.09137	0.01431
5.15	-0.10228	0.01397
5.2	-0.11047	0.01371
5.25	-0.11645	0.01329
5.3	-0.12036	0.0129
5.35	-0.12192	0.01294
5.4	-0.12075	0.01328
5.45	-0.1167	0.0135
5.5	-0.11005	0.01343
5.55	-0.10141	0.01321
5.6	-0.09138	0.01317
5.65	-0.0803	0.01343
5.7	-0.06819	0.01369
5.75	-0.05492	0.01353
5.8	-0.04055	0.01307
5.85	-0.02548	0.01285
5.9	-0.01037	0.013
5.95	0.00411	0.01328
6	0.01753	0.01361
6.05	0.02981	0.01393
6.1	0.04104	0.014
6.15	0.05122	0.01382
6.2	0.06016	0.01378
6.25	0.06742	0.01397
6.3	0.07261	0.01397
6.35	0.07556	0.01358
6.4	0.07642	0.01307
6.45	0.07556	0.01282
6.5	0.07332	0.01286
6.55	0.06984	0.013
6.6	0.06506	0.01299
6.65	0.05886	0.01265
6.7	0.05126	0.01215
6.75	0.04256	0.01179
6.8	0.03326	0.0117
6.85	0.0239	0.01178
6.9	0.01486	0.01192
6.95	0.00628	0.01195
7	-0.00187	0.01175
7.05	-0.00962	0.01142
7.1	-0.01694	0.01122
7.15	-0.0237	0.01113
7.2	-0.02974	0.01096
7.25	-0.03491	0.01075
7.3	-0.03916	0.01071
7.35	-0.04248	0.01078
7.4	-0.04482	0.01073
7.45	-0.0461	0.01049
7.5	-0.04624	0.01027
7.55	-0.04526	0.01024
7.6	-0.0433	0.01023
7.65	-0.04057	0.01001
7.7	-0.0373	0.00972
7.75	-0.03361	0.00967
7.8	-0.02946	0.00983
7.85	-0.02476	0.00992
7.9	-0.01946	0.0099
7.95	-0.01369	0.00997
8	-0.00768	0.01005
8.05	-0.00179	0.00994
8.1	0.00373	0.00979
8.15	0.00873	0.00985
8.2	0.01321	0.00998
8.25	0.01721	0.00992
8.3	0.02078	0.00972
8.35	0.02384	0.00962
8.4	0.02631	0.00961
8.45	0.0281	0.00959
8.5	0.02918	0.00954
8.55	0.02958	0.0095
8.6	0.02935	0.00949
8.65	0.02851	0.00946
8.7	0.02706	0.00936
8.75	0.02503	0.00922
8.8	0.02249	0.00916
8.85	0.01957	0.00919
8.9	0.01644	0.00912
8.95	0.01323	0.00892
9	0.01001	0.0089
9.05	0.00676	0.00915
9.1	0.00342	0.00932
9.15	1.16715E-5	0.00915
9.2	-0.00338	0.00881
9.25	-0.00662	0.00864
9.3	-0.00952	0.00865
9.35	-0.01201	0.00865
9.4	-0.01404	0.00856
9.45	-0.01565	0.0084
9.5	-0.01687	0.00824
9.55	-0.0177	0.00818
9.6	-0.01815	0.00824
9.65	-0.01821	0.00826
9.7	-0.01791	0.00809
9.75	-0.0173	0.00781
9.8	-0.01644	0.00769
9.85	-0.01534	0.00786
9.9	-0.01399	0.00807
9.95	-0.01235	0.00808
10	-0.01041	0.00794
10.05	-0.00825	0.0079
10.1	-0.00599	0.00798
10.15	-0.00377	0.00802
10.2	-0.00167	0.00793
10.25	3.05615E-4	0.00774
10.3	0.00219	0.00754
10.35	0.00403	0.00749
10.4	0.00582	0.00764
10.45	0.00748	0.0078
10.5	0.00892	0.00771
10.55	0.01006	0.00746
10.6	0.01087	0.00735
10.65	0.01141	0.00745
10.7	0.01171	0.00757
10.75	0.01181	0.0076
10.8	0.0117	0.00764
10.85	0.01134	0.00771
10.9	0.01071	0.00769
10.95	0.00984	0.00753
11	0.00879	0.00728
11.05	0.00764	0.00706
11.1	0.00645	0.00699
11.15	0.00521	0.00709
11.2	0.0039	0.00722
11.25	0.00253	0.00723
11.3	0.00111	0.0071
11.35	-2.80881E-4	0.00693
11.4	-0.00157	0.00684
11.45	-0.00272	0.00684
11.5	-0.0037	0.00686
11.55	-0.00457	0.00688
11.6	-0.00535	0.00684
11.65	-0.00607	0.00674
11.7	-0.00671	0.00663
11.75	-0.00724	0.00659
11.8	-0.00759	0.00664
11.85	-0.00774	0.00669
11.9	-0.00768	0.00665
11.95	-0.00742	0.00653
12	-0.00699	0.00642
12.05	-0.00644	0.00642
12.1	-0.00579	0.0065
12.15	-0.00511	0.00657
12.2	-0.0044	0.00652
12.25	-0.00366	0.00643
12.3	-0.00287	0.00641
12.35	-0.002	0.00647
12.4	-0.00106	0.00653
12.45	-6.73999E-5	0.00654
12.5	8.93444E-4	0.0065
12.55	0.00175	0.00638
12.6	0.00247	0.00626
12.65	0.00304	0.00626
12.7	0.00351	0.00633
12.75	0.00392	0.00629
12.8	0.00426	0.00616
12.85	0.00453	0.00611
12.9	0.00467	0.0062
12.95	0.00467	0.00625
13	0.00457	0.00619
13.05	0.00444	0.00613
13.1	0.00435	0.00611
13.15	0.0043	0.00606
13.2	0.00423	0.00598
13.25	0.00404	0.00593
13.3	0.00365	0.00592
13.35	0.00304	0.00592
13.4	0.00229	0.00592
13.45	0.00153	0.00591
13.5	8.66525E-4	0.0059
13.55	3.26021E-4	0.00593
13.6	-1.4633E-4	0.00595
13.65	-6.42032E-4	0.00591
13.7	-0.00122	0.00581
13.75	-0.00187	0.00574
13.8	-0.0025	0.0057
13.85	-0.00299	0.00567
13.9	-0.00329	0.00566
13.95	-0.00339	0.00568
14	-0.00336	0.00564
14.05	-0.0033	0.00557
14.1	-0.00324	0.00559
14.15	-0.00319	0.0057
14.2	-0.00309	0.00576
14.25	-0.00292	0.00571
14.3	-0.00267	0.00566
14.35	-0.00236	0.00565
14.4	-0.00206	0.00556
14.45	-0.00176	0.00539
14.5	-0.00148	0.00528
14.55	-0.00117	0.00533
14.6	-8.01391E-4	0.00543
14.65	-3.8807E-4	0.00545
14.7	3.54915E-5	0.00541
14.75	4.22104E-4	0.00539
14.8	7.4381E-4	0.00538
14.85	0.00101	0.00534
14.9	0.00124	0.00529
14.95	0.00149	0.0053
15	0.00174	0.00535
15.05	0.00198	0.00535
15.1	0.00217	0.00529
15.15	0.00227	0.00523
15.2	0.00228	0.00521
15.25	0.00222	0.00521
15.3	0.00211	0.00519
15.35	0.00199	0.00517
15.4	0.00187	0.00514
15.45	0.00174	0.00513
15.5	0.00159	0.00517
15.55	0.00141	0.00519
15.6	0.0012	0.00512
15.65	9.73805E-4	0.00497
15.7	7.23321E-4	0.00489
15.75	4.48546E-4	0.00497
15.8	1.52118E-4	0.00508
15.85	-1.51909E-4	0.00509
15.9	-4.38612E-4	0.005
15.95	-6.81404E-4	0.00493
16	-8.65659E-4	0.00496
16.05	-9.97153E-4	0.005
16.1	-0.0011	0.00495
16.15	-0.0012	0.00483
16.2	-0.00131	0.00473
16.25	-0.00143	0.00475
16.3	-0.00153	0.0049
16.35	-0.00158	0.00508
16.4	-0.00157	0.00511
16.45	-0.0015	0.00495
16.5	-0.00138	0.00474
16.55	-0.00124	0.00467
16.6	-0.00111	0.00473
16.65	-9.99166E-4	0.00477
16.7	-8.94229E-4	0.00475
16.75	-7.85291E-4	0.00476
16.8	-6.5374E-4	0.00481
16.85	-4.84256E-4	0.0048
16.9	-2.71702E-4	0.00475
16.95	-2.60839E-5	0.00472
17	2.27213E-4	0.0047
17.05	4.53565E-4	0.00465
17.1	6.2173E-4	0.0046
17.15	7.16992E-4	0.00462
17.2	7.49435E-4	0.00469
17.25	7.50311E-4	0.00472
17.3	7.58268E-4	0.00469
17.35	8.0094E-4	0.00464
17.4	8.82E-4	0.00463
17.45	9.81179E-4	0.00466
17.5	0.00107	0.00467
17.55	0.00111	0.00462
17.6	0.00109	0.0045
17.65	0.00103	0.00442
17.7	9.32555E-4	0.00445
17.75	8.1895E-4	0.00453
17.8	6.99659E-4	0.00454
17.85	5.81049E-4	0.00448
17.9	4.67591E-4	0.00444
17.95	3.63873E-4	0.00445
18	2.70105E-4	0.00444
18.05	1.77699E-4	0.00437
18.1	6.9144E-5	0.0043
18.15	-7.38335E-5	0.00429
18.2	-2.5702E-4	0.00433
18.25	-4.63146E-4	0.00436
18.3	-6.55085E-4	0.00439
18.35	-7.91388E-4	0.00441
18.4	-8.48092E-4	0.0044
18.45	-8.32852E-4	0.00434
18.5	-7.80645E-4	0.00425
18.55	-7.3371E-4	0.00415
18.6	-7.15642E-4	0.0041
18.65	-7.18983E-4	0.00411
18.7	-7.12084E-4	0.00414
18.75	-6.63339E-4	0.00417
18.8	-5.6596E-4	0.00423
18.85	-4.46147E-4	0.00428
18.9	-3.48397E-4	0.00425
18.95	-3.06419E-4	0.00418
19	-3.18718E-4	0.00418
19.05	-3.45803E-4	0.00423
19.1	-3.32116E-4	0.00425
19.15	-2.39734E-4	0.00423
19.2	-7.28199E-5	0.00422
19.25	1.23544E-4	0.0042
19.3	2.89325E-4	0.00414
19.35	3.84644E-4	0.00405
19.4	4.11754E-4	0.004
19.45	4.09979E-4	0.00399
19.5	4.27539E-4	0.00398
19.55	4.87931E-4	0.004
19.6	5.73561E-4	0.00407
19.65	6.36165E-4	0.00412
19.7	6.28366E-4	0.00411
19.75	5.36146E-4	0.00404
19.8	3.91748E-4	0.00398
19.85	2.57835E-4	0.00396
19.9	1.93545E-4	0.00396
19.95	2.21288E-4	0.00395
20	3.13967E-4	0.00395
20.05	4.09949E-4	0.00396
20.1	4.45409E-4	0.00394
20.15	3.86145E-4	0.00393
20.2	2.41309E-4	0.00395
20.25	5.39815E-5	0.00399
20.3	-1.23518E-4	0.00399
20.35	-2.54252E-4	0.00393
20.4	-3.28626E-4	0.00388
20.45	-3.59602E-4	0.00388
20.5	-3.68466E-4	0.00393
20.55	-3.70807E-4	0.00396
20.6	-3.70612E-4	0.00396
20.65	-3.64335E-4	0.00391
20.7	-3.46956E-4	0.00386
20.75	-3.17199E-4	0.00387
20.8	-2.77001E-4	0.00391
20.85	-2.28332E-4	0.00391
20.9	-1.72082E-4	0.00384
20.95	-1.10818E-4	0.00373
21	-5.28402E-5	0.00368
21.05	-1.28874E-5	0.00369
21.1	-6.53806E-6	0.00372
21.15	-3.90759E-5	0.00375
21.2	-9.75597E-5	0.0038
21.25	-1.51854E-4	0.00384
21.3	-1.67918E-4	0.00383
21.35	-1.27078E-4	0.00377
21.4	-3.95529E-5	0.00372
21.45	5.69084E-5	0.00374
21.5	1.16068E-4	0.00378
21.55	1.08873E-4	0.00377
21.6	4.22967E-5	0.00371
21.65	-4.16748E-5	0.00365
21.7	-8.8065E-5	0.00363
21.75	-5.902E-5	0.00364
21.8	4.34621E-5	0.00368
21.85	1.77855E-4	0.00369
21.9	2.84963E-4	0.00363
21.95	3.19954E-4	0.00355
22	2.74899E-4	0.00351
22.05	1.80645E-4	0.00354
22.1	8.63139E-5	0.00356
22.15	3.22855E-5	0.00358
22.2	3.04215E-5	0.00359
22.25	6.41171E-5	0.00358
22.3	1.04605E-4	0.00359
22.35	1.30734E-4	0.0036
22.4	1.391E-4	0.0036
22.45	1.38617E-4	0.00356
22.5	1.35861E-4	0.00352
22.55	1.24042E-4	0.0035
22.6	8.5548E-5	0.00348
22.65	7.06804E-6	0.00345
22.7	-1.0386E-4	0.00344
22.75	-2.13615E-4	0.00347
22.8	-2.76391E-4	0.00349
22.85	-2.59639E-4	0.00348
22.9	-1.66164E-4	0.00349
22.95	-3.73397E-5	0.00349
23	6.62048E-5	0.00344
23.05	9.65282E-5	0.00336
23.1	4.4525E-5	0.00336
23.15	-5.58143E-5	0.00345
23.2	-1.47196E-4	0.00352
23.25	-1.81614E-4	0.0035
23.3	-1.45968E-4	0.0034
23.35	-6.71272E-5	0.00338
23.4	6.16955E-6	0.00347
23.45	3.22275E-5	0.00355
23.5	-1.31923E-6	0.00353
23.55	-7.24149E-5	0.00345
23.6	-1.40003E-4	0.00341
23.65	-1.67085E-4	0.00344
23.7	-1.38662E-4	0.00347
23.75	-6.6633E-5	0.00346
23.8	2.03276E-5	0.00341
23.85	9.24556E-5	0.00334
23.9	1.31432E-4	0.00327
23.95	1.35246E-4	0.00328
24	1.13528E-4	0.0034
24.05	8.0744E-5	0.0035
24.1	4.8558E-5	0.00348
24.15	2.34386E-5	0.00336
24.2	5.86933E-6	0.00327
24.25	-6.86299E-6	0.00329
24.3	-1.82204E-5	0.00333
24.35	-2.96707E-5	0.00333
24.4	-3.90101E-5	0.00332
24.45	-4.0612E-5	0.00331
24.5	-2.86045E-5	0.00329
24.55	-9.7227E-7	0.00326
24.6	3.66509E-5	0.00322
24.65	7.19087E-5	0.00319
24.7	9.17119E-5	0.00317
24.75	8.95605E-5	0.0032
24.8	7.02288E-5	0.00324
24.85	4.78671E-5	0.00326
24.9	3.60763E-5	0.00323
24.95	3.92111E-5	0.00319
25	4.81841E-5	0.00316
25.05	4.66252E-5	0.00315
25.1	2.32592E-5	0.00317
25.15	-1.79572E-5	0.00319
25.2	-5.79461E-5	0.00319
25.25	-7.42042E-5	0.00315
25.3	-5.6707E-5	0.00312
25.35	-1.72789E-5	0.00312
25.4	1.64301E-5	0.00312
25.45	1.88177E-5	0.00312
25.5	-1.50725E-5	0.00308
25.55	-6.34597E-5	0.00303
25.6	-9.05206E-5	0.00302
25.65	-7.01715E-5	0.0031
25.7	-5.74551E-6	0.00316
25.75	6.87999E-5	0.00315
25.8	1.08862E-4	0.00311
25.85	8.73477E-5	0.00313
25.9	1.35455E-5	0.00316
25.95	-7.13953E-5	0.00309
26	-1.1972E-4	0.003
26.05	-1.07946E-4	0.003
26.1	-5.10458E-5	0.00304
26.15	7.794E-6	0.00303
26.2	2.58354E-5	0.00301
26.25	-9.99928E-6	0.00304
26.3	-7.51065E-5	0.00305
26.35	-1.24117E-4	0.00301
26.4	-1.21695E-4	0.003
26.45	-6.63113E-5	0.00307
26.5	8.53835E-6	0.00309
26.55	5.69117E-5	0.003
26.6	5.00696E-5	0.00293
26.65	-5.22553E-6	0.00299
26.7	-7.27829E-5	0.0031
26.75	-1.10734E-4	0.00311
26.8	-9.7919E-5	0.00302
26.85	-4.35818E-5	0.00297
26.9	2.25591E-5	0.00298
26.95	7.23926E-5	0.00298
27	9.59625E-5	0.00294
27.05	1.02829E-4	0.00293
27.1	1.0848E-4	0.00296
27.15	1.19121E-4	0.00294
27.2	1.26623E-4	0.00286
27.25	1.18134E-4	0.00282
27.3	9.10371E-5	0.00286
27.35	6.00845E-5	0.00292
27.4	4.95317E-5	0.00292
27.45	7.40326E-5	0.00288
27.5	1.23719E-4	0.00285
27.55	1.6513E-4	0.00284
27.6	1.60715E-4	0.00283
27.65	9.36733E-5	0.00285
27.7	-1.82177E-5	0.0029
27.75	-1.31498E-4	0.00292
27.8	-2.0255E-4	0.00291
27.85	-2.1344E-4	0.00289
27.9	-1.80284E-4	0.00289
27.95	-1.3887E-4	0.0029
28	-1.18098E-4	0.00289
28.05	-1.20324E-4	0.00287
28.1	-1.23085E-4	0.00285
28.15	-9.98687E-5	0.00283
28.2	-4.43241E-5	0.00281
28.25	2.04782E-5	0.00282
28.3	5.70604E-5	0.00285
28.35	4.01346E-5	0.00287
28.4	-2.18811E-5	0.00286
28.45	-8.94517E-5	0.00283
28.5	-1.16627E-4	0.00282
28.55	-8.26204E-5	0.00282
28.6	-6.57441E-6	0.0028
28.65	6.52772E-5	0.00279
28.7	9.13521E-5	0.00279
28.75	6.48201E-5	0.0028
28.8	1.89811E-5	0.00277
28.85	3.63424E-6	0.00272
28.9	4.85537E-5	0.0027
28.95	1.3869E-4	0.00274
29	2.19713E-4	0.0028
29.05	2.31656E-4	0.00282
29.1	1.48442E-4	0.00279
29.15	-2.28879E-6	0.00274
29.2	-1.53159E-4	0.00271
29.25	-2.35935E-4	0.0027
29.3	-2.20196E-4	0.00269
29.35	-1.27895E-4	0.00268
29.4	-1.57488E-5	0.00267
29.45	6.20845E-5	0.00268
29.5	8.38446E-5	0.00271
29.55	6.70072E-5	0.00274
29.6	4.81904E-5	0.00274
29.65	5.32634E-5	0.00272
29.7	7.93396E-5	0.00271
29.75	9.94168E-5	0.00272
29.8	8.51313E-5	0.00273
29.85	2.99812E-5	0.00273
29.9	-4.42471E-5	0.00271
29.95	-1.00682E-4	0.00268
