   33793.490637673785     
   33367.535280948730     
   32216.912802743434     
   32554.641606948706     
   30819.809701776645     
   37431.488693364445     
   32596.017789937239     
   29043.474611539412     
   32585.758346214796     
   32598.126797813849     
   28090.837801214711     
   38755.236077306938     
   33613.520919005459     
   36029.084328561010     
   29484.090233590552     
   25992.400049817472     
   29599.943010047162     
   31260.067431642743     
   29764.902691959622     
   31206.240561685896     
   31442.093635238507     
   30769.510142536514     
   31148.346788919414     
   31036.626520126447     
   30289.930964034702     
   30533.743813860641     
   30994.400346122518     
   30550.944789847348     
   25982.571163070519     
   34637.237849391720     
   33749.127010165823     
   32518.289099801939     
   34390.517492171748     
   30355.549215811709     
   30556.146256978878     
   29739.109401045349     
   32940.958902471735     
   36263.723014795236     
   34852.545672389053     
   35994.956951138047     
   28044.733096999025     
   38440.634370421423     
   32094.623662116548     
   30464.145511211282     
   29209.939275250399     
   35882.504533968553     
   35199.195460787894     
   33706.865787197261     
   27708.448187020524     
   30677.470429449360     
   30899.233011469933     
   25489.863837412282     
   28395.396756286398     
   32450.679110012949     
   29603.132715283173     
   35440.320861187829     
   29518.126326879436     
   27438.425488718149     
   37048.896722973856     
   31131.669218528925     
   29675.275203108275     
   33750.026834961085     
   34013.585679335672     
   29851.307526492543     
   28575.799759550733     
   24335.589233856623     
   33027.337756747547     
   36956.753025953607     
   29465.784394541090     
   36607.177890620616     
   33533.217650185798     
   34346.565105981666     
   33273.302112256046     
   35578.451478030380     
   40204.505137830383     
   31439.274720963458     
   33013.193958065742     
   25160.387456931334     
   33534.130310699671     
   30708.529904201088     
   31229.105626100922     
   27287.444621780553     
   35443.546674714060     
   35185.574406121086     
   32957.719909055013     
   29053.231311396637     
   28203.661971026973     
   32775.612073100026     
   32830.820785809177     
   27492.504941156705     
   33315.480515642950     
   27460.599917195283     
   40214.253680532558     
   27282.651320540135     
   31145.847079799325     
   33251.106965894127     
   25223.405089485488     
   26218.053347811994     
   25853.914874335755     
   27096.849288447105     
   35187.924303766231     
   32976.867280284103     
   31851.504592058380     
   27360.369304250620     
   27955.305402317186     
   30393.736455516162     
   31003.590009302148     
   35568.822285517948     
   36338.724198914926     
   37279.064597642471     
   33782.724091739634     
   38132.351979139319     
   35043.806940847731     
   40819.534458898997     
   28230.803518177258     
   33246.776957409427     
   30841.135920032273     
   28164.066918389050     
   29942.806106008466     
   29075.570124569502     
   32680.588680842437     
   28750.567604229796     
   28382.794958118247     
   30629.312655660200     
   29512.534701857941     
   27002.804476553294     
   30915.748342002549     
   22359.434692483563     
   33757.049089715416     
   31306.346497191131     
   30221.222999963182     
   34216.982874846668     
   33859.459345990777     
   34498.878048943239     
   35106.931683235591     
   31056.425281701959     
   35298.360108014655     
   34452.938904912051     
   30129.412680228404     
   23307.729759866907     
   28059.932428746983     
   42667.345903326466     
   38179.691077406875     
   32377.628816155877     
   29348.675809753411     
   30320.236150602086     
   35249.327237228179     
   30700.568122362904     
   34731.020557518539     
   36727.968571492929     
   27513.229807592779     
   30586.148321744400     
   32320.022314116744     
   26049.355775076365     
   28465.090948587924     
   31510.592831927934     
   29139.580635018116     
   26718.222853265484     
   32044.758698733825     
   28948.625741903397     
   32442.123521402307     
   35583.895165379530     
   36336.412380881535     
   37269.002987735934     
   34551.730931701233     
   30528.582002587034     
   27204.561612773050     
   33383.167027579875     
   26621.038222540821     
   27081.650803894987     
   32173.070306588517     
   37048.676813772458     
   30608.160238929693     
   26908.441682566026     
   30749.347124084579     
   31936.341007051375     
   27907.038080006801     
   28739.717431264155     
   30393.973190826036     
   28726.128108873298     
   26981.351046919728     
   30539.826172056164     
   29317.172355768827     
   32974.982041803938     
   28611.491043952992     
   28717.025583026963     
   31494.132967674046     
   28649.297331703114     
   33350.048059852634     
   29342.030205786814     
   25463.199969245274     
   24771.691374177593     
   33600.257686573204     
   28747.507544219261     
   33173.168385479890     
   28766.154484012193     
   28330.152230102842     
   39902.089210859827     
   29930.164996020147     
   33724.202848365603     
   39758.067955479506     
   35006.572415402930     
   30702.084253636407     
   31370.415014151731     
   29825.939407493923     
   31152.486219174683     
   31038.895134437080     
   32013.745647518703     
   32569.252293750826     
   30693.072575308848     
   32803.029447454850     
   30847.374887531209     
   30787.324422047506     
   29129.098777656833     
   25963.154067947948     
   26175.563434561303     
   26214.549962955840     
   39376.669333406055     
   33953.586054520805     
   24657.133202587796     
   32174.159547501131     
   25698.976449295806     
   28809.521683811792     
   25933.900851627219     
   26529.501801271490     
   32483.797976706301     
   24148.916230987033     
   27679.662958061846     
   37301.914553953669     
   28619.178673709164     
   32499.503018420321     
   35321.572762514472     
   28040.950665979715     
   25828.211965205071     
   25267.117124240584     
   24807.070489182075     
   28479.940238636918     
   32354.190003518306     
   27574.910449884195     
   35814.251872745481     
   22520.401262693445     
   33593.546857292276     
   33282.604524558330     
   30469.533421163378     
   33101.447402809215     
   26785.183506097401     
   28163.024320491830     
   29592.769494613363     
   30408.090988864817     
   25792.666371517073     
   32712.797274841269     
   32375.410125852035     
   25533.324744243422     
   34290.300961879810     
   28530.727762910101     
   31363.138897961602     
   24234.930520786016     
   23273.245418228667     
   27424.630150093977     
   29232.363836122702     
   28682.405238168853     
   28665.681367457953     
   25162.780727355082     
   24908.130345276371     
   34974.375060128572     
   34965.923850168583     
   30410.217956409702     
   31486.015159377195     
   26535.989864733012     
   25705.432321695665     
   35277.280730887789     
   30933.046115163157     
   30307.412777156715     
   26673.303856336082     
   24953.794983354073     
   37273.200848141307     
   25043.325477377719     
   25846.374852082750     
   30260.177113099209     
   22503.933554890442     
   30968.633023384777     
   31321.804320858650     
   28490.775928552543     
   30029.174904126307     
   31591.548684503399     
   26825.304642577790     
   28593.335616241846     
   26588.255498529361     
   28335.308028067862     
   29564.461869476942     
   29185.033045891396     
   31465.413216973149     
   28478.442345503496     
   25915.417390253777     
   30067.096451102600     
   30549.166946405123     
   28600.393916542118     
   32186.202823549633     
   22974.987749363801     
   26761.798664954858     
   23218.906107826286     
   34172.143829446497     
   30957.260176748638     
   31082.731681636109     
   31163.102483625800     
   29435.718774672085     
   28741.839339917413     
   24924.791929688272     
   28238.541521317555     
   35269.380748568437     
   35342.092142833368     
   29697.265539571781     
   28749.661310623418     
   25499.500827877044     
   27901.172542611937     
   23659.490371988370     
   30693.202202327997     
   25268.912421260025     
   34493.413328493836     
   28007.212155431149     
   31761.893678337063     
   26819.763151531261     
   24468.556357693829     
   31574.515405540602     
   32818.579573283045     
   25169.678627596990     
   30638.385210867636     
   29093.788048154795     
   41018.558131953709     
   24958.371123667483     
   37031.602376377770     
   30396.614276273591     
   29396.408418410392     
   27652.755037094721     
   29443.155601092250     
   25687.169356719027     
   31788.666622529789     
   24580.475778087970     
   23907.995339782912     
   26920.191033629784     
   31393.846363130397     
   28401.952037645013     
   27400.907434925772     
   32652.085061878432     
   26674.859121842728     
   31224.348301905913     
   33370.840016252703     
   31017.180943896979     
   31194.116672372260     
   28379.843638350641     
   31768.824709897184     
   28767.147352476171     
   31343.165876999501     
   28660.675619146903     
   35190.940780021927     
   32222.927975655053     
   25922.428935076183     
   23792.925539705124     
   35597.168790332915     
   27338.192239424392     
   29566.771822231007     
   24822.597642704368     
   29011.900572126466     
   29086.931257389424     
   25308.174034849551     
   25378.380414088366     
   26807.576586127157     
   35790.181624207289     
   27683.638480162150     
   34515.411396125295     
   27758.713345955879     
   28523.413406663349     
   33678.885295547778     
   29429.331938846259     
   24635.595985732478     
   26436.605649141144     
   31593.245019116759     
   27723.339335705252     
   25315.977773388411     
   29868.403966575312     
   30515.082585518885     
   33438.714915508914     
   27940.440164390377     
   26304.440624720548     
   26699.105471905968     
   24613.143100025623     
   33532.365590366346     
   35179.772101300812     
   30973.403048222324     
   24989.351702532338     
   29061.071131921075     
   23881.794072904584     
   25602.974873192066     
   37212.276194397869     
   31063.427786016920     
   26569.203224879635     
   28050.505261062372     
   29380.997446638168     
   32255.955271424082     
   28699.707657926305     
   33614.366811203152     
   30499.631399944923     
   32473.339974020582     
   29207.036318138809     
   31572.361316685357     
   27446.687244077471     
   27801.041839736783     
   33076.549347180277     
   30106.105907712412     
   29211.979914405820     
   29407.974791014989     
   34286.592939885901     
   29182.351604658397     
   34934.157574016150     
   30701.216341332482     
   26432.629255754375     
   31603.731703942831     
   30222.442018045171     
   33118.052638036010     
   31660.461118877993     
   25322.640577799601     
   29706.143604847537     
   32441.649583071190     
   34865.661891777781     
   26591.662620553114     
   36343.515539199274     
   27748.197665756743     
   28372.917172909416     
   26628.840950563772     
   32546.060671811516     
   29035.086724829551     
   33564.744755201398     
   26799.237161635167     
   26938.056089643076     
   36294.977489916906     
   26498.990246270918     
   30271.979200595521     
   29520.179729350624     
   34987.778208424563     
   34410.318880198291     
   32112.012359479482     
   31173.510626270574     
   30429.350819888790     
   32647.355257184139     
   37028.798889793223     
   32052.789671070277     
   27913.455498830088     
   30173.866744577132     
   34963.624824363716     
   32587.462205240583     
   25569.425995975518     
   27893.675360156849     
   25899.255432156016     
   28336.630449747219     
   26904.701812695213     
   27328.617612521735     
   29218.777783211568     
   29771.889031081864     
   27640.146972987852     
   23299.377628166218     
   36958.401942265562     
   30647.147277657576     
   25949.690600372665     
   27065.044018872890     
   28146.934693246687     
   25535.598596799751     
   25410.455947632014     
   34502.239348838390     
   32944.736316960501     
   27302.463995883143     
   29100.908885257839     
   27618.240520176540     
   23714.722234862540     
   29312.913013263878     
   26687.401829175520     
   22971.748873165350     
   25276.625862185479     
   27678.684646698021     
   28817.504111529586     
   27613.914735197319     
   26584.756916592098     
   36493.822435057591     
   25159.259444381903     
   29687.852721804480     
   30431.092622507960     
   36562.794732398834     
   30199.569951045938     
   26919.811538017959     
   28770.907172156469     
   32116.527716035878     
   27536.893298030063     
   30518.956155041193     
   33197.386021829865     
   28853.931666691835     
   26842.447472738590     
   26522.203362179680     
   29356.381544610118     
   27459.448169746531     
   30493.832388556159     
   27731.730199057631     
   34341.007505292349     
   32151.439282620322     
   26452.000987043826     
   32683.000296644223     
   26960.823346772144     
   35996.884875152049     
   23074.038063266496     
   28840.802723530662     
   27474.584254867605     
   36963.918009659101     
   26546.834522650184     
   34887.098269288916     
   29998.401585682826     
   35390.280655271046     
   26445.030011053532     
   28896.894726046947     
   25320.824285883868     
   22350.220154423136     
   24410.535999780623     
   32667.976761025067     
   29348.630406268479     
   29513.965275371698     
   29824.028650134907     
   28657.573835380750     
   27267.192459014634     
   28505.497507694290     
   27040.592024459060     
   26685.915600791566     
   26113.296400697767     
   34348.227833084064     
   27556.296350267923     
   33259.348583589723     
   30714.020998738091     
   33265.140680563418     
   29056.865781761760     
   33513.937342935649     
   25750.282451762552     
   32948.459424500979     
   30866.099511768894     
   27947.519155152997     
   26942.604187870162     
   32585.480999796695     
   36748.448917435031     
   25800.381403360141     
   24536.777309753241     
   22579.035450363841     
   25859.423681997781     
   35286.119926411455     
   31392.193390933884     
   30197.711439007071     
   30301.694839689484     
   28191.348133478332     
   26613.228171232338     
   27599.175863751007     
   31531.592558779554     
   27998.250378044730     
   28730.095748777370     
   27724.872916665514     
   25090.188149903577     
   28120.279801150336     
   26848.493621338632     
   27756.353316676788     
   37576.389037670160     
   32687.234605986163     
   29187.169536358721     
   22272.037389539975     
   27073.017214580916     
   28486.509962602631     
   24763.079795888170     
   27346.837453405846     
   33376.354676131166     
   27730.631800093775     
   25541.864721940878     
   30118.920332868071     
   29647.814525197926     
   25832.411910895269     
   34784.581663322482     
   29830.116257346013     
   29986.706751287358     
   31637.884766495092     
   35064.346103936266     
   25815.393512930223     
   25544.903572802868     
   27784.765358824970     
   28671.200729634642     
   33265.740998825197     
   32804.443638831741     
   29999.272550243226     
   32803.277945245376     
   33029.582475261966     
   28911.086474031425     
   27595.439313144972     
   28411.299231436868     
   34777.409816515035     
   25657.492861164144     
   31470.178004731933     
   27420.701134232993     
   28246.386015067703     
   32020.687682611901     
   25799.680386038286     
