 tried moves    experiment_1   _                                                                                                                                                                                                                                                                                                                                                                                                                                                                                                
        0   299209   0.363E-01   0.158E+04
  OPTIMIZATION STUFF
      299209  -28.348128672595479        80144.733559965302     
   281.67555300509713       -310.02368167769259     
        0   292202  -0.549E-02   0.302E+04
  OPTIMIZATION STUFF
      292202  -33.889593834529904        207655.22696550569     
   454.43010727199436       -488.31970110652424     
        0   412715   0.480E-03   0.149E+06
  OPTIMIZATION STUFF
      412715  -473.22128702048110        382880614.52204472     
   19561.612309202821       -20034.833596223303     
        0   384751   0.128E-02   0.134E+06
  OPTIMIZATION STUFF
      384751  -292.23186268004162        265239092.19783807     
   16283.540546707667       -16575.772409387708     
        0   324895  -0.501E-02   0.831E+06
  OPTIMIZATION STUFF
      324895  -2769.6262866892521        11934003512.513813     
   109207.75010385433       -111977.37639054358     
        0   267041   0.180E-02   0.137E+04
  OPTIMIZATION STUFF
      267041  -24.502798710393275        41045.324275207968     
   201.10926664518945       -225.61206535558273     
        0   349190   0.538E-02   0.256E+04
  OPTIMIZATION STUFF
      349190  -102.84776721427625        796181.20053160167     
   886.34278770159790       -989.19055491587415     
        0   349009   0.869E-03   0.149E+04
  OPTIMIZATION STUFF
      349009  -20.090843323403448        47580.515425824975     
   217.20237899336976       -237.29322231677321     
        0   306845  -0.613E-02   0.711E+03
  OPTIMIZATION STUFF
      306845  -18.406685058276665        15148.097143749314     
   121.69343075497021       -140.10011581324687     
        0   317414  -0.673E-02   0.140E+06
  OPTIMIZATION STUFF
      317414  -532.42362361067546        357126018.27954364     
   18890.276423720348       -19422.700047331025     
        0   281979   0.158E-01   0.118E+03
  OPTIMIZATION STUFF
      281979  -13.443127239329723        1698.4618664778206     
   38.958236568215092       -52.401363807544811     
        0   353466   0.413E-02   0.777E+03
  OPTIMIZATION STUFF
      353466  -18.178788548865615        12846.259971774522     
   111.87399884991218       -130.05278739877781     
        0   279284   0.106E-02   0.205E+04
  OPTIMIZATION STUFF
      279284  -40.403906323341864        101337.62743385787     
   315.76122590918675       -356.16513223252861     
        0   229487  -0.145E-01   0.798E+03
  OPTIMIZATION STUFF
      229487  -20.206343451036087        25088.083565751436     
   157.09801796996106       -177.30436142099714     
        0   435186   0.264E-02   0.200E+04
  OPTIMIZATION STUFF
      435186  -44.688929761994338        100503.55407903860     
   313.85737785778775       -358.54630761978211     
        0   335492  -0.302E-02   0.532E+03
  OPTIMIZATION STUFF
      335492  -17.913710891868771        9424.7677824617858     
   95.414185237543833       -113.32789612941261     
        0   392814   0.146E-02   0.103E+04
  OPTIMIZATION STUFF
      392814  -22.572520218964826        25637.624404945749     
   158.51847127672590       -181.09099149569073     
        0   406441  -0.493E-02   0.205E+04
  OPTIMIZATION STUFF
      406441  -30.889859061444110        94203.433676210218     
   305.36740212958938       -336.25726119103348     
        0   201484   0.249E-02   0.157E+04
  OPTIMIZATION STUFF
      201484  -29.043752604301392        58639.963475377917     
   240.40886820173264       -269.45262080603402     
        0   410395   0.108E-01   0.915E+03
  OPTIMIZATION STUFF
      410395  -17.638397386047924        20244.272612214179     
   141.18484178503738       -158.82323917108531     
        0   412559  -0.101E-01   0.126E+06
  OPTIMIZATION STUFF
      412559  -427.65759116224172        228210487.42883298     
   15100.582651459323       -15528.240242621565     
        0   333453  -0.137E-03   0.135E+04
  OPTIMIZATION STUFF
      333453  -26.580386773612037        50097.526943440345     
   222.24088278803595       -248.82126956164799     
        0   443768  -0.106E-02   0.108E+04
  OPTIMIZATION STUFF
      443768  -21.228779533950345        29377.051077447046     
   170.07759992705087       -191.30637946100120     
        0   307462   0.540E-02   0.159E+04
  OPTIMIZATION STUFF
      307462  -114.30535402857747        1321355.1423809484     
   1143.8048034613905       -1258.1101574899681     
        0   463814  -0.381E-02   0.101E+04
  OPTIMIZATION STUFF
      463814  -20.498024884082835        27513.512483772673     
   164.60055728831600       -185.09858217239884     
        0   470876   0.616E-02   0.226E+04
  OPTIMIZATION STUFF
      470876  -26.646186161400205        128135.87015270627     
   356.96757684103227       -383.61376300243245     
        0   364124  -0.524E-02   0.150E+04
  OPTIMIZATION STUFF
      364124  -34.636887610709366        57788.776676610520     
   237.88455749218699       -272.52144510289634     
        0   388884  -0.303E-02   0.166E+04
  OPTIMIZATION STUFF
      388884  -23.629256215248571        61990.242775185652     
   247.85459653978538       -271.48385275503392     
        0   306633   0.400E-02   0.100E+04
  OPTIMIZATION STUFF
      306633  -18.671052311687305        23316.678922638974     
   151.55220462999938       -170.22325694168669     
        0   340355  -0.133E-03   0.170E+04
  OPTIMIZATION STUFF
      340355  -35.369441219094234        66724.491805863290     
   255.87788969293993       -291.24733091203416     
        0   437542   0.113E+01   0.159E+04
  OPTIMIZATION STUFF
      437542  -31.385061911778958        57446.643413763151     
   237.61654256923475       -269.00160448101371     
        0   312486  -0.157E+01   0.123E+04
  OPTIMIZATION STUFF
      312486  -21.832079263208076        40600.368450360613     
   200.30908308263412       -222.14116234584219     
        0   329542  -0.948E-03   0.726E+03
  OPTIMIZATION STUFF
      329542  -18.125229678581054        14246.372701938022     
   117.97393250645122       -136.09916218503227     
        0   376497   0.305E-02   0.138E+04
  OPTIMIZATION STUFF
      376497  -22.509661267194680        44541.452799258637     
   209.84462811541016       -232.35428938260483     
        0   346648  -0.493E-02   0.486E+03
  OPTIMIZATION STUFF
      346648  -16.649014726476157        7833.9111050617130     
   86.929404770188626       -103.57841949666478     
        0   312456   0.378E-02   0.105E+04
  OPTIMIZATION STUFF
      312456  -19.429946834292526        25862.337294896734     
   159.63963937854939       -179.06958621284193     
        0   288696  -0.123E-02   0.190E+04
  OPTIMIZATION STUFF
      288696  -34.369602148548232        89160.728394983787     
   296.61331535036368       -330.98291749891189     
        0   445560  -0.309E-03   0.544E+03
  OPTIMIZATION STUFF
      445560  -16.028949768128278        8260.2612751078777     
   89.461355033548969       -105.49030480167724     
        0   571738  -0.115E-03   0.231E+04
  OPTIMIZATION STUFF
      571738  -25.648577172912475        125608.31835728143     
   353.48333602347731       -379.13191319638980     
        0   355609  -0.280E-02   0.149E+03
  OPTIMIZATION STUFF
      355609  -13.465855956832986        2714.4443574194402     
   50.330061402399117       -63.795917359232106     
        0   409802   0.412E-01   0.144E+04
  OPTIMIZATION STUFF
      409802  -21.066461629117644        51962.007283672625     
   226.97623549195970       -248.04269712107734     
        0   262614  -0.581E-01   0.173E+04
  OPTIMIZATION STUFF
      262614  -22.792321269036847        68459.308506681075     
   260.65267809452888       -283.44499936356573     
        0   380496  -0.301E-01   0.111E+04
  OPTIMIZATION STUFF
      380496  -23.639618214197707        26142.003975134401     
   159.94740518627168       -183.58702340046938     
        0   464939   0.749E+00   0.103E+04
  OPTIMIZATION STUFF
      464939  -21.992509925967106        27960.296301253562     
   165.76074869645649       -187.75325862242360     
        0   490760  -0.688E+00   0.128E+04
  OPTIMIZATION STUFF
      490760  -20.391595230388205        29972.688906654614     
   171.92112072289032       -192.31271595327854     
        0   398236  -0.762E-04   0.686E+03
  OPTIMIZATION STUFF
      398236  -19.542279202307196        14895.561626884561     
   120.47265644312668       -140.01493564543387     
        0   349476  -0.271E-02   0.111E+04
  OPTIMIZATION STUFF
      349476  -23.276989106503471        29912.487877755761     
   171.37873163228710       -194.65572073879056     
        0   343509   0.750E-02   0.143E+04
  OPTIMIZATION STUFF
      343509  -23.421382680994228        46770.778163210060     
   214.99352780146774       -238.41491048246195     
        0   365034  -0.591E-02   0.165E+04
  OPTIMIZATION STUFF
      365034  -27.544161030322364        77030.872948929202     
   276.17420614906251       -303.71836717938487     
        0   446101  -0.426E-02   0.162E+04
  OPTIMIZATION STUFF
      446101  -28.900553271976595        64561.710131800777     
   252.44101915571173       -281.34157242768833     
        0   537041   0.404E-02   0.701E+03
  OPTIMIZATION STUFF
      537041  -21.298705067041919        17840.177379979672     
   131.85803935462880       -153.15674442167071     
        0   422500  -0.439E-02   0.146E+04
  OPTIMIZATION STUFF
      422500  -25.447981716055239        53794.922143035146     
   230.53703036522020       -255.98501208127544     
        0   448798   0.127E-02   0.648E+03
  OPTIMIZATION STUFF
      448798  -18.069892432552827        12752.055667765680     
   111.46988227876466       -129.53977471131748     
        0   392452   0.291E-02   0.109E+04
  OPTIMIZATION STUFF
      392452  -81.238621325654577        736437.99542541092     
   854.30573088942685       -935.54435221508140     
        0   506784   0.188E-02   0.117E+04
  OPTIMIZATION STUFF
      506784  -21.204770797916058        36100.110141840880     
   188.81331477745081       -210.01808557536688     
        0   318018  -0.109E-01   0.222E+04
  OPTIMIZATION STUFF
      318018  -86.394332960092314        605288.47340873454     
   773.19111003756063       -859.58544299765299     
        0   325861   0.994E-02   0.125E+04
  OPTIMIZATION STUFF
      325861  -29.842959020359597        42202.744004809472     
   203.25388508394767       -233.09684410430725     
        0   338607   0.123E-02   0.102E+04
  OPTIMIZATION STUFF
      338607  -23.565647826513747        31072.360854800136     
   174.69121642863692       -198.25686425515067     
        0   394977   0.133E+00   0.230E+04
  OPTIMIZATION STUFF
      394977  -44.807220113553676        123563.22527297770     
   348.64815831820084       -393.45537843175453     
        0   375144  -0.139E+00   0.237E+04
  OPTIMIZATION STUFF
      375144  -28.926199603962935        125161.01015859329     
   352.59649053140760       -381.52269013537051     
        0   340705  -0.393E-02   0.843E+03
  OPTIMIZATION STUFF
      340705  -19.798305383183870        18828.039956070490     
   135.77947952479667       -155.57778490798054     
        0   365724   0.525E-02   0.210E+04
  OPTIMIZATION STUFF
      365724  -34.389279571259600        92788.856774938133     
   302.66521806363528       -337.05449763489486     
        0   468230  -0.263E-01   0.119E+06
  OPTIMIZATION STUFF
      468230  -342.29478856708374        254648937.16086441     
   15954.051881531044       -16296.346670098128     
        0   401758   0.246E-01   0.141E+04
  OPTIMIZATION STUFF
      401758  -20.922891039973909        48527.486661495946     
   219.29368274536623       -240.21657378534013     
        0   423274   0.167E-03   0.267E+04
  OPTIMIZATION STUFF
      423274  -32.549394105436015        190881.15818563901     
   435.68531663232358       -468.23471073775960     
        0   475104  -0.245E-02   0.120E+06
  OPTIMIZATION STUFF
      475104  -346.07954243853851        282134624.74130833     
   16793.297880154863       -17139.377422593403     
        0   397972   0.378E-02   0.139E+03
  OPTIMIZATION STUFF
      397972  -13.644779935175080        2314.1531018393403     
   46.129958620835374       -59.774738556010455     
        0   475840  -0.218E-02   0.165E+04
  OPTIMIZATION STUFF
      475840  -24.527914167552115        58312.957988907452     
   240.23184513194050       -264.75975929949260     
        0   330817   0.814E-02   0.135E+03
  OPTIMIZATION STUFF
      330817  -13.501402652713956        2244.3338775144962     
   45.409756704080507       -58.911159356794464     
        0   350686  -0.122E-01   0.138E+06
  OPTIMIZATION STUFF
      350686  -344.76999954641235        524154777.70741588     
   22891.830668490205       -23236.600668036619     
        0   370003   0.466E-02   0.108E+04
  OPTIMIZATION STUFF
      370003  -21.282373289884013        34225.930248807315     
   183.77429318584618       -205.05666647573020     
        0   401558  -0.932E-03   0.890E+03
  OPTIMIZATION STUFF
      401558  -20.907665150693155        26521.221420369682     
   161.50569946078119       -182.41336461147435     
        0   348477   0.234E-02   0.103E+04
  OPTIMIZATION STUFF
      348477  -21.002375480005870        30860.049762946743     
   174.41029209064354       -195.41266757064940     
        0   456408  -0.133E-02   0.103E+04
  OPTIMIZATION STUFF
      456408  -21.575376229892296        27452.523942672055     
   164.27728717997098       -185.85266340986328     
        0   477095   0.325E-03   0.268E+04
  OPTIMIZATION STUFF
      477095  -100.19339864514707        976430.31128578587     
   983.05218282333340       -1083.2455814684804     
        0   488042   0.315E-02   0.115E+06
  OPTIMIZATION STUFF
      488042  -306.13484216520544        252027742.86217073     
   15872.429691782641       -16178.564533947847     
        0   338954  -0.479E-03   0.915E+03
  OPTIMIZATION STUFF
      338954  -18.456636899981266        21070.898309739099     
   143.98003633865824       -162.43667323863951     
        0   444709  -0.449E-02   0.191E+04
  OPTIMIZATION STUFF
      444709  -30.649947385486424        79170.095545105316     
   279.69747276364910       -310.34742014913553     
        0   409801  -0.355E-02   0.106E+04
  OPTIMIZATION STUFF
      409801  -18.682588177714901        25315.135469425521     
   158.00663393796930       -176.68922211568420     
        0   370147   0.907E-02   0.134E+03
  OPTIMIZATION STUFF
      370147  -13.598846414816320        2210.9330026165680     
   45.011158381037092       -58.610004795853413     
        0   379783  -0.241E-02   0.134E+06
  OPTIMIZATION STUFF
      379783  -440.91210270830294        347813765.34632546     
   18644.553141977172       -19085.465244685474     
        0   446629  -0.253E-02   0.194E+04
  OPTIMIZATION STUFF
      446629  -29.405843369936196        89940.497979145628     
   298.45568239664732       -327.86152576658350     
        0   465073  -0.186E-01   0.204E+04
  OPTIMIZATION STUFF
      465073  -64.916941962070865        373087.79784806009     
   607.34964270538035       -672.26658466745118     
        0   402620   0.215E-01   0.129E+06
  OPTIMIZATION STUFF
      402620  -464.86988465303415        307986329.31708246     
   17543.381239300055       -18008.251123953090     
        0   470228   0.512E-02   0.120E+04
  OPTIMIZATION STUFF
      470228  -22.560201536549400        37324.865489729978     
   191.87470598377539       -214.43490752032477     
        0   374316  -0.659E-02   0.758E+03
  OPTIMIZATION STUFF
      374316  -23.945954704769335        16356.511048653150     
   125.63081748492399       -149.57677218969332     
        0   333425   0.145E-02   0.165E+04
  OPTIMIZATION STUFF
      333425  -33.099054114219442        64850.043834224911     
   252.49652760180462       -285.59558171602407     
        0   392700   0.578E-02   0.997E+03
  OPTIMIZATION STUFF
      392700  -24.310435580363713        28022.117111635784     
   165.62342779186997       -189.93386337223367     
        0   447184  -0.601E-02   0.157E+04
  OPTIMIZATION STUFF
      447184  -25.715400654397083        56095.538449200714     
   235.44480588533813       -261.16020653973521     
        0   514194   0.248E-02   0.156E+06
  OPTIMIZATION STUFF
      514194  -562.52903013480591        529894430.24388254     
   23012.561598703829       -23575.090628838636     
        0   477985  -0.163E-02   0.172E+04
  OPTIMIZATION STUFF
      477985  -22.068790192710178        72879.988309170716     
   269.05939271581070       -291.12818290852090     
        0   335092   0.636E-02   0.139E+04
  OPTIMIZATION STUFF
      335092  -26.315449511006108        46410.237103761196     
   213.81705783401586       -240.13250734502196     
        0   466056  -0.377E-02   0.584E+03
  OPTIMIZATION STUFF
      466056  -15.858916194338155        11865.125383700190     
   107.76650760250676       -123.62542379684491     
        0   515121  -0.308E-02   0.199E+04
  OPTIMIZATION STUFF
      515121  -28.090187611568613        86223.396843304872     
   292.29152947571328       -320.38171708728191     
        0   376499   0.827E-02   0.153E+04
  OPTIMIZATION STUFF
      376499  -27.999840287375541        49041.350111618158     
   219.67557682978693       -247.67541711716248     
        0   256305   0.154E-02   0.137E+04
  OPTIMIZATION STUFF
      256305  -25.494002451797517        46947.743240531454     
   215.16923358026628       -240.66323603206379     
        0   384403   0.140E-01   0.883E+03
  OPTIMIZATION STUFF
      384403  -20.845481535516644        21747.740110931263     
   145.99043122918604       -166.83591276470270     
        0   436163  -0.161E-01   0.999E+03
  OPTIMIZATION STUFF
      436163  -21.593755707522156        26401.830215030735     
   161.04514873002103       -182.63890443754318     
        0   373329   0.230E-03   0.105E+04
  OPTIMIZATION STUFF
      373329  -28.152829533778569        30765.385497359890     
   173.12655396155120       -201.27938349532977     
        0   533748  -0.613E-03   0.169E+04
  OPTIMIZATION STUFF
      533748  -27.580630438735575        66103.833806590483     
   255.62304792641913       -283.20367836515470     
        0   377617  -0.353E-02   0.203E+04
  OPTIMIZATION STUFF
      377617  -28.106924343417745        81274.498056978962     
   283.69790069884613       -311.80482504226387     
        0   381272   0.838E-02   0.108E+04
  OPTIMIZATION STUFF
      381272  -20.074599504310392        33823.261190667305     
   182.81212116653765       -202.88672067084804     
        0   378928  -0.254E-02   0.202E+04
  OPTIMIZATION STUFF
      378928  -28.431837672246758        101422.70676077333     
   317.19763140249381       -345.62946907474054     
        0   524280   0.353E-02   0.180E+04
  OPTIMIZATION STUFF
      524280  -36.322192384182834        86423.036145548249     
   291.72544367256461       -328.04763605674742     
        0   423267  -0.762E-02   0.190E+04
  OPTIMIZATION STUFF
      423267  -39.799989832679550        88369.790752333502     
   294.59421508517801       -334.39420491785756     
        0   336073   0.761E-02   0.356E+03
  OPTIMIZATION STUFF
      336073  -16.514936740784709        6247.5997013515253     
   77.297196364418056       -93.812133105202761     
        0   359771  -0.326E-02   0.125E+06
  OPTIMIZATION STUFF
      359771  -424.01100298824940        306063062.57045060     
   17489.519068281879       -17913.530071270128     
        0   308528   0.563E-02   0.232E+04
  OPTIMIZATION STUFF
      308528  -33.369903802540236        105248.99267496930     
   322.70023581518888       -356.07013961772913     
        0   403404  -0.438E-02   0.113E+04
  OPTIMIZATION STUFF
      403404  -18.306581310740022        34918.578201607488     
   185.96625307383260       -204.27283438457263     
        0   399572  -0.935E-04   0.167E+04
  OPTIMIZATION STUFF
      399572  -30.291116849095733        70668.105072727398     
   264.10330045791142       -294.39441730700713     
        0   415481   0.529E-02   0.140E+04
  OPTIMIZATION STUFF
      415481  -26.193692934903758        51405.002842499882     
   225.20855510599915       -251.40224804090292     
        0   469446  -0.697E-02   0.124E+04
  OPTIMIZATION STUFF
      469446  -24.237742729646367        35821.466506097830     
   187.70721438844407       -211.94495711809043     
        0   343311   0.925E-03   0.217E+04
  OPTIMIZATION STUFF
      343311  -32.837437165571252        88262.066755937805     
   295.26897818147944       -328.10641534705070     
        0   374088   0.178E-02   0.193E+04
  OPTIMIZATION STUFF
      374088  -28.937718085886850        86891.325463150337     
   293.34950815559938       -322.28722624148622     
        0   359673  -0.827E-02   0.133E+04
  OPTIMIZATION STUFF
      359673  -32.472491747879438        47023.452423523049     
   214.40380058013653       -246.87629232801598     
        0   461982   0.992E-02   0.613E+03
  OPTIMIZATION STUFF
      461982  -16.919916904318136        10032.693581755928     
   98.723907913467940       -115.64382481778608     
        0   389464  -0.448E-02   0.140E+04
  OPTIMIZATION STUFF
      389464  -22.884035919369385        49736.359679169756     
   221.83931251969469       -244.72334843906407     
        0   486015  -0.212E-02   0.167E+04
  OPTIMIZATION STUFF
      486015  -31.930166407410447        69378.263438898997     
   261.45502082020550       -293.38518722761597     
        0   500091  -0.501E-03   0.108E+06
  OPTIMIZATION STUFF
      500091  -453.41706974195677        189657253.59273821     
   13764.144236152310       -14217.561305894265     
        0   400848   0.386E-02   0.130E+04
  OPTIMIZATION STUFF
      400848  -19.529825922946941        33508.607045210709     
   182.00877161452988       -201.53859753747682     
        0   506386   0.709E-03   0.119E+04
  OPTIMIZATION STUFF
      506386  -21.449885637131413        26219.070105771363     
   160.49602023703062       -181.94590587416204     
        0   434466  -0.621E-02   0.125E+06
  OPTIMIZATION STUFF
      434466  -339.20820175950837        340104270.60728830     
   18438.796284008004       -18778.004485767513     
        0   309279   0.188E-02   0.762E+03
  OPTIMIZATION STUFF
      309279  -23.280946434042601        13391.439044499464     
   113.35535531078672       -136.63630174482932     
        0   322385   0.136E-02   0.109E+04
  OPTIMIZATION STUFF
      322385  -23.114625351802630        27774.044629390453     
   165.04471734725792       -188.15934269906055     
        0   451223   0.355E-02   0.145E+04
  OPTIMIZATION STUFF
      451223  -25.825425135299660        46343.768271308727     
   213.72135056631510       -239.54677570161476     
        0   450055  -0.103E-02   0.251E+04
  OPTIMIZATION STUFF
      450055  -42.020983639921155        159971.13882380232     
   397.75039378702797       -439.77137742694913     
        0   434672  -0.326E-02   0.103E+04
  OPTIMIZATION STUFF
      434672  -21.839580333636810        25754.785774030686     
   158.98999498358791       -180.82957531722471     
        0   411086   0.578E-02   0.737E+06
  OPTIMIZATION STUFF
      411086  -2616.4902205513013        7114860081.2492990     
   84309.039018215946       -86925.529238767253     
        0   437770  -0.563E-02   0.135E+03
  OPTIMIZATION STUFF
      437770  -13.814811539482262        2140.1697444753831     
   44.151112405056914       -57.965923944539178     
        0   404586   0.548E-02   0.116E+04
  OPTIMIZATION STUFF
      404586  -21.698094243299664        27031.458489947687     
   162.97438816009273       -184.67248240339239     
        0   323313  -0.883E-02   0.800E+03
  OPTIMIZATION STUFF
      323313  -24.008829840103509        17603.924014911358     
   130.48946357702721       -154.49829341713072     
        0   361920   0.159E-02   0.252E+04
  OPTIMIZATION STUFF
      361920  -36.537462033537984        132149.50851368418     
   361.68290308201182       -398.22036511554978     
        0   439042   0.502E-02   0.129E+04
  OPTIMIZATION STUFF
      439042  -28.982575243816825        38486.547726833058     
   194.02720958429916       -223.00978482811598     
        0   433191  -0.473E-02   0.154E+04
  OPTIMIZATION STUFF
      433191  -22.508478900451504        61735.127919583356     
   247.44392556126991       -269.95240446172141     
        0   447443   0.583E-02   0.161E+04
  OPTIMIZATION STUFF
      447443  -33.036105115180682        67969.589291146040     
   258.60820762296925       -291.64431273814995     
        0   251319   0.202E-02   0.705E+03
  OPTIMIZATION STUFF
      251319  -20.750975592163261        15945.309917633063     
   124.55804642658180       -145.30902201874505     
        0   376104  -0.531E-02   0.958E+03
  OPTIMIZATION STUFF
      376104  -25.027110155633373        22993.254549754733     
   149.55566959166919       -174.58277974730257     
        0   487562   0.600E-01   0.120E+04
  OPTIMIZATION STUFF
      487562  -22.898615926072519        29759.492070020275     
   170.98288060121834       -193.88149652729086     
        0   386094  -0.755E-01   0.198E+04
  OPTIMIZATION STUFF
      386094  -34.254891520778180        104692.15051724995     
   321.74330284273157       -355.99819436350975     
        0   439531   0.394E-01   0.135E+04
  OPTIMIZATION STUFF
      439531  -23.983973162297701        48376.020176700404     
   218.63391596010575       -242.61788912240345     
        0   406460  -0.353E-01   0.131E+04
  OPTIMIZATION STUFF
      406460  -24.273640177221967        42398.758929213764     
   204.47383529870152       -228.74747547592349     
        0   287745  -0.693E-02   0.183E+04
  OPTIMIZATION STUFF
      287745  -29.429315659375227        80645.431589517611     
   282.45238000296348       -311.88169566233870     
        0   472091   0.930E-03   0.123E+04
  OPTIMIZATION STUFF
      472091  -24.592562390224327        36045.555813615210     
   188.25716902338178       -212.84973141360609     
        0   308579  -0.111E-01   0.918E+03
  OPTIMIZATION STUFF
      308579  -19.837008442099627        18416.375596073751     
   134.24927818108304       -154.08628662318267     
        0   391383   0.987E-02   0.129E+04
  OPTIMIZATION STUFF
      391383  -23.532860727540221        40162.669339425658     
   199.01978244738351       -222.55264317492373     
        0   358657  -0.103E-01   0.176E+04
  OPTIMIZATION STUFF
      358657  -33.310831017880545        61850.390577442326     
   246.45644465978270       -279.76727567766324     
        0   354151   0.500E-02   0.131E+04
  OPTIMIZATION STUFF
      354151  -24.432525953416867        34529.526997494002     
   184.20797668133054       -208.64050263474741     
        0   343124  -0.275E-02   0.141E+06
  OPTIMIZATION STUFF
      343124  -434.34975182048913        465478871.75219035     
   21570.586733913471       -22004.936485733961     
        0   438772   0.172E-02   0.186E+04
  OPTIMIZATION STUFF
      438772  -31.936232292710631        80437.438431501709     
   281.81113444725304       -313.74736673996370     
        0   421606   0.350E-02   0.124E+04
  OPTIMIZATION STUFF
      421606  -28.341755626883000        34327.132652124201     
   183.09526902711124       -211.43702465399423     
