   240419.33468323201     
   150274.11843278044     
   74938.574695152929     
   243119.06177606957     
   143123.93913005805     
   81006.122771419876     
   87284.485848273762     
   1551838.3868299704     
   123533.25797361814     
   109385.50321098726     
   65678.325720228575     
   15989.225102008597     
   74379.432443855883     
   69480.549677458039     
   55175.597229304643     
   64893.928162895478     
   51997.829867796507     
   66571.599195954259     
   54102.215084824595     
   58414.463854867638     
   45170.270708118216     
   59621.450503476779     
   87925.198542814731     
   59468.804525946405     
   59111.226400534499     
   61773.371309960974     
   56916.428128746411     
   93098.394294577214     
   93005.485546311480     
   65079.334964156966     
   54179.752403113205     
   67924.492465409799     
   104354.44887153292     
   81441.043624095299     
   64046.368307863362     
   71199.573355119064     
   62395.424584602646     
   80052.601587011130     
   363190.17830846499     
   111770.17501919695     
   73670.030251036223     
   72162.785190613358     
   67056.573433015350     
   52522.130612997906     
   57104.275567418677     
   587097.79838616482     
   289001.22685467411     
   97964.902258714021     
   100798.46330449200     
   83361.166485684167     
   62697.719884960869     
   54850.324098583777     
   73861.083261225809     
   61211.807519295915     
   65027.947838959721     
   107624.54586285117     
   59365.530890070819     
   67159.775141856677     
   54655.538704563107     
   57871.371022288702     
   174812.74256867723     
   97730.264293038432     
   81267.946667790937     
   100173.06997992279     
   891241.99573394703     
   95993.323629602819     
   120599.02204897164     
   94554.016393338592     
   98716.174414116249     
   76784.629174174508     
   62332.931409649158     
   62750.617212285404     
   47278.688726711262     
   66786.776374990339     
   46997.945632277842     
   53758.278275114040     
   57561.535883935525     
   48798.822895594079     
   54232.948725374838     
   76569.094100389892     
   77859.981414366746     
   65331.995714572971     
   67008.419514424430     
   55445.696282968966     
   70304.850667074934     
   49187.588120559361     
   58439.932267364573     
   62202.139283261451     
   53359.850397740811     
   55791.050475560005     
   61726.558773054821     
   66180.581959218020     
   69168.938298932917     
   70456.994352993090     
   55452.918419703063     
   56175.123541005974     
   103477.77819989165     
   74409.016230425332     
   56697.417378217040     
   60238.093806018616     
   56467.271720784876     
   47379.044165797080     
   55245.602663600250     
   5364.8338735519155     
   145805.18196878198     
   74682.508502513287     
   97583.286465083540     
   68995.675238030497     
   393081.29691206734     
   69624.969740577842     
   77073.483974958202     
   58101.358264650837     
   117119.71353289481     
   49974.598119599163     
   76705.479826549243     
   94837.610992991598     
   68446.947901024541     
   54251.445958321077     
   71153.198735384023     
   54884.659155121626     
   52788.557747066632     
   51682.429015476206     
   57437.950553902963     
   51181.443257568724     
   168223.16072074478     
   101587.75115796359     
   62108.084415635865     
   56698.474519605370     
   55668.130409435136     
   75215.746566380258     
   51066.828250672959     
   65384.863485034170     
   664959.24700601655     
   85530.461414496676     
   65065.594358436065     
   50896.910557713651     
   57417.820609949704     
   56058.351170104346     
   25159.527794123966     
   66104.617991169565     
   67608.455002017625     
   60477.072771880441     
   108191.20017632107     
   89503.586601874878     
   56561.645803848718     
   61419.462722408323     
   75673.419393687480     
   73443.601758832083     
   1469744.4960655882     
   81083.167876534455     
