tried moves    experiment_1   _ coord. constraints_1 _                                                                                                                                                                                                                                                                                                                                                                                                                                                                          
        0   320311   0.000E+00   0.000E+00
  OPTIMIZATION STUFF
      320311  -23293.847917075884        5441064782.3174038     
   69989.009362424491       -93282.857279500371     
        0   301444   0.000E+00   0.000E+00
  OPTIMIZATION STUFF
      301444  -23353.180918721991        5451066010.8444557     
   70040.666414747189       -93393.847333469181     
        0   291758   0.000E+00   0.000E+00
  OPTIMIZATION STUFF
      291758  -23064.645783683318        5383916833.8683500     
   69655.860835550440       -92720.506619233754     
        0   304952   0.000E+00   0.000E+00
  OPTIMIZATION STUFF
      304952  -23018.028050276876        5371350542.9208736     
   69581.038563660011       -92599.066613936884     
        0   301767   0.000E+00   0.000E+00
  OPTIMIZATION STUFF
      301767  -22912.089402933405        5330910531.6999121     
   69324.935563561099       -92237.024966494500     
        0   300441   0.000E+00   0.000E+00
  OPTIMIZATION STUFF
      300441  -23180.766522874332        5408610353.3169575     
   69794.429696996202       -92975.196219870530     
        0   302698   0.000E+00   0.000E+00
  OPTIMIZATION STUFF
      302698  -23556.760738893936        5500052323.0169868     
   70321.627871569435       -93878.388610463371     
        0   299947   0.000E+00   0.000E+00
  OPTIMIZATION STUFF
      299947  -23702.303547798296        5533285191.1108675     
   70508.765395792434       -94211.068943590726     
        0   290189   0.000E+00   0.000E+00
  OPTIMIZATION STUFF
      290189  -22679.821916927547        5297954864.0893078     
   69163.433560702877       -91843.255477630417     
        0   288060   0.000E+00   0.000E+00
  OPTIMIZATION STUFF
      288060  -21907.711080239806        5092823646.0099173     
   67918.155461074290       -89825.866541314099     
        0   303598   0.000E+00   0.000E+00
  OPTIMIZATION STUFF
      303598  -22676.555600825392        5288841517.0935431     
   69098.591470276864       -91775.147071102256     
        0   303103   0.000E+00   0.000E+00
  OPTIMIZATION STUFF
      303103  -22456.829890465495        5240186900.2307072     
   68817.713500968646       -91274.543391434141     
        0   304985   0.000E+00   0.000E+00
  OPTIMIZATION STUFF
      304985  -22243.168180284167        5195542036.2407675     
   68562.260067360388       -90805.428247644551     
        0   307580   0.000E+00   0.000E+00
  OPTIMIZATION STUFF
      307580  -23134.133259056936        5395528078.8765326     
   69716.138427402359       -92850.271686459295     
        0   304740   0.000E+00   0.000E+00
  OPTIMIZATION STUFF
      304740  -22267.955962015280        5187433472.9847546     
   68495.048071072277       -90763.004033087549     
        0   305843   0.000E+00   0.000E+00
  OPTIMIZATION STUFF
      305843  -22714.559964553897        5300249285.5728540     
   69168.620422772190       -91883.180387326080     
        0   305665   0.000E+00   0.000E+00
  OPTIMIZATION STUFF
      305665  -22270.532639975587        5202242406.3617935     
   68602.228697714876       -90872.761337690463     
        0   306089   0.000E+00   0.000E+00
  OPTIMIZATION STUFF
      306089  -22664.638172140250        5293751635.2730236     
   69138.020016478535       -91802.658188618778     
        0   304639   0.000E+00   0.000E+00
  OPTIMIZATION STUFF
      304639  -22748.020300684835        5315622422.5024891     
   69268.679754288081       -92016.700054972913     
        0   305472   0.000E+00   0.000E+00
  OPTIMIZATION STUFF
      305472  -21687.735323614994        5054538348.0109987     
   67706.576375887016       -89394.311699502010     
        0   304723   0.000E+00   0.000E+00
  OPTIMIZATION STUFF
      304723  -22657.704640412107        5288696023.1220903     
   69103.722356685961       -91761.426997098068     
        0   306257   0.000E+00   0.000E+00
  OPTIMIZATION STUFF
      306257  -23469.408966635245        5485739161.1583405     
   70249.028490899160       -93718.437457534397     
        0   305070   0.000E+00   0.000E+00
  OPTIMIZATION STUFF
      305070  -23734.722243024433        5544478925.7664013     
   70577.205143111772       -94311.927386136202     
        0   299187   0.000E+00   0.000E+00
  OPTIMIZATION STUFF
      299187  -22753.834817372255        5304229352.9337845     
   69184.480586599209       -91938.315403971472     
        0   306448   0.000E+00   0.000E+00
  OPTIMIZATION STUFF
      306448  -22917.101311894854        5360597343.5720224     
   69537.067892113264       -92454.169204008125     
        0   308745   0.000E+00   0.000E+00
  OPTIMIZATION STUFF
      308745  -22688.284428441300        5293039609.2289820     
   69125.113807668560       -91813.398236109861     
        0   310546   0.000E+00   0.000E+00
  OPTIMIZATION STUFF
      310546  -22419.471163397568        5229826598.8111162     
   68754.591930755443       -91174.063094153011     
        0   309563   0.000E+00   0.000E+00
  OPTIMIZATION STUFF
      309563  -22559.727953513902        5271469643.4198723     
   69011.073880090553       -91570.801833604462     
        0   305954   0.000E+00   0.000E+00
  OPTIMIZATION STUFF
      305954  -21940.269798401605        5125097584.9166813     
   68144.861479718544       -90085.131278120156     
        0   308286   0.000E+00   0.000E+00
  OPTIMIZATION STUFF
      308286  -22684.955030851252        5289411163.7715816     
   69099.956432836043       -91784.911463687298     
        0   307748   0.000E+00   0.000E+00
  OPTIMIZATION STUFF
      307748  -21676.518936909069        5060379757.8977432     
   67753.289843929830       -89429.808780838895     
        0   309026   0.000E+00   0.000E+00
  OPTIMIZATION STUFF
      309026  -21468.195079626210        5003578974.2412453     
   67399.522062581120       -88867.717142207330     
        0   302678   0.000E+00   0.000E+00
  OPTIMIZATION STUFF
      302678  -22349.464969460554        5214525466.8014793     
   68666.053347926834       -91015.518317387381     
        0   302528   0.000E+00   0.000E+00
  OPTIMIZATION STUFF
      302528  -22452.165681031918        5237117711.9141817     
   68796.932839667163       -91249.098520699074     
        0   304021   0.000E+00   0.000E+00
  OPTIMIZATION STUFF
      304021  -22338.107473801196        5207857052.2866125     
   68621.177538537755       -90959.285012338951     
        0   299319   0.000E+00   0.000E+00
  OPTIMIZATION STUFF
      299319  -21736.969807614132        5056934597.8238230     
   67708.483526118755       -89445.453333732890     
        0   302805   0.000E+00   0.000E+00
  OPTIMIZATION STUFF
      302805  -21450.249495072872        4998510194.0879049     
   67367.625686875966       -88817.875181948839     
        0   299975   0.000E+00   0.000E+00
  OPTIMIZATION STUFF
      299975  -21828.787515563163        5098140452.2272091     
   67982.677851255634       -89811.465366818797     
        0   285503   0.000E+00   0.000E+00
  OPTIMIZATION STUFF
      285503  -21910.464791462102        5112272889.0184126     
   68060.299893847900       -89970.764685310001     
        0   286459   0.000E+00   0.000E+00
  OPTIMIZATION STUFF
      286459  -21771.087679173961        5082367483.2211542     
   67885.103111705394       -89656.190790879351     
        0   324557   0.000E+00   0.000E+00
  OPTIMIZATION STUFF
      324557  -22753.158443647848        5308981573.5603456     
   69219.038958935300       -91972.197402583144     
        0   297238   0.000E+00   0.000E+00
  OPTIMIZATION STUFF
      297238  -22166.826062849032        5168342044.8953838     
   68388.404479083882       -90555.230541932920     
        0   214987   0.000E+00   0.000E+00
  OPTIMIZATION STUFF
      214987  -21975.169928134721        5146154572.4364014     
   68287.967308055115       -90263.137236189839     
        0   161053   0.000E+00   0.000E+00
  OPTIMIZATION STUFF
      161053  -21995.451624671692        5134143249.0136566     
   68193.426052958966       -90188.877677630662     
        0   109790   0.000E+00   0.000E+00
  OPTIMIZATION STUFF
      109790  -21923.160201964791        5110111115.3511324     
   68040.327469156997       -89963.487671121780     
        0   165425   0.000E+00   0.000E+00
  OPTIMIZATION STUFF
      165425  -22568.132587783617        5278503977.0532608     
   69059.274312386755       -91627.406900170376     
        0   180013   0.000E+00   0.000E+00
  OPTIMIZATION STUFF
      180013  -22400.805575112056        5237003782.9974852     
   68812.845403917963       -91213.650979030019     
        0   190174   0.000E+00   0.000E+00
  OPTIMIZATION STUFF
      190174  -21039.082207630650        4883056288.1805153     
   66636.426285036287       -87675.508492666937     
        0   180532   0.000E+00   0.000E+00
  OPTIMIZATION STUFF
      180532  -21551.043301167516        5012545804.7832556     
   67439.590282077319       -88990.633583244839     
        0   163616   0.000E+00   0.000E+00
  OPTIMIZATION STUFF
      163616  -22299.780113473073        5208959452.8371782     
   68641.672908867316       -90941.453022340385     
        0   174215   0.000E+00   0.000E+00
  OPTIMIZATION STUFF
      174215  -22245.631166924111        5180119803.8460760     
   68448.898441328114       -90694.529608252225     
        0   157411   0.000E+00   0.000E+00
  OPTIMIZATION STUFF
      157411  -21782.979959703469        5072879189.2719374     
   67811.363158006890       -89594.343117710363     
        0   137208   0.000E+00   0.000E+00
  OPTIMIZATION STUFF
      137208  -22231.463945804793        5195682558.8688345     
   68567.080801906806       -90798.544747711596     
        0   158379   0.000E+00   0.000E+00
  OPTIMIZATION STUFF
      158379  -21573.781998908005        5033745608.5762482     
   67589.330066511538       -89163.112065419540     
        0   164458   0.000E+00   0.000E+00
  OPTIMIZATION STUFF
      164458  -22398.187029665660        5239625609.2903929     
   68832.745311185354       -91230.932340851010     
        0   142803   0.000E+00   0.000E+00
  OPTIMIZATION STUFF
      142803  -22439.615725475156        5234847290.1594124     
   68784.525412714895       -91224.141138190054     
        0   166631   0.000E+00   0.000E+00
  OPTIMIZATION STUFF
      166631  -21672.209869377304        5062199287.7743454     
   67768.094315481605       -89440.304184858906     
        0   152296   0.000E+00   0.000E+00
  OPTIMIZATION STUFF
      152296  -21928.040211640280        5102816206.7935553     
   67985.125279506858       -89913.165491147141     
        0   158019   0.000E+00   0.000E+00
  OPTIMIZATION STUFF
      158019  -22102.254359842427        5138814478.6215696     
   68193.143576421207       -90295.397936263631     
        0   168331   0.000E+00   0.000E+00
  OPTIMIZATION STUFF
      168331  -21748.857065610719        5050751116.7281628     
   67658.985604779780       -89407.842670390499     
        0   133575   0.000E+00   0.000E+00
  OPTIMIZATION STUFF
      133575  -21819.957499874647        5071928232.8910418     
   67792.460403755118       -89612.417903629772     
        0   145465   0.000E+00   0.000E+00
  OPTIMIZATION STUFF
      145465  -22086.005160975747        5144207814.2983027     
   68237.938057415362       -90323.943218391112     
        0   166329   0.000E+00   0.000E+00
  OPTIMIZATION STUFF
      166329  -22505.761281414350        5242545211.2835312     
   68818.863114901294       -91324.624396315645     
        0   141538   0.000E+00   0.000E+00
  OPTIMIZATION STUFF
      141538  -22946.582847527239        5346094329.8326139     
   69422.969292980997       -92369.552140508240     
        0   172041   0.000E+00   0.000E+00
  OPTIMIZATION STUFF
      172041  -21667.945630950373        5053686862.7833109     
   67706.624453723067       -89374.570084673440     
        0   165668   0.000E+00   0.000E+00
  OPTIMIZATION STUFF
      165668  -22317.595344063357        5210952683.2113314     
   68650.401464739974       -90967.996808803335     
        0   163139   0.000E+00   0.000E+00
  OPTIMIZATION STUFF
      163139  -21460.185126120203        5014895825.5556545     
   67485.970985889391       -88946.156112009601     
        0   172457   0.000E+00   0.000E+00
  OPTIMIZATION STUFF
      172457  -23511.079316943822        5494565247.8176641     
   70297.897530225178       -93808.976847169004     
        0   160905   0.000E+00   0.000E+00
  OPTIMIZATION STUFF
      160905  -21782.911804288298        5073948982.6746550     
   67819.272600060023       -89602.184404348314     
        0   147771   0.000E+00   0.000E+00
  OPTIMIZATION STUFF
      147771  -22861.403120702682        5320181305.1983213     
   69264.258839253074       -92125.661959955760     
        0   152500   0.000E+00   0.000E+00
  OPTIMIZATION STUFF
      152500  -23103.609255890653        5400650066.7644548     
   69762.979481352275       -92866.588737242928     
        0   182908   0.000E+00   0.000E+00
  OPTIMIZATION STUFF
      182908  -23252.179249654142        5422860429.2223215     
   69872.717060124938       -93124.896309779084     
        0   203596   0.000E+00   0.000E+00
  OPTIMIZATION STUFF
      203596  -23183.611342956159        5407949241.7145576     
   69788.748425611644       -92972.359768567811     
        0   199306   0.000E+00   0.000E+00
  OPTIMIZATION STUFF
      199306  -22488.707970297131        5255849121.1323223     
   68921.020994751787       -91409.728965048911     
        0   157943   0.000E+00   0.000E+00
  OPTIMIZATION STUFF
      157943  -22495.326946233927        5233835477.2815056     
   68758.968454039117       -91254.295400273040     
        0   159195   0.000E+00   0.000E+00
  OPTIMIZATION STUFF
      159195  -22275.430599026044        5191685755.2029295     
   68523.652462714686       -90799.083061740734     
        0   187360   0.000E+00   0.000E+00
  OPTIMIZATION STUFF
      187360  -21682.413586694438        5055040594.0680275     
   67711.989596551924       -89394.403183246366     
        0   177490   0.000E+00   0.000E+00
  OPTIMIZATION STUFF
      177490  -22364.906896747631        5219037658.2655716     
   68693.875984438244       -91058.782881185878     
        0   178587   0.000E+00   0.000E+00
  OPTIMIZATION STUFF
      178587  -22350.316621668375        5200281322.5857267     
   68561.976849394458       -90912.293471062832     
        0   189781   0.000E+00   0.000E+00
  OPTIMIZATION STUFF
      189781  -22263.912033938541        5197470815.4487438     
   68569.592651508370       -90833.504685446911     
        0   157164   0.000E+00   0.000E+00
  OPTIMIZATION STUFF
      157164  -22637.532848621417        5270668425.6989088     
   68979.783503766477       -91617.316352387890     
        0   142055   0.000E+00   0.000E+00
  OPTIMIZATION STUFF
      142055  -21068.811665571695        4907072322.3367786     
   66807.016827107684       -87875.828492679371     
        0   125286   0.000E+00   0.000E+00
  OPTIMIZATION STUFF
      125286  -21079.868027388657        4925558065.0790834     
   66941.745040198657       -88021.613067587314     
        0   182391   0.000E+00   0.000E+00
  OPTIMIZATION STUFF
      182391  -22664.764754667362        5293842015.4451370     
   69138.632139063368       -91803.396893730736     
        0   152084   0.000E+00   0.000E+00
  OPTIMIZATION STUFF
      152084  -21700.176593626551        5054482933.2073536     
   67702.180681369311       -89402.357274995855     
        0   157847   0.000E+00   0.000E+00
  OPTIMIZATION STUFF
      157847  -21748.135314276864        5070895361.6702871     
   67807.919685108995       -89556.054999385859     
        0   175401   0.000E+00   0.000E+00
  OPTIMIZATION STUFF
      175401  -21559.721482886111        5043943028.1194239     
   67669.205978050333       -89228.927460936451     
        0   159353   0.000E+00   0.000E+00
  OPTIMIZATION STUFF
      159353  -22341.337295725574        5209276591.6784010     
   68630.468740327153       -90971.806036052731     
        0   149328   0.000E+00   0.000E+00
  OPTIMIZATION STUFF
      149328  -22625.716203566564        5287073394.8949080     
   69102.462772108003       -91728.178975674571     
        0   146851   0.000E+00   0.000E+00
  OPTIMIZATION STUFF
      146851  -22892.085525996754        5355015254.8874702     
   69505.162938863185       -92397.248464859935     
        0   132400   0.000E+00   0.000E+00
  OPTIMIZATION STUFF
      132400  -22490.540781358162        5249760170.1074657     
   68876.234983262053       -91366.775764620223     
        0   183369   0.000E+00   0.000E+00
  OPTIMIZATION STUFF
      183369  -21899.428305015113        5105071450.7178822     
   68010.929199882172       -89910.357504897285     
        0   161955   0.000E+00   0.000E+00
  OPTIMIZATION STUFF
      161955  -21860.566105027920        5108073234.8893347     
   68045.491286763732       -89906.057391791648     
        0   139404   0.000E+00   0.000E+00
  OPTIMIZATION STUFF
      139404  -22464.673143705495        5243104783.6545744     
   68836.351183085324       -91301.024326790823     
        0   131890   0.000E+00   0.000E+00
  OPTIMIZATION STUFF
      131890  -22646.194437505932        5287648283.0879135     
   69099.914331253618       -91746.108768759557     
        0   159478   0.000E+00   0.000E+00
  OPTIMIZATION STUFF
      159478  -21851.313917145981        5100837422.9403849     
   67995.275593490514       -89846.589510636491     
        0   172590   0.000E+00   0.000E+00
  OPTIMIZATION STUFF
      172590  -22356.845131440896        5215632083.4375830     
   68671.708579344020       -91028.553710784909     
        0   178652   0.000E+00   0.000E+00
  OPTIMIZATION STUFF
      178652  -21517.444141279371        5006081631.6637964     
   67402.382964482182       -88919.827105761549     
        0   194813   0.000E+00   0.000E+00
  OPTIMIZATION STUFF
      194813  -22216.965167199141        5182110655.1655302     
   68472.747235122602       -90689.712402321748     
        0   172360   0.000E+00   0.000E+00
  OPTIMIZATION STUFF
      172360  -22950.576217644928        5341096518.0232058     
   69385.643827100692       -92336.220044745627     
        0   126587   0.000E+00   0.000E+00
  OPTIMIZATION STUFF
      126587  -23063.932033583264        5386244423.4209776     
   69672.802890161009       -92736.734923744269     
        0   179211   0.000E+00   0.000E+00
  OPTIMIZATION STUFF
      179211  -22906.763719429724        5336375117.3090734     
   69366.096136450491       -92272.859855880219     
        0   176326   0.000E+00   0.000E+00
  OPTIMIZATION STUFF
      176326  -23266.574740050033        5448332561.6178541     
   70049.975456694621       -93316.550196744647     
        0   183642   0.000E+00   0.000E+00
  OPTIMIZATION STUFF
      183642  -22140.441467583238        5153899529.7712469     
   68291.290670126938       -90431.732137710176     
        0   178158   0.000E+00   0.000E+00
  OPTIMIZATION STUFF
      178158  -22120.868005902772        5164130663.0545940     
   68372.493458407829       -90493.361464310598     
        0   209742   0.000E+00   0.000E+00
  OPTIMIZATION STUFF
      209742  -21963.727099883527        5128338590.1310673     
   68161.083339490055       -90124.810439373585     
        0   199661   0.000E+00   0.000E+00
  OPTIMIZATION STUFF
      199661  -22130.996263637553        5168652066.7228899     
   68402.273873766433       -90533.270137403990     
        0   192212   0.000E+00   0.000E+00
  OPTIMIZATION STUFF
      192212  -22207.375218445883        5171505650.1607771     
   68398.378168403477       -90605.753386849363     
        0   190804   0.000E+00   0.000E+00
  OPTIMIZATION STUFF
      190804  -21959.089066158191        5128915576.1884689     
   68166.809985307365       -90125.899051465560     
        0   192447   0.000E+00   0.000E+00
  OPTIMIZATION STUFF
      192447  -22842.082550686617        5325488508.9399176     
   69308.929970729863       -92151.012521416473     
        0   157548   0.000E+00   0.000E+00
  OPTIMIZATION STUFF
      157548  -21762.052842532019        5081196946.8393288     
   67879.378333321321       -89641.431175853344     
        0   179142   0.000E+00   0.000E+00
  OPTIMIZATION STUFF
      179142  -21659.423713333814        5051830015.5490036     
   67695.637820728720       -89355.061534062537     
        0   180128   0.000E+00   0.000E+00
  OPTIMIZATION STUFF
      180128  -21694.601686694234        5074571391.5592966     
   67852.160239855148       -89546.761926549385     
        0   200424   0.000E+00   0.000E+00
  OPTIMIZATION STUFF
      200424  -22786.767498724101        5310613353.7628832     
   69219.770157968407       -92006.537656692512     
        0   167071   0.000E+00   0.000E+00
  OPTIMIZATION STUFF
      167071  -21917.987456262774        5112689605.5844603     
   68060.939102039774       -89978.926558302541     
        0   184264   0.000E+00   0.000E+00
  OPTIMIZATION STUFF
      184264  -23014.319467802750        5362063589.1785336     
   69515.499628589663       -92529.819096392413     
        0   167243   0.000E+00   0.000E+00
  OPTIMIZATION STUFF
      167243  -22105.764029308084        5170887495.0070038     
   68426.768823959181       -90532.532853267272     
        0   202523   0.000E+00   0.000E+00
  OPTIMIZATION STUFF
      202523  -21849.051851501816        5090414678.8185120     
   67919.316928315005       -89768.368779816825     
        0   182901   0.000E+00   0.000E+00
  OPTIMIZATION STUFF
      182901  -22175.616245029611        5170052251.8529863     
   68398.057691766109       -90573.673936795720     
        0   165882   0.000E+00   0.000E+00
  OPTIMIZATION STUFF
      165882  -22390.682824454081        5230462247.4876842     
   68768.594359215902       -91159.277183669983     
        0   194802   0.000E+00   0.000E+00
  OPTIMIZATION STUFF
      194802  -22684.917071511096        5291555693.6478357     
   69115.484741890512       -91800.401813401608     
        0   145092   0.000E+00   0.000E+00
  OPTIMIZATION STUFF
      145092  -22140.211913039580        5167774957.0910540     
   68392.879552894650       -90533.091465934238     
        0   144225   0.000E+00   0.000E+00
  OPTIMIZATION STUFF
      144225  -22098.377853728191        5155178372.7503681     
   68314.274269615300       -90412.652123343491     
        0   159917   0.000E+00   0.000E+00
  OPTIMIZATION STUFF
      159917  -22043.499537268675        5127020295.1718636     
   68125.651727688441       -90169.151264957123     
        0   145542   0.000E+00   0.000E+00
  OPTIMIZATION STUFF
      145542  -21189.326104240550        4925725378.5125685     
   66908.428749752580       -88097.754853993130     
        0   173442   0.000E+00   0.000E+00
  OPTIMIZATION STUFF
      173442  -21848.774800240993        5082397452.0033474     
   67860.360238741006       -89709.135038982000     
        0   199642   0.000E+00   0.000E+00
  OPTIMIZATION STUFF
      199642  -21040.982975442934        4901419233.9305248     
   66773.469801693282       -87814.452777136219     
        0   167491   0.000E+00   0.000E+00
  OPTIMIZATION STUFF
      167491  -21882.452517425318        5097965555.7305880     
   67964.136333460556       -89846.588850885877     
        0   166111   0.000E+00   0.000E+00
  OPTIMIZATION STUFF
      166111  -22536.882823304677        5257847320.0525980     
   68919.781142000385       -91456.663965305066     
        0   188302   0.000E+00   0.000E+00
  OPTIMIZATION STUFF
      188302  -22702.331233116423        5303597822.3948984     
   69196.835035836470       -91899.166268952889     
        0   154164   0.000E+00   0.000E+00
  OPTIMIZATION STUFF
      154164  -21961.469852945098        5115501962.1559010     
   68067.582622376751       -90029.052475321849     
        0   189834   0.000E+00   0.000E+00
  OPTIMIZATION STUFF
      189834  -21796.012003445572        5086369080.9446516     
   67906.575099104419       -89702.587102549995     
        0   169593   0.000E+00   0.000E+00
  OPTIMIZATION STUFF
      169593  -22609.216674053328        5275172810.9197950     
   69021.707688998125       -91630.924363051454     
        0   153347   0.000E+00   0.000E+00
  OPTIMIZATION STUFF
      153347  -22772.527440594113        5308552291.0279207     
   69209.567871756779       -91982.095312350895     
        0   176061   0.000E+00   0.000E+00
  OPTIMIZATION STUFF
      176061  -23506.723714800683        5487719363.4533958     
   70250.646286346877       -93757.370001147559     
        0   173298   0.000E+00   0.000E+00
  OPTIMIZATION STUFF
      173298  -21810.175581696760        5085955709.4306307     
   67898.983427781815       -89709.159009478579     
        0   184876   0.000E+00   0.000E+00
  OPTIMIZATION STUFF
      184876  -22047.506813677184        5157923216.6394043     
   68350.791216636717       -90398.298030313905     
        0   163068   0.000E+00   0.000E+00
  OPTIMIZATION STUFF
      163068  -22124.931395233507        5150992348.2421303     
   68275.030274605815       -90399.961669839322     
        0   184415   0.000E+00   0.000E+00
  OPTIMIZATION STUFF
      184415  -22765.913062059739        5316267874.7302942     
   69267.460449918566       -92033.373511978309     
        0   161090   0.000E+00   0.000E+00
  OPTIMIZATION STUFF
      161090  -22008.128608768046        5136515239.6149063     
   68206.726316066735       -90214.854924834784     
        0   179700   0.000E+00   0.000E+00
  OPTIMIZATION STUFF
      179700  -22483.395202953285        5229332162.2421484     
   68730.117869751732       -91213.513072705013     
        0   169917   0.000E+00   0.000E+00
  OPTIMIZATION STUFF
      169917  -22210.488905452901        5178440536.9362249     
   68448.043942226563       -90658.532847679468     
        0   168827   0.000E+00   0.000E+00
  OPTIMIZATION STUFF
      168827  -22333.785196452911        5191065043.7762575     
   68500.124690214681       -90833.909886667592     
        0   151297   0.000E+00   0.000E+00
  OPTIMIZATION STUFF
      151297  -21719.070294368623        5074656042.4016247     
   67844.955803286502       -89564.026097655122     
        0   164216   0.000E+00   0.000E+00
  OPTIMIZATION STUFF
      164216  -22151.493335791729        5151724057.6243229     
   68271.776017756391       -90423.269353548123     
        0   197946   0.000E+00   0.000E+00
  OPTIMIZATION STUFF
      197946  -22024.920210401073        5126985972.0439701     
   68131.408775758013       -90156.328986159089     
        0   173072   0.000E+00   0.000E+00
  OPTIMIZATION STUFF
      173072  -22031.412222268689        5142552517.1906576     
   68243.456775599567       -90274.868997868252     
        0   146855   0.000E+00   0.000E+00
  OPTIMIZATION STUFF
      146855  -21673.161086317617        5044744315.5006208     
   67638.882338689989       -89312.043425007607     
        0   190615   0.000E+00   0.000E+00
  OPTIMIZATION STUFF
      190615  -22048.767351743743        5150703243.3605423     
   68297.548284175049       -90346.315635918785     
        0   171328   0.000E+00   0.000E+00
  OPTIMIZATION STUFF
      171328  -21640.263064989751        5049005890.1375589     
   67680.905022137522       -89321.168087127269     
