   4952036.5539903883     
   4908641.3315002136     
   4782231.6264345041     
   7589607.9116969462     
   9457167.6068211645     
   8224083.2821882237     
   11630228.061689168     
   13479886.362818697     
   7973672.8266227515     
   10699531.012998981     
   13802377.385576867     
   15277460.030833956     
   10281641.575686965     
   33065555.581641302     
   11880902.073660716     
   10759902.532725269     
   16589241.323003007     
   26220529.897516146     
   13729097.504196510     
   9662784.1298097502     
   7310497.9502280094     
   13971490.178263394     
   11925010.509969462     
   13403338.084420932     
   3383079.5326610412     
   3837889.1931348322     
   1828834.5282969414     
   12115322.503727544     
   5002267.0642417111     
   10717249.672521085     
   4902094.1291082725     
   3093554.4579501571     
   2575948.1259384528     
   2023018.5985116074     
   1801841.6476219730     
   2169545.2363545727     
   2863844.1593534485     
   1664899.9452476967     
   1116329.9657060306     
   1499118.0589033265     
   2486774.6280208589     
   2448550.4069953733     
   1625237.7893269283     
   960499.13463667908     
   1216444.8541308446     
   1200921.7354441741     
   1432054.0508025037     
   1070056.3864592595     
   916211.16628706653     
   1021926.2286295387     
   922664.37627518456     
   773641.42164592049     
   709034.33992936544     
   1094883.7486315046     
   875031.19250864175     
   665901.90735478175     
   644456.53837772133     
   641202.11966682517     
   768890.89413670136     
   560446.42524612660     
   657973.41149903904     
   638082.42192457360     
   598625.09919956955     
   568491.55884607078     
   505485.72803362843     
   759494.47865689639     
   685049.73513479519     
   516943.00598196540     
   501682.47213497822     
   505712.23161172855     
   804595.87151245633     
   804359.22532119171     
   537852.04113267222     
   597504.56719417078     
   644710.99486703239     
   644307.33682339708     
   578562.84517403354     
   531994.66857127543     
   473835.89224081760     
   473665.50545537687     
   524019.45044323389     
   534471.97192691395     
   514275.90374816512     
   597351.99360240437     
   597217.36002691544     
   482914.32177896879     
   468844.87561140512     
   579320.92571064783     
   733896.99504433572     
   733810.21792034828     
   653495.06931001460     
   630944.10770507774     
   523073.12339535909     
   498467.98818162904     
   563497.33883317909     
   435844.77228051220     
   436989.36803020583     
   530996.26167399099     
   530909.79689281655     
   579660.68957485270     
   525031.97122478776     
   582058.56646252016     
   492299.97212663118     
   492141.30711816612     
   458690.12449689355     
   574108.59470410564     
   465254.56576115196     
   417149.32136057114     
   622649.44825834641     
   551096.03911859449     
   456044.75352850981     
   456026.02086703526     
   558417.23707545549     
   503591.89767929306     
   440707.94112830213     
   542217.94597624603     
   557511.99247202103     
   573637.03996101301     
   518848.30559266312     
   482231.78789556248     
   430392.85983638937     
   550979.76829995262     
   484143.30792388821     
   482904.66489679326     
   526604.55611451913     
   415821.39451256191     
   560615.40533870319     
   510005.51567708363     
   404143.84771874268     
   474466.06833029742     
   486393.34034119884     
   481276.02124960575     
   520796.38164668018     
   458078.45462518791     
   522437.94205377949     
   418187.68474719947     
   509749.09748206259     
   481916.04168416082     
   564421.03733555530     
   504153.00808124919     
   516660.51165942388     
   500200.23134379095     
   563422.08817279618     
   430018.67042007891     
   503346.56331839232     
   456922.51533154614     
   473385.65096972883     
   471107.81599327916     
   552015.07372470666     
   416061.03469794814     
   492064.59909945127     
   481937.85154754127     
   545763.15369947290     
   462415.34161204373     
   546947.33046336984     
   534858.34491582518     
   470532.49823157140     
   592169.81244403217     
   442219.70883813477     
   451254.93341172585     
   427650.36152721755     
   410916.86007365957     
   505981.89763302653     
   414837.63723052759     
   521401.09889001027     
   439208.79017764668     
   482964.30073935859     
   479717.07329990726     
   413206.03347920574     
   449528.37798071752     
   472708.61560701061     
   435214.11345604208     
   515921.42930639035     
   487476.91627973143     
   435158.38882504939     
   455847.30417242931     
   526992.77933168737     
   388247.91711368167     
   502073.22382003214     
   505609.86047005554     
   552771.58285971894     
   462591.95107714651     
   417759.85096552828     
   551328.18270448549     
   457539.39420251158     
   414555.46722042060     
   611115.92150991212     
   525697.40468764689     
   590726.19203523349     
   444306.63176151604     
   475009.35009323742     
   398836.76716452249     
   436460.00364912464     
   440843.72346736217     
   447236.30104403663     
   435601.95355406485     
   347200.59489363432     
   499983.35648375779     
   506801.19116388343     
   490969.66630865278     
   519670.90337511641     
   423937.00157526601     
   474587.51980660565     
   557833.64529875154     
   433364.26970991527     
   561129.95382947370     
   394049.10619469243     
   547942.88591397356     
   471861.33579013619     
   542392.38418188749     
   414916.39588126953     
   354210.97969900968     
   653136.28150735050     
   458711.96921274514     
   468731.15362794045     
   471789.88005594583     
   441220.60924365855     
   465169.59526513307     
   482018.42648129963     
   565198.10216195369     
   439385.01277176070     
   592270.47584744694     
   561360.89149966021     
   477039.87779914815     
   513598.91894660849     
   436900.36631785100     
   410461.01853241381     
   527539.15598116885     
   471151.64048960147     
   518236.17178188177     
   496159.07449215179     
   439957.40191254619     
   448032.44852252823     
   526106.43105482042     
   442567.89955798915     
   492866.15442046773     
   476869.51914797147     
   449336.50413748610     
   461537.81383700768     
   426750.20744254428     
   486667.76477753656     
   435246.15179093042     
   429344.18333724700     
   488871.26689347893     
   501370.94173909014     
   456043.95374680386     
   543058.88228723395     
   462979.27982126258     
   528289.96414901270     
   390748.13275237777     
   441101.17584429012     
   457336.07735241717     
   502310.89521313360     
   374494.73701828771     
   592194.39035500889     
   512285.24741897226     
   647858.90228015184     
   421675.18633185601     
   418529.29891842761     
   463721.90679698583     
   390042.53119371331     
   545386.96643156605     
   433135.15508665005     
   512684.91161122418     
   483818.69287545397     
   519354.77263089950     
   435842.94906583120     
   545833.43426935130     
   457800.51363323192     
   449722.56427440699     
   486299.64942341571     
   399338.62048762123     
   471461.93562870438     
   406991.67794958979     
   487375.83965845231     
   421639.10858298180     
   435913.80553466227     
   540770.93186657422     
   465565.95017089072     
   412641.10261558509     
   460449.69518646627     
   463052.13456284971     
   427015.96575377544     
   462299.22540285776     
   443920.02082212974     
   432443.91594690998     
   492908.04008616868     
   655542.70445354981     
   420024.52558670321     
   679280.47106972476     
   511815.52435015916     
   458017.93975004775     
   426448.61040445924     
   460749.53975103609     
   487064.77103276231     
   457714.06934458105     
   474524.93004394532     
   392267.50050777337     
   420875.82806855644     
   546036.33834339748     
   431348.07790756179     
   484650.62405979703     
   479174.79782139813     
   494148.58999323403     
   414115.56178370188     
   525237.44241514720     
   459099.00561260735     
   491982.08845741063     
   505503.40858802164     
   482162.98508069629     
   479243.05290637765     
   459551.69655490946     
   450243.35071834153     
   461748.64812469902     
   495735.53839160182     
   476933.40205828950     
   456870.54279066331     
   565569.42467811285     
   462648.75101858086     
   519257.09368042345     
   482769.51963443117     
   530450.31340696278     
   581426.27733568149     
   519758.49482905213     
   471680.68155495753     
   431152.98839839565     
   464090.30064811121     
   425834.59378304350     
   533366.67808891297     
   413144.85940253944     
   446214.60337175435     
   395310.27699444589     
   485684.14444319601     
   393387.41325325886     
   481155.06684250856     
   484741.54653177451     
   407775.51569266932     
   435859.35500120709     
   461341.01922631561     
   589239.69292778743     
   453991.35340322531     
   506090.50691542862     
   368334.56908021297     
   440918.46792702749     
   432536.28383619414     
   459203.65401419270     
   516592.90488476382     
   456819.62992028566     
   441889.30280620145     
   496189.10214198043     
   458713.53769512131     
   442957.78669864760     
   454492.00612367498     
   593071.57786894462     
   616710.11448933196     
   507307.90101458220     
   364083.74973613484     
   515588.97382983170     
   453746.07062877924     
   493713.91931775032     
   498090.52238605393     
   514289.36373604980     
   551733.28241858876     
   438164.47375519632     
   552202.22311812802     
   542662.35988871381     
   411514.99007945700     
   498737.82011944422     
   486153.52940858266     
   416466.90526196174     
   458712.45920994005     
   484792.88410655735     
   547377.86368458462     
   513036.83236572344     
   415381.54255982221     
   571553.97124080115     
   454938.18905102275     
   545761.52354909119     
   480283.84662604879     
   386332.97345484659     
   456347.11307368509     
   503563.22287747724     
   514869.01424215402     
   396285.28496130637     
   518517.63470017433     
   428651.29557602963     
   476702.73894641927     
   518418.87055343785     
   510294.03988646838     
   488695.02805340907     
   577467.00281650375     
   453003.32756517734     
   406455.25685413409     
   482605.75911139580     
   466584.39051107271     
   454039.83027939266     
   486222.32585372112     
   462457.49087109714     
   528699.88032313297     
   462279.83534829825     
   433693.06727810955     
   453533.92429355450     
   453105.64986174926     
   502397.61450396909     
   419005.42997423658     
   398499.16732853244     
   496885.72983181424     
   408373.40922796173     
   446084.80443815276     
   426974.05210566032     
   446715.74073445809     
   444488.51428679953     
   581991.66502096795     
   425581.35757919244     
   405136.22106729145     
   477520.78963502886     
   509871.68776388443     
   411137.67521554307     
   516165.10842822655     
   533832.72134622256     
   444956.08097032434     
   416384.80678354629     
   659758.49361371982     
   443381.12150650955     
   500904.80023559707     
   438072.25488998467     
   469772.30357136787     
   503183.20136939851     
   527322.65594074747     
   486077.46047953877     
   460089.99559723068     
   469966.82030378259     
   459232.31649753638     
   434843.20069209160     
   500680.50054977427     
   460024.30948467489     
   497152.78401730570     
   382838.13006803853     
   476977.88453516632     
   499678.23011549079     
   599765.41454682522     
   445952.20046951069     
   518040.40958564059     
   431332.99878622720     
   516693.48076401989     
   442492.15887309046     
   533745.40958875790     
   372155.00937943836     
   490875.71346037724     
   616333.82708687580     
   417826.17502938479     
   418022.18464367429     
   440004.96494671819     
   400894.05120089062     
   518056.65140427678     
   415530.64476565795     
   509694.30269719119     
   513445.30356454063     
   510210.44456472126     
   482782.47724809073     
   438626.73059024633     
   447179.96977660293     
   553840.86906654830     
   528592.24588500627     
   459722.47206838918     
   438810.65009228577     
   447940.86252437741     
   461315.97408928152     
   404740.31443629798     
   486724.79477193468     
   455324.24500035221     
   555688.66211941524     
   381862.53110611986     
   540149.88822929095     
   504952.93501492619     
   492012.15284763480     
   445111.22411730600     
   501234.82598158380     
   426344.15860053903     
   427992.20355601289     
   473059.55489351921     
   459737.53025781747     
   442475.50986621709     
   470080.77482022252     
   482481.28238537174     
   396801.41146742483     
   609468.12415266316     
   423973.43221849459     
   482941.74052639562     
   424124.73417679570     
   486076.54956228606     
   417086.76930316671     
   471080.95013957273     
   470324.89239717863     
   550410.78608928202     
   420555.08691285446     
   493966.52097172255     
   461150.18887764704     
   482992.00892526493     
   418111.45275786740     
   480298.31072890176     
   469633.91689585074     
   503675.52510532772     
   479286.80622862111     
   511045.16267184581     
   449951.06469364231     
   426717.87314318167     
   538774.00272126752     
   525223.04416470230     
   502405.24422648945     
   491681.01356128149     
   465784.84464588959     
   409121.85017154901     
   501550.72000379063     
   494738.65355779673     
   480604.96330408234     
   421639.85726894194     
   626907.52215406625     
   442535.05070939916     
   474603.48660140106     
   480609.20737377403     
   469103.98185940180     
   556210.40132309368     
   465567.15927206463     
   440343.94567406573     
   447689.22307496320     
   461081.84848342591     
   475270.01242852246     
   418650.68652676488     
   451080.04411879700     
   543641.90099536162     
   424615.47009317606     
   451065.33881318773     
   492212.63633854664     
   409696.13184816571     
   479788.26855919149     
   490764.73367428750     
   354115.17691059684     
   487023.54100749333     
   433547.97787112492     
   442141.70044511976     
   426955.89416757395     
   493235.18485973682     
   567618.85946658440     
   537610.99821338290     
   436389.07300665701     
   427734.14476013882     
   588784.44271484402     
   448966.57942064956     
   549792.21758869232     
   488385.85134042957     
   485118.01246977510     
   528532.32276640926     
   399221.75850223837     
   441781.93699517258     
   462848.82427281962     
   408782.00449510879     
   456470.50766699901     
   567927.35850914568     
   432869.70126856037     
   541116.45225407497     
   429817.66102467995     
   441829.65351179958     
   520749.65133839444     
   509543.07659510849     
   439062.49619698286     
   497877.96096419927     
   451486.41321024107     
   474986.44273997471     
   538377.32094046206     
   413105.11309610883     
   423484.25967760244     
   401182.64474515262     
   422504.18967548350     
   486320.67968676286     
   483052.79647429904     
   514160.96956333320     
   439486.90630360151     
   447140.51529102522     
   472753.79422307241     
   402762.62189452496     
   458567.23771212663     
   480317.54632028157     
   422570.44620570663     
   577941.36787016108     
   577775.99694143655     
   530837.46967498842     
   387681.66352666193     
   430918.62072652054     
   756342.65769902815     
   383857.10972217965     
   532004.88213165686     
   537663.75740432111     
   476731.94858681178     
   650496.29563145025     
   440293.35716393031     
   498217.10346564779     
   434526.54601737019     
   524367.73545716831     
   426527.65957411163     
