           1  0.27849698066711426       0.81654942035675049       0.25188720226287842     
           2 -0.39512968063354492      -0.60218763351440430      -0.20762884616851807     
           3  0.96864211559295654      -0.33761739730834961      -0.75952506065368652     
           4 -0.95623290538787842       0.20422804355621338       0.52040994167327881     
           5  0.66854786872863770       0.93432652950286865      -0.73449969291687012     
           6  0.18547463417053223       0.41177511215209961       0.17503893375396729     
           7  0.33816313743591309      -0.27972185611724854      -0.45952403545379639     
           8  0.62555706501007080       0.41350638866424561      -0.23057770729064941     
           9 -0.51332080364227295      -0.12099599838256836       0.98250854015350342     
          10  -7.1151971817016602E-002  0.84928548336029053      -0.49946475028991699     
          11  -3.4174323081970215E-002 -0.57364749908447266       0.68230557441711426     
          12 -0.13174796104431152      -0.24938225746154785       0.97871136665344238     
          13  0.30680143833160400       0.53894162178039551      -0.72372877597808838     
          14 -0.80237269401550293        3.4150123596191406E-002 -0.85813379287719727     
          15  0.91135513782501221       0.50748145580291748       0.77744388580322266     
          16 -0.56909322738647461      -0.44748616218566895       0.36935102939605713     
          17  0.51388823986053467       0.15558445453643799        6.7574620246887207E-002
          18  0.80416774749755859        6.3521504402160645E-002  0.91790425777435303     
          19 -0.74939000606536865      -0.75778925418853760       0.82553398609161377     
          20 -0.63054215908050537       -2.4043083190917969E-002 -0.22467291355133057     
          21  0.23983311653137207      -0.86953580379486084      -0.61465716361999512     
          22 -0.33421349525451660      -0.83050894737243652      -0.60588073730468750     
          23 -0.70869040489196777       0.58197617530822754       0.99184000492095947     
          24  0.24017298221588135      -0.68020319938659668       -4.6734929084777832E-002
          25  0.76896643638610840       0.18738687038421631      -0.46956002712249756     
          26 -0.42468631267547607       0.17755150794982910       0.26861524581909180     
          27  0.46337854862213135       0.26553463935852051       0.58363008499145508     
          28   2.1521568298339844E-002  0.22108507156372070      -0.97040188312530518     
          29  0.61941981315612793      -0.37629091739654541       -8.6996912956237793E-002
          30  0.27072668075561523      -0.41582190990447998       0.18656003475189209     
          31 -0.10823774337768555      -0.38849234580993652      -0.50326383113861084     
          32  -7.5550079345703125E-002  -5.2512764930725098E-002  -9.5473170280456543E-002
          33  0.83935904502868652       0.76095938682556152       -1.1772751808166504E-002
          34 -0.34081780910491943       0.98871171474456787       0.88738775253295898     
          35  0.27678787708282471      -0.19886803627014160      -0.87870335578918457     
          36  0.61695563793182373      -0.90810954570770264       0.66246831417083740     
          37  -6.0260295867919922E-002  0.20921123027801514      -0.46503126621246338     
          38 -0.42097496986389160       0.63872587680816650      -0.57638740539550781     
          39 -0.90373969078063965      -0.83352637290954590      -0.71234297752380371     
          40  0.95683658123016357      -0.98113405704498291       0.58313369750976562     
          41  -3.9461255073547363E-002 -0.85173678398132324      -0.28878366947174072     
          42  0.86934030055999756      -0.68097913265228271      -0.43481326103210449     
          43 -0.61197555065155029      -0.34265124797821045       0.71010351181030273     
          44  0.90975844860076904      -0.41673231124877930       0.48702788352966309     
          45  -5.8321833610534668E-002  0.67150485515594482        4.4420957565307617E-002
          46 -0.60184812545776367       0.88426733016967773        7.9208374023437500E-002
          47 -0.41770362854003906       0.42494285106658936       0.72803378105163574     
          48  0.55538797378540039      -0.75932955741882324       0.12655103206634521     
          49 -0.65419960021972656       0.66210055351257324       0.42122006416320801     
          50  0.96952235698699951       0.17281496524810791      -0.11786782741546631     
          51 -0.73530650138854980       0.17530536651611328       0.81025743484497070     
          52 -0.58438622951507568       0.80737709999084473      -0.30951416492462158     
          53  0.72887599468231201      -0.71621155738830566      -0.84586858749389648     
          54  -3.9045810699462891E-002  0.73911821842193604       0.52559804916381836     
          55 -0.24092590808868408      -0.65530705451965332       0.95688176155090332     
          56  0.36474382877349854       0.15365529060363770      -0.59499108791351318     
          57 -0.40851962566375732       0.30580675601959229      -0.92518568038940430     
          58 -0.31999635696411133      -0.91249096393585205       0.23366463184356689     
          59 -0.75747656822204590        2.1380424499511719E-002  0.28260517120361328     
          60 -0.72453892230987549       0.16493725776672363      -0.51104009151458740     
          61 -0.79865467548370361      -0.48766314983367920      -0.49937272071838379     
          62 -0.58281242847442627       0.48225891590118408       -8.9612603187561035E-002
          63  0.86757469177246094       0.75545573234558105      -0.43459463119506836     
          64  0.24221265316009521       0.95085716247558594      -0.31283259391784668     
          65  0.69757640361785889       0.91055977344512939       0.34045290946960449     
          66 -0.17410385608673096      -0.43528354167938232       0.22057700157165527     
          67  0.37694633007049561      -0.68136036396026611       0.78206157684326172     
          68  0.48064541816711426      -0.26363945007324219       0.42695748805999756     
          69  0.46149671077728271       0.72646903991699219       0.68726658821105957     
          70 -0.25405001640319824       0.67095041275024414      -0.98339498043060303     
          71  -1.0525584220886230E-002  0.13377261161804199       0.49599087238311768     
          72   5.7182669639587402E-002 -0.60750198364257812      -0.77298450469970703     
          73 -0.22511827945709229      -0.27061116695404053       0.55132651329040527     
          74  0.21324086189270020       0.83509778976440430      -0.98890340328216553     
          75 -0.70221209526062012      -0.76754164695739746      -0.26532578468322754     
          76  0.17637014389038086       0.19342589378356934      -0.21120977401733398     
          77 -0.53976774215698242      -0.96661806106567383       0.52950334548950195     
          78 -0.41124820709228516      -0.18157494068145752      -0.63617146015167236     
          79  0.26154363155364990       0.54655194282531738      -0.35331189632415771     
          80 -0.95697283744812012      -0.18195784091949463       -5.5184006690979004E-002
          81  0.60630071163177490       0.49923610687255859       0.19273602962493896     
          82 -0.84543681144714355      -0.81952428817749023       0.15571248531341553     
          83  0.98589038848876953       0.67365968227386475      -0.79744327068328857     
          84  0.35290133953094482      -0.11685311794281006       0.77855491638183594     
          85  -9.2809319496154785E-002  0.99837327003479004      -0.87285721302032471     
          86  0.22686421871185303       0.49611210823059082       0.89718306064605713     
          87 -0.94350004196166992      -0.43221759796142578       0.82179808616638184     
          88 -0.94986367225646973      -0.12574636936187744      -0.49010336399078369     
          89 -0.14016115665435791       0.30506968498229980       -5.4818868637084961E-002
          90 -0.93394207954406738       0.42772746086120605      -0.36556124687194824     
          91  0.67688524723052979      -0.43941164016723633       0.77826964855194092     
          92 -0.40563058853149414      -0.24859738349914551       -3.4632086753845215E-002
          93 -0.41813588142395020      -0.65531396865844727       0.65373480319976807     
          94 -0.95240974426269531       0.50991809368133545       0.30599153041839600     
          95  0.63941216468811035      -0.14490461349487305      -0.57191669940948486     
          96  0.88394474983215332       -8.8271260261535645E-002  0.24098134040832520     
          97  -3.5381317138671875E-004 -0.94443655014038086       0.69756686687469482     
          98  0.78600168228149414      -0.91447937488555908      -0.14712572097778320     
          99  0.41735243797302246      -0.63809192180633545      -0.41235220432281494     
         100   3.3391594886779785E-002 -0.81773650646209717       0.27125346660614014     
