   3771227.1335375304     
   1730030.5049343887     
   1562927.6175276446     
   1821308.6343376869     
   1528481.4110886238     
   1494191.4478058338     
   1721019.3689766719     
   2697384.5964418193     
   1711340.5926422218     
   1859212.5864286104     
   1673588.5455696296     
   1556070.7208498192     
   1473868.6510209367     
   1348814.4324412285     
   72409725.028411284     
   54368.849182523591     
   1628382.9090838018     
   1529851.9124808847     
   1363661.1573767851     
   2088954.1767072803     
   1591569.6949194826     
   1673146.9987637845     
   1725515.6887311637     
   1568463.6314118882     
   1336881.7497630396     
   1731932.3261252160     
   1438215.4931039573     
   3412280.1547833690     
   3645642.4294481296     
   1666683.2020572578     
   1292470.7996159068     
   1664770.7717820841     
   1709847.4321687028     
   1895968.3072933499     
   1757975.6644285116     
   1965632.9361715768     
   1621260.7560427075     
   27662568.160120353     
   1703508.0247257501     
   1260628.0582090602     
   2026901.8849374712     
   1323320.9780492873     
   3208550.8808189877     
   1797476.5927945510     
   1525546.8703802761     
   7038482.9913443234     
   1600421.3221033958     
   45959477.875121497     
   1629624.0937937677     
   1736715.2224387645     
   1669971.9957968413     
   1961132.3745946146     
   2088862.2735832720     
   1293647.9450113939     
   2938658.1059010145     
   1505057.8948926155     
   1320305.1977219288     
   1676951.2769685432     
   1966545.2340850732     
   1256553.9676718912     
   1417483.9492928146     
   1433552.0422356790     
   1813102.1243929779     
   1428425.3091951525     
   1625447.8367919018     
   1433058.1736176964     
   1277164.4684849994     
   1530659.5567713429     
   1406862.4566943415     
   2604547.1501002288     
   1618887.4255202950     
   1423304.0077453800     
   1742477.1438176448     
   1969714.0066332163     
   1253462.2913749015     
   1644658.6935752421     
   1209969.4688116347     
   1466272.2024041454     
   1232625.5051719756     
   2160781.1687652520     
   1606653.9673226133     
   1498565.9943836238     
   1531250.7330998245     
   1664797.4381419148     
   1439991.9549833802     
   2007790.5092924146     
   1467078.8513302600     
   1409701.7856994073     
   1598381.2680845652     
   1546225.7888347881     
   1751832.8894065679     
   1917274.2231780468     
   2519547.6835025651     
   1632149.8569258754     
   1935026.6373278245     
   1690356.8116107511     
   1414581.1733457337     
   2020584.2624805924     
   1491149.8459646709     
   1710408.3116266644     
   1832180.0169711285     
   1429445.3762785599     
   5364998.1653223941     
   47565503914.623085     
   1969864.8530245444     
   1656883.4812003397     
   1834360.3493095920     
   1756659.0221862858     
   1615986.7418455835     
   1327594.5693267190     
   1659133.2107515126     
   1739406.9829356812     
   1384843.7806060987     
   1600337.9049444862     
   1921101.5717477556     
   49092.401167358294     
   1888375.1871667039     
   2899930.4476057496     
   7412732.1549103055     
   2372410.4537167563     
   1633098.2713625769     
   2719346.5800121757     
   1773733.6644404980     
   1780008.9550179790     
   1430288.2414606116     
   1910954.2468026958     
   1358102.0856737986     
   2180398.7753089992     
   1562385.8746014135     
   1836416.9718795286     
   1584019.4660596510     
   1929514.8466566664     
   2217368.7635576739     
   1556477.6751990272     
   44965.883063956477     
   1528554.5482058411     
   1393634.3587087577     
   1761562.5665009776     
   1804519.0369790778     
   1975974.8713162146     
   1843901.7061773865     
   1780279.7857671822     
   2323010.0240680566     
   1970148.3375884672     
   1913981.4498377999     
   1402127.7506874383     
   2711522.0399853056     
   1938135.2459293848     
   1503576.8324940833     
   1775182.8444129389     
