  0.00000E+00 -0.34811E+00 -0.37954E+00 -0.49448E+00 -0.42370E+00  0.26348E+00  0.26352E+00
  0.50000E-01 -0.33060E+00 -0.35585E+00 -0.48740E+00 -0.43738E+00  0.26686E+00  0.27727E+00
  0.10000E+00 -0.28103E+00 -0.28874E+00 -0.46729E+00 -0.46652E+00  0.27509E+00  0.31119E+00
  0.15000E+00 -0.20770E+00 -0.18988E+00 -0.43724E+00 -0.48462E+00  0.28299E+00  0.34801E+00
  0.20000E+00 -0.12247E+00 -0.11305E+00 -0.40157E+00 -0.56791E+00  0.28370E+00  0.49949E-01
  0.25000E+00 -0.38312E-01  0.35253E-02 -0.36488E+00 -0.42319E+00  0.27080E+00  0.20568E+00
  0.30000E+00  0.33220E-01  0.91106E-01 -0.33093E+00 -0.25655E+00  0.24020E+00  0.40454E+00
  0.35000E+00  0.84083E-01  0.11515E+00 -0.30229E+00 -0.19815E+00  0.19227E+00  0.34184E+00
  0.40000E+00  0.11113E+00  0.10007E+00 -0.27936E+00 -0.20252E+00  0.13124E+00  0.22988E+00
  0.45000E+00  0.11599E+00  0.62258E-01 -0.26103E+00 -0.27123E+00  0.65025E-01 -0.78655E-02
  0.50000E+00  0.10407E+00  0.41214E-01 -0.24502E+00 -0.30349E+00  0.33853E-02 -0.17068E+00
  0.55000E+00  0.83111E-01  0.40746E-01 -0.22895E+00 -0.28173E+00 -0.44385E-01 -0.13451E+00
  0.60000E+00  0.60783E-01  0.56707E-01 -0.21084E+00 -0.23353E+00 -0.71694E-01 -0.75453E-01
  0.65000E+00  0.43215E-01  0.77425E-01 -0.18981E+00 -0.18436E+00 -0.75999E-01 -0.34061E-01
  0.70000E+00  0.33761E-01  0.92048E-01 -0.16649E+00 -0.14620E+00 -0.59712E-01  0.95531E-02
  0.75000E+00  0.32749E-01  0.90191E-01 -0.14248E+00 -0.12012E+00 -0.28989E-01  0.55497E-01
  0.80000E+00  0.38012E-01  0.69286E-01 -0.11997E+00 -0.11625E+00  0.74990E-02  0.51214E-01
  0.85000E+00  0.45924E-01  0.40773E-01 -0.10111E+00 -0.11250E+00  0.40704E-01  0.26971E-01
  0.90000E+00  0.52794E-01  0.21802E-01 -0.87179E-01 -0.92167E-01  0.63339E-01  0.18480E-01
  0.95000E+00  0.55972E-01  0.96154E-02 -0.78293E-01 -0.75698E-01  0.71459E-01  0.17836E-01
  0.10000E+01  0.54479E-01  0.17954E-01 -0.73320E-01 -0.66076E-01  0.64766E-01  0.17732E-01
  0.10500E+01  0.49164E-01  0.37885E-01 -0.70216E-01 -0.66687E-01  0.46590E-01  0.27061E-01
  0.11000E+01  0.42167E-01  0.61960E-01 -0.66623E-01 -0.67472E-01  0.22459E-01  0.33830E-01
  0.11500E+01  0.36087E-01  0.76872E-01 -0.60465E-01 -0.70239E-01 -0.15574E-02  0.23743E-01
  0.12000E+01  0.33124E-01  0.73142E-01 -0.50629E-01 -0.54783E-01 -0.20292E-01  0.36795E-02
  0.12500E+01  0.34356E-01  0.57125E-01 -0.37208E-01 -0.30197E-01 -0.30795E-01 -0.64463E-02
  0.13000E+01  0.39505E-01  0.34442E-01 -0.21391E-01 -0.14105E-01 -0.32612E-01 -0.21220E-01
  0.13500E+01  0.47040E-01  0.17115E-01 -0.52148E-02 -0.10510E-01 -0.27673E-01 -0.29984E-01
  0.14000E+01  0.54753E-01  0.14364E-01  0.91083E-02 -0.46568E-02 -0.19292E-01 -0.28376E-01
  0.14500E+01  0.60469E-01  0.40560E-01  0.19796E-01  0.91560E-02 -0.11026E-01 -0.20640E-01
  0.15000E+01  0.62699E-01  0.76722E-01  0.25985E-01  0.28888E-01 -0.56057E-02 -0.16357E-01
  0.15500E+01  0.61053E-01  0.95081E-01  0.27946E-01  0.49862E-01 -0.42315E-02 -0.14470E-01
  0.16000E+01  0.56303E-01  0.89438E-01  0.26994E-01  0.62391E-01 -0.64198E-02 -0.23527E-01
  0.16500E+01  0.50015E-01  0.61660E-01  0.25062E-01  0.45888E-01 -0.10386E-01 -0.26032E-01
  0.17000E+01  0.44109E-01  0.24301E-01  0.24215E-01  0.17119E-01 -0.13745E-01 -0.23463E-01
  0.17500E+01  0.40179E-01 -0.41210E-02  0.26037E-01 -0.10196E-01 -0.14378E-01 -0.24880E-01
  0.18000E+01  0.39032E-01 -0.22878E-02  0.31233E-01 -0.13173E-01 -0.11088E-01 -0.16416E-01
  0.18500E+01  0.40455E-01  0.22531E-01  0.39438E-01  0.92456E-02 -0.40080E-02  0.86031E-02
  0.19000E+01  0.43334E-01  0.61223E-01  0.49383E-01  0.55193E-01  0.56028E-02  0.30683E-01
  0.19500E+01  0.46002E-01  0.90159E-01  0.59231E-01  0.89641E-01  0.15731E-01  0.30049E-01
  0.20000E+01  0.46761E-01  0.85180E-01  0.67070E-01  0.10716E+00  0.24264E-01  0.28280E-01
  0.20500E+01  0.44375E-01  0.68239E-01  0.71400E-01  0.99397E-01  0.29614E-01  0.22095E-01
  0.21000E+01  0.38398E-01  0.47727E-01  0.71460E-01  0.86009E-01  0.31114E-01  0.27646E-01
  0.21500E+01  0.29346E-01  0.15791E-01  0.67468E-01  0.58454E-01  0.29192E-01  0.19250E-01
  0.22000E+01  0.18408E-01  0.74435E-02  0.60357E-01  0.53033E-01  0.25042E-01  0.29843E-01
  0.22500E+01  0.71720E-02  0.59048E-03  0.51584E-01  0.38749E-01  0.20250E-01  0.16359E-01
  0.23000E+01 -0.28337E-02 -0.43048E-02  0.42764E-01  0.42801E-01  0.16278E-01  0.26330E-01
  0.23500E+01 -0.10536E-01 -0.16275E-01  0.35211E-01  0.32371E-01  0.14011E-01  0.14216E-01
  0.24000E+01 -0.15512E-01 -0.15620E-01  0.29741E-01  0.33687E-01  0.13580E-01  0.14916E-01
  0.24500E+01 -0.18057E-01 -0.14345E-01  0.26535E-01  0.28428E-01  0.14398E-01  0.17161E-01
  0.25000E+01 -0.18926E-01 -0.17259E-01  0.25236E-01  0.32191E-01  0.15438E-01  0.19553E-01
  0.25500E+01 -0.19111E-01 -0.17776E-01  0.25119E-01  0.26665E-01  0.15638E-01  0.22472E-01
  0.26000E+01 -0.19453E-01 -0.24463E-01  0.25378E-01  0.16473E-01  0.14232E-01  0.23835E-02
  0.26500E+01 -0.20445E-01 -0.27620E-01  0.25342E-01  0.12907E-01  0.11044E-01  0.91337E-02
  0.27000E+01 -0.22101E-01 -0.41492E-01  0.24634E-01  0.22380E-02  0.64579E-02 -0.18228E-04
  0.27500E+01 -0.24035E-01 -0.38488E-01  0.23220E-01  0.42331E-02  0.13173E-02  0.54489E-02
  0.28000E+01 -0.25648E-01 -0.30085E-01  0.21332E-01  0.13340E-01 -0.34033E-02  0.60955E-02
  0.28500E+01 -0.26339E-01 -0.23201E-01  0.19331E-01  0.19539E-01 -0.68940E-02 -0.10723E-02
  0.29000E+01 -0.25762E-01 -0.16808E-01  0.17566E-01  0.24502E-01 -0.87635E-02  0.42190E-02
  0.29500E+01 -0.23916E-01 -0.19121E-01  0.16244E-01  0.29885E-01 -0.91245E-02 -0.67933E-04
  0.30000E+01 -0.21161E-01 -0.31564E-01  0.15382E-01  0.18936E-01 -0.85199E-02 -0.11251E-01
  0.30500E+01 -0.18071E-01 -0.26201E-01  0.14831E-01  0.19995E-01 -0.77015E-02 -0.16657E-01
  0.31000E+01 -0.15291E-01 -0.23908E-01  0.14347E-01  0.11104E-01 -0.73881E-02 -0.14248E-01
  0.31500E+01 -0.13317E-01 -0.25542E-01  0.13698E-01  0.84189E-02 -0.80164E-02 -0.21261E-01
  0.32000E+01 -0.12368E-01 -0.19942E-01  0.12745E-01  0.44490E-02 -0.96193E-02 -0.29326E-01
  0.32500E+01 -0.12343E-01 -0.18718E-01  0.11490E-01  0.83707E-02 -0.11840E-01 -0.13882E-01
  0.33000E+01 -0.12881E-01 -0.98725E-02  0.10063E-01  0.15350E-01 -0.14072E-01 -0.15653E-01
  0.33500E+01 -0.13491E-01 -0.14864E-01  0.86711E-02  0.11856E-01 -0.15672E-01 -0.94350E-02
  0.34000E+01 -0.13713E-01 -0.15046E-01  0.75191E-02  0.54129E-02 -0.16175E-01 -0.12546E-01
  0.34500E+01 -0.13251E-01 -0.89247E-02  0.67402E-02  0.59444E-02 -0.15437E-01 -0.15951E-01
  0.35000E+01 -0.12045E-01 -0.15527E-01  0.63535E-02  0.64629E-02 -0.13671E-01 -0.22822E-01
  0.35500E+01 -0.10264E-01 -0.18930E-01  0.62647E-02 -0.64037E-02 -0.11363E-01 -0.27820E-01
  0.36000E+01 -0.82233E-02 -0.20919E-01  0.63044E-02 -0.34811E-02 -0.91056E-02 -0.13505E-01
  0.36500E+01 -0.62673E-02 -0.14676E-01  0.62888E-02 -0.52052E-02 -0.74110E-02 -0.13085E-01
  0.37000E+01 -0.46572E-02 -0.85811E-02  0.60807E-02  0.35032E-02 -0.65576E-02 -0.80757E-02
  0.37500E+01 -0.34916E-02 -0.10173E-01  0.56334E-02 -0.73863E-03 -0.65152E-02 -0.15307E-01
  0.38000E+01 -0.26954E-02 -0.98197E-02  0.49921E-02 -0.38438E-02 -0.69865E-02 -0.26078E-01
  0.38500E+01 -0.20640E-02 -0.74140E-02  0.42716E-02  0.28520E-02 -0.75145E-02 -0.20914E-01
  0.39000E+01 -0.13505E-02  0.67295E-02  0.36076E-02  0.79722E-02 -0.76497E-02 -0.53952E-02
  0.39500E+01 -0.35975E-03  0.99395E-03  0.31021E-02  0.12169E-02 -0.70877E-02  0.76098E-03
  0.40000E+01  0.98135E-03 -0.29677E-02  0.27876E-02  0.17998E-02 -0.57612E-02  0.53638E-02
  0.40500E+01  0.25964E-02  0.13047E-01  0.26143E-02 -0.10060E-04 -0.38597E-02 -0.50905E-03
  0.41000E+01  0.42879E-02  0.69869E-02  0.24701E-02  0.12893E-02 -0.17399E-02  0.21229E-03
  0.41500E+01  0.58057E-02  0.79747E-02  0.22229E-02  0.23075E-02  0.18261E-03  0.60626E-02
  0.42000E+01  0.69191E-02  0.11234E-01  0.17652E-02  0.11082E-01  0.15668E-02  0.61500E-02
  0.42500E+01  0.75021E-02  0.15209E-01  0.10590E-02  0.58442E-02  0.22506E-02 -0.48404E-02
  0.43000E+01  0.75475E-02  0.15767E-01  0.14455E-03  0.14761E-01  0.22708E-02  0.74479E-02
  0.43500E+01  0.71832E-02  0.52677E-02 -0.86436E-03  0.80884E-02  0.18489E-02 -0.90718E-02
  0.44000E+01  0.66024E-02  0.14046E-01 -0.18198E-02  0.39457E-02  0.12886E-02  0.13255E-01
  0.44500E+01  0.60168E-02  0.16369E-01 -0.25840E-02 -0.70018E-03  0.88340E-03  0.29950E-02
  0.45000E+01  0.55806E-02  0.15974E-01 -0.30739E-02 -0.25352E-03  0.81696E-03 -0.43426E-02
  0.45500E+01  0.53498E-02  0.94938E-02 -0.32800E-02 -0.22869E-02  0.11220E-02  0.52191E-02
  0.46000E+01  0.52794E-02  0.12688E-01 -0.32743E-02  0.14215E-02  0.16837E-02 -0.48175E-02
  0.46500E+01  0.52477E-02  0.98808E-02 -0.31811E-02  0.16879E-02  0.22982E-02  0.28442E-02
  0.47000E+01  0.51092E-02  0.12824E-01 -0.31391E-02 -0.99484E-03  0.27556E-02  0.77877E-02
  0.47500E+01  0.47434E-02  0.96320E-02 -0.32607E-02  0.38834E-02  0.29123E-02 -0.26390E-02
  0.48000E+01  0.41054E-02  0.11178E-01 -0.36005E-02  0.54948E-02  0.27456E-02 -0.10253E-02
  0.48500E+01  0.32348E-02  0.52582E-02 -0.41450E-02  0.37539E-02  0.23548E-02  0.27960E-03
  0.49000E+01  0.22430E-02  0.10173E-02 -0.48227E-02 -0.27338E-02  0.19228E-02 -0.10380E-01
  0.49500E+01  0.12750E-02  0.54331E-03 -0.55322E-02 -0.34363E-02  0.16518E-02  0.56026E-02
  0.50000E+01  0.46303E-03  0.28626E-02 -0.61760E-02 -0.42051E-02  0.16942E-02 -0.64518E-02
  0.50500E+01 -0.11280E-03 -0.40669E-03 -0.66896E-02 -0.63435E-02  0.21039E-02  0.21078E-02
  0.51000E+01 -0.44535E-03  0.38073E-02 -0.70572E-02 -0.83829E-02  0.28219E-02  0.92607E-04
  0.51500E+01 -0.59606E-03  0.24025E-02 -0.73092E-02 -0.10275E-01  0.36998E-02  0.60317E-03
  0.52000E+01 -0.66914E-03 -0.66920E-03 -0.75045E-02 -0.14747E-01  0.45498E-02  0.39840E-02
  0.52500E+01 -0.77426E-03 -0.14490E-03 -0.77042E-02 -0.15490E-01  0.52048E-02  0.14127E-01
  0.53000E+01 -0.99100E-03 -0.17675E-02 -0.79467E-02 -0.34002E-02  0.55645E-02  0.18474E-01
  0.53500E+01 -0.13448E-02 -0.15481E-02 -0.82351E-02 -0.10914E-01  0.56251E-02  0.18124E-01
  0.54000E+01 -0.18058E-02 -0.23574E-02 -0.85338E-02 -0.12287E-01  0.54595E-02  0.16297E-01
  0.54500E+01 -0.23032E-02 -0.32578E-02 -0.87846E-02 -0.14705E-01  0.51889E-02  0.14050E-01
  0.55000E+01 -0.27533E-02  0.18144E-02 -0.89276E-02 -0.15050E-01  0.49340E-02  0.13001E-01
  0.55500E+01 -0.30915E-02 -0.80253E-02 -0.89285E-02 -0.17771E-01  0.47754E-02  0.15410E-01
  0.56000E+01 -0.32903E-02 -0.10243E-01 -0.87870E-02 -0.16798E-01  0.47256E-02  0.12621E-01
  0.56500E+01 -0.33672E-02 -0.45884E-02 -0.85428E-02 -0.16049E-01  0.47334E-02  0.16090E-01
  0.57000E+01 -0.33769E-02 -0.85929E-02 -0.82669E-02 -0.15455E-01  0.47114E-02  0.20485E-01
  0.57500E+01 -0.33851E-02 -0.12143E-01 -0.80348E-02 -0.18222E-01  0.45661E-02  0.25131E-01
  0.58000E+01 -0.34473E-02 -0.11317E-01 -0.79079E-02 -0.13415E-01  0.42424E-02  0.16599E-01
  0.58500E+01 -0.35865E-02 -0.19605E-01 -0.79116E-02 -0.19191E-01  0.37342E-02  0.55862E-02
  0.59000E+01 -0.37876E-02 -0.83468E-02 -0.80303E-02 -0.14742E-01  0.30956E-02  0.12204E-01
  0.59500E+01 -0.40012E-02 -0.89371E-02 -0.82099E-02 -0.16166E-01  0.24113E-02  0.19702E-01
  0.60000E+01 -0.41647E-02 -0.93641E-02 -0.83784E-02 -0.23106E-01  0.17721E-02  0.25611E-02
  0.60500E+01 -0.42198E-02 -0.83343E-02 -0.84625E-02 -0.20320E-01  0.12386E-02  0.16739E-01
  0.61000E+01 -0.41374E-02 -0.12163E-01 -0.84138E-02 -0.17233E-01  0.82251E-03  0.13186E-01
  0.61500E+01 -0.39246E-02 -0.72138E-02 -0.82195E-02 -0.17795E-01  0.48410E-03 -0.50572E-04
  0.62000E+01 -0.36199E-02 -0.11755E-01 -0.78994E-02 -0.17528E-01  0.14846E-03  0.85756E-02
  0.62500E+01 -0.32851E-02 -0.44620E-02 -0.75041E-02 -0.53488E-02 -0.26456E-03  0.93676E-02
  0.63000E+01 -0.29818E-02 -0.55583E-02 -0.70928E-02 -0.10010E-03 -0.80933E-03  0.42527E-02
  0.63500E+01 -0.27537E-02 -0.81032E-02 -0.67161E-02 -0.49843E-02 -0.14920E-02  0.35288E-02
  0.64000E+01 -0.26143E-02 -0.12592E-01 -0.64027E-02 -0.70381E-02 -0.22650E-02  0.17970E-02
  0.64500E+01 -0.25446E-02 -0.12351E-01 -0.61522E-02 -0.16235E-01 -0.30390E-02 -0.61462E-02
  0.65000E+01 -0.25021E-02 -0.57142E-02 -0.59415E-02 -0.88332E-02 -0.37098E-02 -0.64679E-02
  0.65500E+01 -0.24354E-02 -0.91813E-02 -0.57343E-02 -0.68363E-02 -0.41899E-02 -0.10983E-01
  0.66000E+01 -0.23014E-02 -0.49746E-02 -0.54962E-02 -0.61014E-02 -0.44352E-02 -0.34261E-02
  0.66500E+01 -0.20778E-02 -0.16974E-01 -0.52070E-02 -0.66175E-02 -0.44565E-02 -0.78859E-02
  0.67000E+01 -0.17687E-02 -0.15324E-01 -0.48672E-02 -0.11815E-01 -0.43151E-02 -0.95294E-02
  0.67500E+01 -0.14007E-02 -0.11428E-01 -0.44966E-02 -0.73459E-02 -0.41024E-02 -0.11204E-01
  0.68000E+01 -0.10131E-02 -0.96946E-02 -0.41262E-02 -0.98262E-02 -0.39115E-02 -0.16743E-01
  0.68500E+01 -0.64502E-03 -0.51916E-02 -0.37869E-02 -0.21527E-02 -0.38100E-02 -0.40594E-02
  0.69000E+01 -0.32397E-03  0.22162E-02 -0.34981E-02 -0.24856E-02 -0.38222E-02 -0.21082E-01
  0.69500E+01 -0.59739E-04  0.10764E-02 -0.32614E-02 -0.19799E-03 -0.39267E-02 -0.12809E-01
  0.70000E+01  0.15426E-03  0.63152E-02 -0.30608E-02  0.47298E-02 -0.40671E-02 -0.15384E-01
  0.70500E+01  0.33526E-03  0.56075E-02 -0.28686E-02 -0.90687E-02 -0.41737E-02 -0.94394E-02
  0.71000E+01  0.50203E-03  0.25082E-02 -0.26558E-02 -0.28992E-03 -0.41871E-02 -0.19809E-01
  0.71500E+01  0.66666E-03  0.76900E-02 -0.24015E-02 -0.10186E-01 -0.40760E-02 -0.14107E-01
  0.72000E+01  0.83080E-03  0.85565E-02 -0.21016E-02  0.30381E-02 -0.38482E-02 -0.12452E-01
  0.72500E+01  0.98520E-03  0.50380E-02 -0.17683E-02  0.67368E-02 -0.35403E-02 -0.15469E-01
  0.73000E+01  0.11151E-02  0.55483E-02 -0.14266E-02  0.44523E-02 -0.32067E-02 -0.16650E-01
  0.73500E+01  0.12083E-02  0.15886E-02 -0.11055E-02 -0.19085E-03 -0.29018E-02 -0.18236E-01
  0.74000E+01  0.12597E-02  0.20053E-02 -0.82864E-03  0.88707E-03 -0.26609E-02 -0.10937E-01
  0.74500E+01  0.12763E-02  0.37510E-02 -0.60577E-03 -0.82004E-03 -0.24939E-02 -0.16223E-01
  0.75000E+01  0.12740E-02  0.13853E-01 -0.43179E-03  0.25352E-02 -0.23856E-02 -0.67049E-02
  0.75500E+01  0.12743E-02  0.97380E-02 -0.28751E-03  0.12109E-01 -0.23051E-02  0.45968E-02
  0.76000E+01  0.12959E-02  0.18175E-01 -0.14895E-03  0.73529E-02 -0.22193E-02 -0.66494E-02
  0.76500E+01  0.13488E-02  0.15537E-01  0.53237E-05  0.24385E-02 -0.21068E-02 -0.29712E-02
  0.77000E+01  0.14308E-02  0.15805E-01  0.18471E-03  0.44294E-02 -0.19642E-02 -0.92277E-02
  0.77500E+01  0.15284E-02  0.13748E-01  0.38360E-03  0.11441E-01 -0.18068E-02  0.35012E-02
  0.78000E+01  0.16214E-02  0.17483E-01  0.58237E-03  0.12691E-01 -0.16616E-02  0.43791E-02
  0.78500E+01  0.16889E-02  0.19509E-01  0.75214E-03  0.46682E-02 -0.15556E-02 -0.64606E-02
  0.79000E+01  0.17171E-02  0.19307E-01  0.86544E-03  0.14686E-01 -0.15055E-02 -0.50770E-02
  0.79500E+01  0.17024E-02  0.18482E-01  0.90392E-03  0.64843E-02 -0.15108E-02  0.43757E-03
  0.80000E+01  0.16524E-02  0.10767E-01  0.86472E-03  0.69059E-02 -0.15538E-02 -0.38720E-03
  0.80500E+01  0.15821E-02  0.95063E-02  0.76229E-03  0.29740E-02 -0.16057E-02 -0.32447E-02
  0.81000E+01  0.15080E-02  0.10907E-01  0.62341E-03  0.93430E-03 -0.16356E-02 -0.21753E-02
  0.81500E+01  0.14432E-02  0.41530E-02  0.48249E-03  0.20662E-02 -0.16213E-02  0.51411E-02
  0.82000E+01  0.13928E-02  0.71668E-02  0.37107E-03 -0.47771E-02 -0.15550E-02  0.52730E-02
  0.82500E+01  0.13527E-02  0.10687E-01  0.31062E-03 -0.82673E-03 -0.14449E-02  0.10218E-01
  0.83000E+01  0.13126E-02  0.51974E-02  0.30821E-03  0.29409E-02 -0.13101E-02  0.82765E-02
  0.83500E+01  0.12600E-02  0.57808E-02  0.35633E-03  0.47012E-02 -0.11726E-02 -0.68480E-03
  0.84000E+01  0.11859E-02  0.70830E-02  0.43679E-03  0.56828E-02 -0.10488E-02  0.61042E-02
  0.84500E+01  0.10877E-02  0.32756E-02  0.52700E-03  0.40832E-02 -0.94339E-03  0.14036E-01
  0.85000E+01  0.97058E-03 -0.50508E-02  0.60666E-03 -0.94971E-03 -0.84830E-03  0.16799E-01
  0.85500E+01  0.84492E-03  0.52331E-02  0.66266E-03 -0.24831E-03 -0.74677E-03  0.70818E-02
  0.86000E+01  0.72267E-03 -0.12433E-02  0.69197E-03  0.56479E-02 -0.62129E-03  0.93386E-02
  0.86500E+01  0.61201E-03  0.78450E-02  0.69943E-03  0.94014E-02 -0.46146E-03  0.67669E-02
  0.87000E+01  0.51472E-03  0.33275E-02  0.69492E-03 -0.10047E-02 -0.27022E-03  0.14170E-01
  0.87500E+01  0.42544E-03 -0.42173E-02  0.68863E-03  0.13269E-02 -0.65179E-04  0.32604E-02
  0.88000E+01  0.33411E-03 -0.13808E-02  0.68701E-03  0.53728E-03  0.12486E-03  0.21558E-02
  0.88500E+01  0.23055E-03 -0.12303E-01  0.69107E-03  0.29646E-02  0.26879E-03 -0.33233E-02
  0.89000E+01  0.10926E-03 -0.87166E-02  0.69602E-03 -0.65135E-03  0.34091E-03 -0.82870E-02
  0.89500E+01 -0.26815E-04 -0.72344E-02  0.69380E-03 -0.39012E-02  0.32887E-03  0.88202E-02
  0.90000E+01 -0.16581E-03 -0.13451E-01  0.67698E-03 -0.12400E-02  0.23904E-03 -0.56717E-02
  0.90500E+01 -0.28897E-03 -0.12801E-01  0.64074E-03 -0.56466E-02  0.91839E-04 -0.30323E-02
  0.91000E+01 -0.37682E-03 -0.90145E-02  0.58594E-03 -0.16194E-02 -0.81153E-04 -0.65874E-02
  0.91500E+01 -0.41371E-03 -0.40780E-02  0.51788E-03 -0.10220E-01 -0.24784E-03 -0.87096E-02
  0.92000E+01 -0.39505E-03 -0.10663E-01  0.44554E-03 -0.14691E-02 -0.38257E-03 -0.78582E-02
  0.92500E+01 -0.32734E-03 -0.33142E-02  0.37800E-03  0.31909E-02 -0.47172E-03 -0.79447E-02
  0.93000E+01 -0.22915E-03 -0.33348E-02  0.32219E-03 -0.15872E-02 -0.51570E-03 -0.57711E-02
  0.93500E+01 -0.12467E-03 -0.78829E-02  0.28067E-03 -0.11674E-02 -0.52487E-03 -0.44390E-02
  0.94000E+01 -0.38453E-04 -0.71969E-02  0.25144E-03 -0.30694E-02 -0.51528E-03 -0.14059E-01
  0.94500E+01  0.12096E-04 -0.25083E-02  0.22909E-03  0.76145E-02 -0.50153E-03 -0.28068E-04
  0.95000E+01  0.20625E-04 -0.46578E-03  0.20712E-03  0.81723E-02 -0.49191E-03 -0.48654E-02
  0.95500E+01 -0.63283E-05 -0.50759E-02  0.18038E-03  0.45935E-02 -0.48706E-03 -0.23301E-02
  0.96000E+01 -0.52142E-04 -0.58728E-02  0.14702E-03  0.95526E-03 -0.48098E-03  0.35694E-02
  0.96500E+01 -0.95416E-04 -0.15237E-02  0.10917E-03  0.95511E-03 -0.46500E-03 -0.86055E-02
  0.97000E+01 -0.11607E-03 -0.96538E-03  0.72246E-04 -0.24049E-02 -0.43181E-03 -0.59652E-02
  0.97500E+01 -0.10148E-03 -0.56092E-02  0.43171E-04 -0.38938E-02 -0.37975E-03 -0.91132E-02
  0.98000E+01 -0.49549E-04 -0.27415E-02  0.28128E-04  0.11746E-02 -0.31352E-03 -0.61088E-02
  0.98500E+01  0.31242E-04 -0.90204E-02  0.30634E-04 -0.26479E-02 -0.24293E-03 -0.52412E-02
  0.99000E+01  0.12482E-03 -0.15098E-02  0.50481E-04  0.29260E-02 -0.17947E-03 -0.36678E-02
  0.99500E+01  0.21244E-03  0.74179E-04  0.83818E-04  0.18826E-02 -0.13225E-03  0.15047E-02
  0.10000E+02  0.27806E-03 -0.13531E-02  0.12434E-03  0.11018E-01 -0.10478E-03  0.59966E-02
  0.10050E+02  0.31225E-03  0.36933E-02  0.16501E-03  0.52774E-02 -0.93809E-04  0.94698E-02
  0.10100E+02  0.31401E-03  0.37934E-02  0.19990E-03  0.93551E-03 -0.90448E-04 -0.26368E-02
  0.10150E+02  0.28983E-03  0.39284E-02  0.22546E-03 -0.32623E-02 -0.83295E-04 -0.16087E-02
  0.10200E+02  0.25077E-03 -0.18330E-03  0.24101E-03  0.10186E-01 -0.62233E-04  0.89415E-02
  0.10250E+02  0.20859E-03  0.49992E-02  0.24822E-03  0.15533E-02 -0.21488E-04  0.32633E-02
  0.10300E+02  0.17241E-03  0.50373E-02  0.25038E-03  0.72563E-02  0.38462E-04  0.42896E-02
  0.10350E+02  0.14640E-03 -0.24088E-02  0.25074E-03  0.10673E-01  0.11220E-03  0.61285E-02
  0.10400E+02  0.12980E-03  0.13304E-02  0.25177E-03  0.16135E-02  0.19142E-03  0.36600E-02
  0.10450E+02  0.11834E-03 -0.31833E-02  0.25450E-03  0.15267E-02  0.26820E-03 -0.64411E-02
  0.10500E+02  0.10668E-03  0.95682E-02  0.25867E-03  0.62583E-02  0.33779E-03  0.10396E-01
  0.10550E+02  0.90850E-04  0.42602E-02  0.26308E-03  0.50050E-02  0.40002E-03  0.14321E-03
  0.10600E+02  0.69712E-04  0.64488E-02  0.26633E-03  0.88098E-02  0.45869E-03 -0.26716E-03
  0.10650E+02  0.45286E-04  0.92065E-03  0.26753E-03  0.36031E-02  0.51957E-03  0.42320E-02
  0.10700E+02  0.21591E-04  0.92433E-03  0.26642E-03  0.89642E-02  0.58746E-03 -0.97367E-03
  0.10750E+02  0.29829E-05  0.28716E-02  0.26335E-03  0.10704E-02  0.66383E-03 -0.11235E-01
  0.10800E+02 -0.77835E-05  0.20665E-02  0.25906E-03  0.76650E-02  0.74583E-03  0.89746E-02
  0.10850E+02 -0.10480E-04  0.56715E-02  0.25408E-03  0.15843E-01  0.82677E-03  0.45276E-02
  0.10900E+02 -0.76631E-05  0.44198E-02  0.24863E-03  0.70093E-02  0.89861E-03  0.13123E-02
  0.10950E+02 -0.35952E-05  0.23890E-02  0.24253E-03  0.10690E-01  0.95487E-03  0.63929E-02
  0.11000E+02 -0.27203E-05 -0.18965E-02  0.23544E-03 -0.41174E-02  0.99258E-03  0.13723E-02
  0.11050E+02 -0.81131E-05 -0.31918E-02  0.22734E-03  0.10398E-02  0.10144E-02  0.96300E-02
  0.11100E+02 -0.20572E-04 -0.49264E-02  0.21879E-03  0.12217E-01  0.10271E-02  0.16619E-01
  0.11150E+02 -0.38485E-04 -0.53501E-02  0.21115E-03  0.18023E-02  0.10400E-02  0.10734E-01
  0.11200E+02 -0.58715E-04 -0.44771E-02  0.20631E-03 -0.61646E-03  0.10612E-02  0.42326E-02
  0.11250E+02 -0.77978E-04 -0.12400E-02  0.20614E-03  0.17488E-02  0.10954E-02  0.17578E-02
  0.11300E+02 -0.94102E-04  0.76597E-02  0.21189E-03  0.89039E-02  0.11415E-02  0.11451E-01
  0.11350E+02 -0.10688E-03 -0.71072E-02  0.22351E-03  0.34199E-02  0.11937E-02  0.14188E-01
  0.11400E+02 -0.11796E-03 -0.18640E-03  0.23941E-03 -0.46989E-02  0.12427E-02  0.32473E-03
  0.11450E+02 -0.13000E-03 -0.31516E-02  0.25658E-03  0.88346E-02  0.12792E-02  0.67613E-02
  0.11500E+02 -0.14523E-03  0.95933E-03  0.27120E-03 -0.16817E-03  0.12969E-02  0.14045E-01
  0.11550E+02 -0.16423E-03 -0.28825E-02  0.27957E-03 -0.46610E-02  0.12948E-02  0.54283E-02
  0.11600E+02 -0.18514E-03 -0.72928E-02  0.27900E-03 -0.22685E-02  0.12773E-02  0.27702E-02
  0.11650E+02 -0.20383E-03 -0.65669E-03  0.26860E-03  0.53085E-02  0.12530E-02  0.36053E-02
  0.11700E+02 -0.21492E-03 -0.79463E-02  0.24954E-03 -0.55549E-02  0.12314E-02  0.64751E-02
  0.11750E+02 -0.21337E-03 -0.49092E-02  0.22485E-03 -0.27277E-02  0.12202E-02 -0.66448E-03
  0.11800E+02 -0.19607E-03 -0.34046E-02  0.19869E-03 -0.26781E-02  0.12224E-02  0.29013E-02
  0.11850E+02 -0.16293E-03 -0.87733E-03  0.17537E-03  0.39544E-02  0.12355E-02  0.82725E-02
  0.11900E+02 -0.11708E-03 -0.61115E-02  0.15840E-03 -0.75985E-02  0.12518E-02  0.10127E-01
  0.11950E+02 -0.64073E-04 -0.99855E-02  0.14971E-03  0.30271E-02  0.12616E-02  0.48158E-02
  0.12000E+02 -0.10319E-04 -0.43739E-03  0.14934E-03  0.14204E-02  0.12552E-02  0.70539E-02
  0.12050E+02  0.38563E-04  0.78105E-02  0.15554E-03 -0.52332E-02  0.12271E-02  0.13667E-01
  0.12100E+02  0.79273E-04 -0.62620E-02  0.16536E-03 -0.16431E-02  0.11762E-02 -0.30288E-02
  0.12150E+02  0.11128E-03 -0.69133E-02  0.17530E-03  0.97656E-03  0.11063E-02  0.11682E-01
  0.12200E+02  0.13668E-03 -0.79737E-02  0.18218E-03 -0.68317E-02  0.10254E-02  0.11759E-02
  0.12250E+02  0.15876E-03  0.14950E-02  0.18360E-03 -0.93257E-02  0.94150E-03  0.54057E-02
  0.12300E+02  0.18054E-03  0.72133E-02  0.17825E-03 -0.12173E-02  0.86144E-03  0.56282E-02
  0.12350E+02  0.20354E-03 -0.71534E-04  0.16614E-03 -0.14869E-02  0.78866E-03  0.35689E-02
  0.12400E+02  0.22663E-03  0.25608E-02  0.14802E-03 -0.48689E-02  0.72265E-03 -0.19075E-02
  0.12450E+02  0.24668E-03  0.10224E-02  0.12547E-03 -0.24037E-02  0.66034E-03 -0.16564E-02
  0.12500E+02  0.25901E-03 -0.18618E-02  0.10021E-03 -0.34659E-02  0.59774E-03  0.48247E-02
  0.12550E+02  0.25954E-03  0.51855E-02  0.74114E-04 -0.99676E-02  0.53238E-03 -0.12998E-02
  0.12600E+02  0.24561E-03  0.87988E-02  0.48793E-04  0.51058E-02  0.46463E-03 -0.54878E-02
  0.12650E+02  0.21777E-03 -0.16970E-02  0.25604E-04  0.67373E-02  0.39824E-03  0.20473E-02
  0.12700E+02  0.17917E-03 -0.11781E-02  0.55162E-05 -0.92986E-03  0.33931E-03 -0.41767E-02
  0.12750E+02  0.13547E-03 -0.25855E-02 -0.11016E-04 -0.59962E-03  0.29430E-03 -0.48792E-02
  0.12800E+02  0.92993E-04 -0.24419E-02 -0.24119E-04 -0.12922E-02  0.26780E-03 -0.32347E-02
  0.12850E+02  0.57117E-04  0.34920E-02 -0.34580E-04 -0.95686E-03  0.26070E-03 -0.43959E-02
  0.12900E+02  0.30952E-04 -0.52389E-02 -0.43753E-04 -0.40841E-02  0.26978E-03 -0.20842E-01
  0.12950E+02  0.14573E-04  0.18771E-03 -0.53496E-04 -0.76620E-02  0.28786E-03 -0.11073E-01
  0.13000E+02  0.52666E-05 -0.98802E-03 -0.65775E-04 -0.47787E-02  0.30591E-03 -0.13613E-01
  0.13050E+02 -0.14220E-05 -0.27226E-02 -0.82263E-04  0.75400E-02  0.31530E-03 -0.70246E-02
  0.13100E+02 -0.10198E-04  0.43110E-02 -0.10390E-03  0.41784E-02  0.31001E-03  0.25600E-02
  0.13150E+02 -0.24499E-04 -0.51185E-02 -0.13051E-03 -0.11244E-01  0.28758E-03 -0.14411E-01
  0.13200E+02 -0.45415E-04 -0.17933E-02 -0.16068E-03 -0.23313E-04  0.24978E-03 -0.56483E-02
  0.13250E+02 -0.71390E-04  0.14550E-02 -0.19183E-03 -0.36633E-02  0.20119E-03 -0.10014E-01
  0.13300E+02 -0.98707E-04 -0.11432E-02 -0.22063E-03 -0.73720E-02  0.14756E-03 -0.11944E-01
  0.13350E+02 -0.12262E-03  0.16603E-02 -0.24362E-03 -0.62169E-03  0.93949E-04 -0.35354E-02
  0.13400E+02 -0.13877E-03  0.63033E-02 -0.25787E-03  0.45266E-02  0.43364E-04 -0.41365E-02
  0.13450E+02 -0.14429E-03  0.34735E-02 -0.26145E-03  0.70153E-02 -0.35943E-05 -0.50597E-02
  0.13500E+02 -0.13887E-03 -0.10643E-02 -0.25423E-03  0.94452E-02 -0.48266E-04 -0.48692E-02
  0.13550E+02 -0.12436E-03  0.58697E-02 -0.23733E-03  0.24381E-02 -0.92543E-04 -0.81195E-02
  0.13600E+02 -0.10444E-03 -0.20327E-02 -0.21325E-03 -0.65052E-02 -0.13750E-03 -0.10924E-01
  0.13650E+02 -0.83547E-04 -0.43539E-03 -0.18529E-03 -0.54421E-02 -0.18234E-03 -0.17740E-02
  0.13700E+02 -0.65759E-04  0.58171E-02 -0.15683E-03 -0.47289E-03 -0.22410E-03 -0.38153E-03
  0.13750E+02 -0.53863E-04  0.10670E-01 -0.13087E-03 -0.16037E-02 -0.25859E-03 -0.82542E-02
  0.13800E+02 -0.48900E-04  0.91318E-03 -0.10936E-03  0.11183E-02 -0.28136E-03 -0.13901E-01
  0.13850E+02 -0.50241E-04 -0.21799E-03 -0.93138E-04 -0.51716E-02 -0.28947E-03 -0.58986E-02
  0.13900E+02 -0.56036E-04  0.65489E-02 -0.81937E-04 -0.30741E-02 -0.28261E-03 -0.65451E-02
  0.13950E+02 -0.63928E-04  0.21138E-02 -0.74646E-04 -0.57561E-03 -0.26391E-03 -0.13274E-01
  0.14000E+02 -0.71776E-04  0.10157E-01 -0.69692E-04  0.87611E-02 -0.23880E-03 -0.51722E-02
  0.14050E+02 -0.78147E-04  0.62050E-02 -0.65480E-04 -0.40469E-02 -0.21429E-03 -0.44413E-02
  0.14100E+02 -0.82432E-04 -0.42771E-02 -0.60656E-04 -0.31485E-02 -0.19677E-03 -0.11324E-01
  0.14150E+02 -0.84811E-04  0.81240E-02 -0.54394E-04 -0.51261E-02 -0.19062E-03 -0.80564E-02
  0.14200E+02 -0.85757E-04  0.29295E-02 -0.46274E-04 -0.27731E-02 -0.19719E-03  0.54431E-02
  0.14250E+02 -0.85784E-04 -0.42973E-02 -0.36346E-04 -0.76058E-02 -0.21456E-03 -0.92330E-02
  0.14300E+02 -0.84946E-04 -0.61741E-02 -0.24789E-04 -0.41662E-02 -0.23845E-03 -0.16868E-01
  0.14350E+02 -0.82857E-04  0.54567E-02 -0.11873E-04 -0.29645E-02 -0.26352E-03 -0.48389E-02
  0.14400E+02 -0.78715E-04 -0.72922E-02  0.22377E-05 -0.44771E-02 -0.28504E-03 -0.28717E-02
  0.14450E+02 -0.71419E-04 -0.13763E-02  0.17609E-04 -0.45927E-02 -0.29989E-03 -0.16723E-01
  0.14500E+02 -0.60089E-04  0.79427E-03  0.34371E-04 -0.41528E-02 -0.30738E-03  0.28049E-02
  0.14550E+02 -0.44213E-04  0.27538E-02  0.52732E-04 -0.60129E-02 -0.30888E-03  0.82284E-02
  0.14600E+02 -0.23904E-04 -0.58025E-02  0.72805E-04 -0.37400E-02 -0.30703E-03  0.17958E-03
  0.14650E+02  0.19759E-06  0.26270E-02  0.94550E-04  0.17845E-02 -0.30439E-03  0.15739E-01
  0.14700E+02  0.26801E-04 -0.10724E-02  0.11760E-03 -0.36971E-02 -0.30270E-03  0.45257E-02
  0.14750E+02  0.54314E-04 -0.36412E-02  0.14132E-03 -0.72652E-02 -0.30210E-03 -0.31722E-02
  0.14800E+02  0.81031E-04  0.42091E-02  0.16480E-03 -0.23658E-02 -0.30118E-03  0.58688E-02
  0.14850E+02  0.10535E-03  0.55473E-02  0.18699E-03 -0.11071E-01 -0.29765E-03  0.55694E-02
  0.14900E+02  0.12602E-03  0.13549E-02  0.20683E-03  0.36722E-02 -0.28922E-03  0.20175E-02
  0.14950E+02  0.14221E-03  0.71388E-02  0.22337E-03  0.26160E-02 -0.27455E-03  0.84661E-02
  0.15000E+02  0.15366E-03  0.13980E-02  0.23596E-03  0.32802E-02 -0.25384E-03  0.11550E-01
  0.15050E+02  0.16064E-03 -0.85045E-03  0.24434E-03  0.40757E-02 -0.22888E-03  0.15450E-01
  0.15100E+02  0.16398E-03 -0.65740E-02  0.24867E-03 -0.42396E-02 -0.20264E-03 -0.99819E-02
  0.15150E+02  0.16485E-03  0.46209E-02  0.24954E-03 -0.24124E-02 -0.17843E-03  0.57273E-02
  0.15200E+02  0.16467E-03 -0.30804E-03  0.24789E-03 -0.15985E-02 -0.15895E-03  0.57839E-02
  0.15250E+02  0.16479E-03 -0.34245E-02  0.24480E-03  0.53771E-03 -0.14565E-03 -0.14792E-03
  0.15300E+02  0.16631E-03 -0.14423E-03  0.24142E-03  0.77173E-02 -0.13832E-03  0.77369E-02
  0.15350E+02  0.16980E-03  0.45151E-02  0.23867E-03  0.34978E-02 -0.13537E-03  0.60386E-02
  0.15400E+02  0.17521E-03  0.39962E-02  0.23714E-03 -0.50258E-02 -0.13430E-03 -0.13899E-02
  0.15450E+02  0.18186E-03 -0.14187E-01  0.23702E-03 -0.76622E-02 -0.13246E-03 -0.53810E-02
  0.15500E+02  0.18872E-03 -0.37917E-02  0.23812E-03 -0.23062E-02 -0.12784E-03  0.15257E-01
  0.15550E+02  0.19455E-03  0.11439E-02  0.23987E-03 -0.22838E-02 -0.11940E-03  0.40533E-02
  0.15600E+02  0.19827E-03  0.33648E-02  0.24152E-03  0.18454E-02 -0.10725E-03  0.89916E-02
  0.15650E+02  0.19937E-03  0.33509E-02  0.24235E-03 -0.50089E-02 -0.92486E-04 -0.24074E-02
  0.15700E+02  0.19786E-03 -0.54008E-02  0.24168E-03 -0.97806E-02 -0.76637E-04  0.25008E-03
  0.15750E+02  0.19447E-03  0.87060E-03  0.23921E-03 -0.42876E-02 -0.61288E-04  0.12782E-02
  0.15800E+02  0.19024E-03 -0.85887E-03  0.23480E-03 -0.24338E-02 -0.47682E-04 -0.14383E-02
  0.15850E+02  0.18635E-03 -0.44746E-02  0.22869E-03  0.89073E-03 -0.36540E-04  0.44693E-02
  0.15900E+02  0.18360E-03 -0.97979E-02  0.22118E-03 -0.80901E-02 -0.28150E-04 -0.35424E-03
  0.15950E+02  0.18226E-03 -0.57292E-02  0.21274E-03 -0.12692E-01 -0.22447E-04 -0.36323E-02
  0.16000E+02  0.18181E-03 -0.91229E-02  0.20373E-03 -0.13441E-02 -0.19322E-04 -0.75832E-02
  0.16050E+02  0.18114E-03  0.78248E-02  0.19446E-03  0.67630E-02 -0.18642E-04  0.10639E-01
  0.16100E+02  0.17877E-03  0.15349E-02  0.18514E-03 -0.14210E-02 -0.20292E-04  0.89461E-02
  0.16150E+02  0.17322E-03  0.14407E-02  0.17588E-03 -0.40147E-02 -0.24128E-04 -0.10132E-02
  0.16200E+02  0.16354E-03  0.48455E-02  0.16683E-03  0.96624E-03 -0.29732E-04 -0.64454E-02
  0.16250E+02  0.14952E-03  0.15148E-02  0.15819E-03  0.56049E-02 -0.36381E-04  0.94201E-02
  0.16300E+02  0.13182E-03  0.93105E-02  0.15027E-03  0.31441E-02 -0.43062E-04  0.59506E-02
  0.16350E+02  0.11184E-03  0.48756E-02  0.14343E-03 -0.22516E-02 -0.48640E-04 -0.41097E-02
  0.16400E+02  0.91354E-04 -0.23797E-02  0.13812E-03  0.25036E-02 -0.52099E-04  0.71464E-03
  0.16450E+02  0.72199E-04  0.19251E-03  0.13467E-03  0.30386E-02 -0.52876E-04 -0.18205E-02
  0.16500E+02  0.55764E-04 -0.13329E-02  0.13327E-03 -0.64405E-02 -0.51013E-04 -0.24293E-02
  0.16550E+02  0.42724E-04  0.33842E-03  0.13389E-03  0.74127E-02 -0.47194E-04  0.31372E-02
  0.16600E+02  0.32929E-04  0.14581E-02  0.13624E-03  0.10097E-01 -0.42582E-04  0.22331E-02
  0.16650E+02  0.25507E-04 -0.39804E-02  0.13983E-03  0.81682E-03 -0.38479E-04 -0.70260E-02
  0.16700E+02  0.19123E-04  0.34373E-02  0.14405E-03 -0.19593E-02 -0.35938E-04 -0.66884E-02
  0.16750E+02  0.12324E-04  0.56843E-02  0.14831E-03  0.42327E-03 -0.35450E-04 -0.43140E-02
  0.16800E+02  0.38982E-05 -0.49089E-02  0.15212E-03 -0.20252E-02 -0.36777E-04 -0.30483E-02
  0.16850E+02 -0.69037E-05 -0.75814E-02  0.15524E-03  0.39386E-02 -0.39014E-04 -0.35107E-02
  0.16900E+02 -0.20203E-04  0.13913E-04  0.15765E-03  0.70492E-02 -0.40875E-04 -0.21904E-02
  0.16950E+02 -0.35582E-04 -0.96677E-03  0.15959E-03 -0.37924E-02 -0.41054E-04 -0.93106E-03
  0.17000E+02 -0.52175E-04  0.77806E-03  0.16143E-03 -0.32956E-02 -0.38626E-04  0.15959E-02
  0.17050E+02 -0.68861E-04 -0.91680E-02  0.16360E-03  0.34881E-02 -0.33307E-04  0.57924E-02
  0.17100E+02 -0.84506E-04 -0.26091E-02  0.16650E-03  0.49110E-02 -0.25576E-04 -0.25137E-04
  0.17150E+02 -0.98049E-04  0.16375E-03  0.17035E-03 -0.23132E-02 -0.16455E-04  0.99884E-04
  0.17200E+02 -0.10860E-03 -0.56169E-02  0.17523E-03  0.14932E-02 -0.72710E-05  0.72926E-02
  0.17250E+02 -0.11563E-03  0.17933E-02  0.18104E-03  0.30960E-02  0.73146E-06  0.45419E-02
  0.17300E+02 -0.11877E-03 -0.15511E-02  0.18750E-03  0.45294E-02  0.67107E-05  0.95956E-02
  0.17350E+02 -0.11793E-03 -0.47892E-02  0.19429E-03  0.18138E-02  0.10395E-04  0.43532E-02
  0.17400E+02 -0.11346E-03 -0.97136E-02  0.20106E-03 -0.30834E-02  0.12110E-04  0.57669E-02
  0.17450E+02 -0.10587E-03 -0.26875E-02  0.20750E-03  0.41839E-02  0.12570E-04  0.94366E-02
  0.17500E+02 -0.96111E-04 -0.20170E-02  0.21338E-03 -0.28757E-02  0.12636E-04  0.11252E-01
  0.17550E+02 -0.85274E-04 -0.20455E-04  0.21853E-03  0.43016E-02  0.13030E-04 -0.23844E-02
  0.17600E+02 -0.74672E-04 -0.11152E-02  0.22292E-03  0.74057E-02  0.14129E-04  0.53208E-03
  0.17650E+02 -0.65563E-04 -0.19760E-02  0.22653E-03  0.65793E-02  0.15909E-04  0.11669E-01
  0.17700E+02 -0.58983E-04 -0.55377E-02  0.22938E-03 -0.35936E-02  0.18005E-04  0.61903E-02
  0.17750E+02 -0.55576E-04  0.41452E-02  0.23151E-03  0.23110E-02  0.19897E-04  0.11223E-01
  0.17800E+02 -0.55454E-04  0.76435E-02  0.23302E-03 -0.65029E-03  0.21112E-04  0.77024E-02
  0.17850E+02 -0.58232E-04  0.98884E-02  0.23392E-03  0.11054E-01  0.21400E-04  0.86701E-02
  0.17900E+02 -0.63052E-04  0.39000E-02  0.23432E-03  0.99032E-02  0.20826E-04  0.23505E-02
  0.17950E+02 -0.68803E-04  0.18615E-02  0.23429E-03  0.46262E-02  0.19765E-04  0.82172E-03
  0.18000E+02 -0.74349E-04 -0.38311E-02  0.23393E-03 -0.15876E-03  0.18774E-04 -0.26415E-02
  0.18050E+02 -0.78758E-04  0.84818E-02  0.23335E-03  0.95832E-02  0.18455E-04  0.88867E-02
  0.18100E+02 -0.81466E-04  0.70934E-02  0.23266E-03  0.10463E-01  0.19295E-04 -0.59979E-02
  0.18150E+02 -0.82308E-04 -0.63343E-03  0.23192E-03  0.32912E-02  0.21605E-04 -0.11906E-01
  0.18200E+02 -0.81531E-04 -0.41319E-02  0.23122E-03  0.41020E-02  0.25428E-04  0.24057E-02
  0.18250E+02 -0.79635E-04 -0.51313E-02  0.23057E-03  0.52326E-02  0.30611E-04 -0.16902E-03
  0.18300E+02 -0.77205E-04 -0.20311E-02  0.22997E-03  0.27650E-03  0.36854E-04  0.97980E-05
  0.18350E+02 -0.74745E-04 -0.58090E-02  0.22939E-03  0.11519E-02  0.43789E-04 -0.49328E-02
  0.18400E+02 -0.72563E-04 -0.47912E-02  0.22872E-03 -0.61486E-02  0.51035E-04  0.33645E-02
  0.18450E+02 -0.70751E-04 -0.18995E-02  0.22790E-03  0.61724E-02  0.58222E-04  0.12965E-01
  0.18500E+02 -0.69207E-04  0.23488E-02  0.22677E-03  0.13329E-01  0.64998E-04  0.96183E-02
  0.18550E+02 -0.67741E-04  0.24816E-02  0.22520E-03  0.22706E-02  0.71028E-04 -0.73510E-02
  0.18600E+02 -0.66179E-04 -0.59873E-02  0.22306E-03 -0.62552E-03  0.75999E-04 -0.46743E-03
  0.18650E+02 -0.64456E-04  0.67686E-02  0.22023E-03 -0.43048E-03  0.79660E-04  0.24172E-02
  0.18700E+02 -0.62656E-04  0.93409E-02  0.21666E-03  0.50616E-02  0.81905E-04 -0.61462E-02
  0.18750E+02 -0.60969E-04  0.99743E-02  0.21235E-03  0.50344E-02  0.82788E-04 -0.10586E-01
  0.18800E+02 -0.59647E-04  0.62708E-02  0.20732E-03 -0.30810E-02  0.82590E-04 -0.41550E-02
  0.18850E+02 -0.58895E-04 -0.20362E-02  0.20169E-03  0.23757E-02  0.81804E-04 -0.23242E-04
  0.18900E+02 -0.58805E-04  0.66373E-03  0.19565E-03  0.86039E-03  0.81083E-04 -0.66795E-02
  0.18950E+02 -0.59310E-04  0.49354E-02  0.18938E-03  0.12009E-02  0.81107E-04 -0.12326E-01
  0.19000E+02 -0.60187E-04 -0.91615E-03  0.18309E-03 -0.26592E-02  0.82450E-04 -0.94022E-02
  0.19050E+02 -0.61104E-04  0.27117E-02  0.17696E-03  0.10922E-02  0.85479E-04  0.17744E-03
  0.19100E+02 -0.61709E-04  0.47049E-02  0.17115E-03 -0.99087E-03  0.90238E-04  0.33425E-02
  0.19150E+02 -0.61682E-04 -0.53215E-02  0.16574E-03  0.31205E-02  0.96471E-04 -0.26403E-02
  0.19200E+02 -0.60834E-04  0.34899E-02  0.16078E-03 -0.16100E-02  0.10366E-03 -0.70424E-02
  0.19250E+02 -0.59081E-04  0.91750E-03  0.15625E-03 -0.51956E-03  0.11111E-03 -0.19516E-02
  0.19300E+02 -0.56484E-04 -0.56198E-02  0.15211E-03 -0.72689E-02  0.11815E-03 -0.13429E-01
  0.19350E+02 -0.53165E-04  0.13924E-02  0.14827E-03 -0.27649E-02  0.12415E-03 -0.15643E-01
  0.19400E+02 -0.49314E-04 -0.29082E-02  0.14468E-03 -0.32293E-02  0.12869E-03 -0.75329E-02
  0.19450E+02 -0.45118E-04 -0.42195E-02  0.14127E-03 -0.26457E-02  0.13151E-03  0.12729E-02
  0.19500E+02 -0.40757E-04 -0.13725E-02  0.13796E-03 -0.79711E-03  0.13256E-03 -0.41086E-02
  0.19550E+02 -0.36400E-04  0.17856E-02  0.13471E-03  0.73941E-02  0.13186E-03 -0.31811E-02
  0.19600E+02 -0.32226E-04  0.24105E-03  0.13149E-03  0.54237E-02  0.12952E-03 -0.18914E-01
  0.19650E+02 -0.28424E-04 -0.81043E-02  0.12824E-03  0.85631E-03  0.12573E-03 -0.64334E-02
  0.19700E+02 -0.25195E-04 -0.11926E-01  0.12494E-03 -0.10635E-01  0.12068E-03 -0.72326E-03
  0.19750E+02 -0.22734E-04 -0.31769E-02  0.12156E-03 -0.36944E-02  0.11464E-03  0.29411E-02
  0.19800E+02 -0.21197E-04  0.17158E-02  0.11810E-03  0.33429E-03  0.10797E-03  0.11867E-02
  0.19850E+02 -0.20646E-04  0.77238E-02  0.11456E-03 -0.78419E-03  0.10110E-03  0.22764E-02
  0.19900E+02 -0.21063E-04  0.87238E-02  0.11098E-03 -0.37098E-03  0.94516E-04 -0.25339E-02
  0.19950E+02  0.00000E+00 -0.00000E+00  0.00000E+00 -0.00000E+00  0.00000E+00 -0.00000E+00
