tried moves    experiment_1   _ coord. constraints_1 _                                                                                                                                                                                                                                                                                                                                                                                                                                                                          
        0   641359   0.000E+00   0.000E+00
  OPTIMIZATION STUFF
      641359  -30545.247494410534        8915176388.0596466     
   89342.958556143945       -119888.20605055448     
        0   480814   0.000E+00   0.000E+00
  OPTIMIZATION STUFF
      480814  -29110.327613665180        8490892926.5426092     
   87427.008142608262       -116537.33575627345     
        0   537270   0.000E+00   0.000E+00
  OPTIMIZATION STUFF
      537270  -29410.895521343187        8580580148.7847281     
   87838.370735216638       -117249.26625655983     
        0   536739   0.000E+00   0.000E+00
  OPTIMIZATION STUFF
      536739  -27013.889736441575        7505842241.8738565     
   82317.021345413334       -109330.91108185491     
        0   468712   0.000E+00   0.000E+00
  OPTIMIZATION STUFF
      468712  -24277.472855684158        6072528486.7797413     
   74048.178900775543       -98325.651756459702     
        0   479696   0.000E+00   0.000E+00
  OPTIMIZATION STUFF
      479696  -24932.053055346216        6244467245.9591627     
   74985.731818823799       -99917.784874170015     
        0   481126   0.000E+00   0.000E+00
  OPTIMIZATION STUFF
      481126  -24104.360799181901        6021215325.0544777     
   73757.678349561276       -97862.039148743177     
        0   473348   0.000E+00   0.000E+00
  OPTIMIZATION STUFF
      473348  -24500.893591145476        6110719107.4128189     
   74232.239092244723       -98733.132683390199     
        0   466419   0.000E+00   0.000E+00
  OPTIMIZATION STUFF
      466419  -25594.924700027143        6415959036.4783669     
   75900.321910241633       -101495.24661026878     
        0   474134   0.000E+00   0.000E+00
  OPTIMIZATION STUFF
      474134  -25014.283828977572        6276230476.4593906     
   75169.914733108104       -100184.19856208567     
        0   477213   0.000E+00   0.000E+00
  OPTIMIZATION STUFF
      477213  -20728.368545651032        4539831866.8421545     
   64110.581063330093       -84838.949608981129     
        0   472839   0.000E+00   0.000E+00
  OPTIMIZATION STUFF
      472839  -20940.164687372388        4382407231.4107161     
   62800.610938719685       -83740.775626092072     
        0   486808   0.000E+00   0.000E+00
  OPTIMIZATION STUFF
      486808  -20404.243520221367        4266202339.6694131     
   62047.314092045257       -82451.557612266624     
        0   483808   0.000E+00   0.000E+00
  OPTIMIZATION STUFF
      483808  -20536.039089887268        4292142731.0400505     
   62212.650076481012       -82748.689166368276     
        0   485832   0.000E+00   0.000E+00
  OPTIMIZATION STUFF
      485832  -20002.736311638579        4176378727.2542191     
   61451.356919935250       -81454.093231573832     
        0   476947   0.000E+00   0.000E+00
  OPTIMIZATION STUFF
      476947  -20759.590666879398        4338894553.3217802     
   62513.470137766257       -83273.060804645647     
        0   473558   0.000E+00   0.000E+00
  OPTIMIZATION STUFF
      473558  -20683.564308784411        4319460987.0825958     
   62383.099911490259       -83066.664220274673     
        0   480188   0.000E+00   0.000E+00
  OPTIMIZATION STUFF
      480188  -20471.403802219294        4276273550.4570937     
   62106.321552830472       -82577.725355049770     
        0   489497   0.000E+00   0.000E+00
  OPTIMIZATION STUFF
      489497  -20085.299557610189        4199363431.7425189     
   61611.234149492440       -81696.533707102630     
        0   481777   0.000E+00   0.000E+00
  OPTIMIZATION STUFF
      481777  -21089.272693822135        4419501299.2857456     
   63045.569840642682       -84134.842534464813     
        0   480667   0.000E+00   0.000E+00
  OPTIMIZATION STUFF
      480667  -20097.561708789282        4199338511.6861467     
   61607.033081033478       -81704.594789822761     
        0   478464   0.000E+00   0.000E+00
  OPTIMIZATION STUFF
      478464  -19703.591458658131        4113665038.3377018     
   61036.329525684916       -80739.920984343044     
        0   463503   0.000E+00   0.000E+00
  OPTIMIZATION STUFF
      463503  -20656.405940091783        4320315457.1645145     
   62398.945109694403       -83055.351049786186     
        0   465517   0.000E+00   0.000E+00
  OPTIMIZATION STUFF
      465517  -20450.096015699553        4273578557.5742755     
   62091.643000672360       -82541.739016371910     
        0   484669   0.000E+00   0.000E+00
  OPTIMIZATION STUFF
      484669  -20840.880211913947        4356405553.1308346     
   62626.378349090955       -83467.258561004899     
        0   481223   0.000E+00   0.000E+00
  OPTIMIZATION STUFF
      481223  -20870.696503852087        4362297133.4517517     
   62663.475493271580       -83534.171997123660     
        0   472523   0.000E+00   0.000E+00
  OPTIMIZATION STUFF
      472523  -20012.782446572692        4169145587.2837796     
   61389.202031219887       -81401.984477792575     
        0   472534   0.000E+00   0.000E+00
  OPTIMIZATION STUFF
      472534  -19725.802259520526        4110824781.4967003     
   61005.880919096606       -80731.683178617124     
        0   470907   0.000E+00   0.000E+00
  OPTIMIZATION STUFF
      470907  -19864.423162895258        4149011421.4654088     
   61273.290379012935       -81137.713541908190     
        0   470671   0.000E+00   0.000E+00
  OPTIMIZATION STUFF
      470671  -20004.159064447129        4169207741.7307773     
   61392.518777576435       -81396.677842023564     
        0   471265   0.000E+00   0.000E+00
  OPTIMIZATION STUFF
      471265  -19607.365932384320        4092031614.1291337     
   60889.923758555560       -80497.289690939884     
        0   477169   0.000E+00   0.000E+00
  OPTIMIZATION STUFF
      477169  -20280.668112241121        4229929201.2799172     
   61795.013570684190       -82075.681682925308     
        0   544600   0.000E+00   0.000E+00
  OPTIMIZATION STUFF
      544600  -19654.211666299492        4102280074.2646465     
   60958.937310626927       -80613.148976926415     
        0   536662   0.000E+00   0.000E+00
  OPTIMIZATION STUFF
      536662  -20139.571754921872        4208344080.0452652     
   61666.374383237569       -81805.946138159445     
        0   471446   0.000E+00   0.000E+00
  OPTIMIZATION STUFF
      471446  -19998.481441426287        4188262865.9322495     
   61549.359102830451       -81547.840544256731     
        0   473627   0.000E+00   0.000E+00
  OPTIMIZATION STUFF
      473627  -20164.386656979332        4207433623.7795119     
   61650.881052320299       -81815.267709299631     
        0   477746   0.000E+00   0.000E+00
  OPTIMIZATION STUFF
      477746  -19370.040112687584        4040901158.4537296     
   60545.046903001108       -79915.087015688696     
        0   443591   0.000E+00   0.000E+00
  OPTIMIZATION STUFF
      443591  -19817.161046366058        4137263874.9975309     
   61192.679325716097       -81009.840372082152     
        0   475497   0.000E+00   0.000E+00
  OPTIMIZATION STUFF
      475497  -20393.742264003940        4269237845.0062971     
   62075.221477459723       -82468.963741463667     
        0   476590   0.000E+00   0.000E+00
  OPTIMIZATION STUFF
      476590  -19701.163580902779        4107159996.5500345     
   60983.802358565219       -80684.965939468006     
        0   480054   0.000E+00   0.000E+00
  OPTIMIZATION STUFF
      480054  -20323.776500315325        4253360609.1037216     
   61970.192172277086       -82293.968672592411     
        0   544664   0.000E+00   0.000E+00
  OPTIMIZATION STUFF
      544664  -21164.948875416994        4431150261.1172686     
   63112.559766010549       -84277.508641427543     
        0   520446   0.000E+00   0.000E+00
  OPTIMIZATION STUFF
      520446  -16628.300828650674        2837907913.0987663     
   50610.349975579717       -67238.650804230390     
        0   537637   0.000E+00   0.000E+00
  OPTIMIZATION STUFF
      537637  -16169.547368916241        2708161665.5272422     
   49464.203252570602       -65633.750621486848     
        0   475458   0.000E+00   0.000E+00
  OPTIMIZATION STUFF
      475458  -15888.740059970512        2663440782.1615295     
   49101.819940489149       -64990.560000459664     
        0   534008   0.000E+00   0.000E+00
  OPTIMIZATION STUFF
      534008  -16346.254386172617        2744212413.9653811     
   49769.592940950541       -66115.847327123163     
        0   488485   0.000E+00   0.000E+00
  OPTIMIZATION STUFF
      488485  -15733.401460126790        2635973866.7384763     
   48871.606738810588       -64605.008198937379     
        0   466418   0.000E+00   0.000E+00
  OPTIMIZATION STUFF
      466418  -16014.670557846497        2685013015.5056272     
   49280.253067829020       -65294.923625675518     
        0   497662   0.000E+00   0.000E+00
  OPTIMIZATION STUFF
      497662  -15939.143680760402        2669780436.4271441     
   49150.016634292406       -65089.160315052810     
        0   498157   0.000E+00   0.000E+00
  OPTIMIZATION STUFF
      498157  -15680.697008367326        2625707094.3750725     
   48783.427879832845       -64464.124888200167     
        0   498154   0.000E+00   0.000E+00
  OPTIMIZATION STUFF
      498154  -16152.819884494673        2703606454.7219925     
   49423.606348596884       -65576.426233091552     
        0   489128   0.000E+00   0.000E+00
  OPTIMIZATION STUFF
      489128  -16573.517419933738        2776149688.3692861     
   50014.679932000356       -66588.197351934097     
        0   490128   0.000E+00   0.000E+00
  OPTIMIZATION STUFF
      490128  -16448.493754579678        2759364057.6308508     
   49887.985636187033       -66336.479390766704     
        0   471880   0.000E+00   0.000E+00
  OPTIMIZATION STUFF
      471880  -15378.931516669441        2576078355.1477680     
   48369.068841082306       -63748.000357751749     
        0   523913   0.000E+00   0.000E+00
  OPTIMIZATION STUFF
      523913  -15931.235973643510        2676238416.4146748     
   49218.229719960080       -65149.465693603590     
        0   550163   0.000E+00   0.000E+00
  OPTIMIZATION STUFF
      550163  -15588.181714025439        2611459597.3925657     
   48666.910609192040       -64255.092323217483     
        0   552985   0.000E+00   0.000E+00
  OPTIMIZATION STUFF
      552985  -16361.203287621278        2746318147.0101314     
   49785.833065152801       -66147.036352774085     
        0   490680   0.000E+00   0.000E+00
  OPTIMIZATION STUFF
      490680  -16320.291873180631        2737742049.0701766     
   49713.077979988033       -66033.369853168668     
        0   491131   0.000E+00   0.000E+00
  OPTIMIZATION STUFF
      491131  -15556.637513780563        2600539447.4352164     
   48564.704021542762       -64121.341535323329     
        0   484738   0.000E+00   0.000E+00
  OPTIMIZATION STUFF
      484738  -15914.719679002479        2662562778.4521284     
   49084.462673955182       -64999.182352957665     
        0   486746   0.000E+00   0.000E+00
  OPTIMIZATION STUFF
      486746  -15218.220926869339        2551083941.5347981     
   48161.080691319570       -63379.301618188911     
        0   474876   0.000E+00   0.000E+00
  OPTIMIZATION STUFF
      474876  -16204.939257193560        2713732605.5595694     
   49508.913836098611       -65713.853093292171     
        0   474906   0.000E+00   0.000E+00
  OPTIMIZATION STUFF
      474906  -16102.649572682360        2694646235.5481482     
   49349.274688566002       -65451.924261248365     
        0   458999   0.000E+00   0.000E+00
  OPTIMIZATION STUFF
      458999  -16329.167228199167        2732492825.4427276     
   49657.337051801660       -65986.504280000823     
        0   485554   0.000E+00   0.000E+00
  OPTIMIZATION STUFF
      485554  -13406.966315674505        1922942279.7517354     
   41751.593190704763       -55158.559506379272     
        0   488036   0.000E+00   0.000E+00
  OPTIMIZATION STUFF
      488036  -12853.559983265817        1627663517.3161364     
   38241.986259512254       -51095.546242778073     
        0   484606   0.000E+00   0.000E+00
  OPTIMIZATION STUFF
      484606  -12052.248293932445        1523899491.8581314     
   37130.079489808988       -49182.327783741435     
        0   536006   0.000E+00   0.000E+00
  OPTIMIZATION STUFF
      536006  -11918.176822100853        1504680554.1012859     
   36913.921700876272       -48832.098522977125     
        0   547712   0.000E+00   0.000E+00
  OPTIMIZATION STUFF
      547712  -11862.800083211481        1496119924.9215729     
   36815.674638763994       -48678.474721975479     
        0   546234   0.000E+00   0.000E+00
  OPTIMIZATION STUFF
      546234  -12142.250764458891        1535442982.3414874     
   37255.989165696366       -49398.239930155258     
        0   551818   0.000E+00   0.000E+00
  OPTIMIZATION STUFF
      551818  -11769.630344684952        1489302312.3699412     
   36752.933405640048       -48522.563750325004     
        0   549910   0.000E+00   0.000E+00
  OPTIMIZATION STUFF
      549910  -11961.753296164899        1509945503.1046815     
   36971.096294083160       -48932.849590248057     
        0   542566   0.000E+00   0.000E+00
  OPTIMIZATION STUFF
      542566  -12522.411455691594        1582867291.7413988     
   37763.163308649906       -50285.574764341502     
        0   550995   0.000E+00   0.000E+00
  OPTIMIZATION STUFF
      550995  -12284.955361814797        1554597194.4090290     
   37465.678509367033       -49750.633871181832     
        0   540086   0.000E+00   0.000E+00
  OPTIMIZATION STUFF
      540086  -12053.144673014742        1522135221.7345135     
   37106.022762159380       -49159.167435174124     
