   6668579.7591508040     
   5331411.8560332116     
   5723250.2239807332     
   5020496.1502353800     
   5072411.3156522317     
   4853354.9029853540     
   4792749.9179127216     
   4757547.0794707183     
   4770758.0962521480     
   4922939.6692987094     
   4532276.2726143645     
   4672863.0417777831     
   4718925.4759412035     
   4598326.1894846447     
   4646035.3244318077     
   4749899.3672973206     
   4431363.4103886494     
   4517513.5514938710     
   4403413.8053512666     
   4535279.7785527334     
   5182429.4070370896     
   4572507.7709868522     
   4479399.3904860886     
   4376083.2209533034     
   4539655.0175518878     
   4533493.5231550196     
   4466535.8822923973     
   4410168.8718737727     
   4344453.9840438524     
   4540177.6711020749     
   4446271.1703808373     
   4393289.8321582582     
   4435405.6434998531     
   4472767.5339700170     
   4443073.2690181648     
   4561696.8285912583     
   4539699.5123293456     
   4456081.6427965555     
   4588608.1552210888     
   4450801.0348786144     
   4538146.9066576455     
   4586018.0914465450     
   4626725.4607223282     
   4462249.0049081426     
   4628383.1047610128     
   4465035.4038014337     
   4521480.2521770019     
   4529075.9290832346     
   5158003.2980726520     
   4540904.4056232274     
   4619755.6046688119     
   4552325.5066980589     
   4505899.6874404727     
   4514115.8366720853     
   4513095.9179336373     
   4543404.4021731280     
   4436766.4071080815     
   4518109.7564253397     
   4468540.9169385247     
   4519246.4064302910     
   4573663.4641937111     
   4518841.6775044510     
   4291018.6044747271     
   4531825.0173808690     
   4427151.3848456461     
   5083718.5138344551     
   4531845.3734120680     
   4522583.7597058108     
   4512980.5837230170     
   4459455.9356165081     
   4485460.2932384238     
   4584900.4111644691     
   4516472.0389057603     
   4506040.2236266406     
   4533719.5433261376     
   4365869.5056266440     
   4485431.7520873779     
   4541856.7216697484     
   4380096.7659032783     
   4364789.7963181715     
   4455405.4842644054     
   4453403.0667744204     
   4602318.1418773914     
   4419645.3455320494     
   4402171.9169384195     
   4553319.9219011096     
   4559226.5511163585     
   4444721.8003669446     
   4524752.2531821011     
   4597199.6207104838     
   4387971.8099885639     
   4482080.2722813543     
   4806569.0033190763     
   4371161.2435227400     
   4338550.2316805143     
   4488789.7358692326     
   4479176.9035010990     
   4552060.6134542013     
   4540778.1929243254     
   4457148.0985350106     
   4442252.5686386554     
   4474908.7688172059     
   4587178.3030682513     
   4581944.7687385418     
   4621499.1127383709     
   4657071.4279679572     
   4542550.2871858804     
   4615522.3892511167     
   4436213.2446595626     
   4424475.2248231610     
   4538306.6526466627     
   4612906.5732228123     
   4396486.8002126776     
   4504170.8014606191     
   4446244.0773674138     
   4556934.7652283059     
   4485566.2509714700     
   4555622.8957257969     
   4489503.5172787672     
   4593925.5792178344     
   4512868.3698848123     
   4419901.0705921184     
   4493226.0994244963     
   4389847.8463677559     
   4499355.6574690752     
   4678882.6414856417     
   4540446.5667231958     
   4499158.2185668563     
   4669949.1694041966     
   4511593.2716983166     
   4431099.8111812891     
   4735170.7275049957     
   4586672.4496978559     
   4517738.9644940235     
   4567843.8218618575     
   4508579.0241599465     
   4538381.5577655649     
   4432914.2862479528     
   4557378.5779638365     
   4519660.0839508511     
   4542992.3211031770     
   4379182.9225958241     
   4528655.6183226537     
   4595712.2249379074     
   4512264.1538614724     
   4543506.1911290055     
   4604239.5998262689     
   4561321.4080204926     
   4597371.4908712776     
   4427140.6133558024     
   4504761.6070885286     
   4468441.6907068128     
   4466513.5210433956     
   4610712.4741640007     
   4447785.0627353676     
   4537827.5131353457     
   4633206.7206595736     
   4419481.7162490282     
   4294971.5919393497     
   4697743.6114930017     
   4716775.8835500292     
   4478594.6730887992     
   4592013.9266868429     
   4562824.0085674813     
   4641507.5256180018     
   4636739.8565908205     
   4648354.9216023684     
   4709417.7574056489     
   5067199.2642599791     
   5220056.6200298807     
   5174638.8475813009     
   5179265.1060546208     
   5161256.7817878257     
   5823183.2419620501     
   5200868.0344507406     
   5264684.4882715475     
   5206256.6261803433     
   5082195.6874432210     
   5076716.0225480245     
   5133214.9092244487     
   5068536.9999522502     
   5301750.9207268739     
   5237989.5358007811     
   5168231.9738498814     
   5202750.2505577197     
   5090656.9282428781     
   5203694.8531941194     
   5077294.9877072182     
   5248778.4035579693     
   5136903.7511044871     
   5188216.6325592808     
   5100966.5728993351     
   5215546.0414631553     
   5081971.8566882350     
   5207566.6067292653     
   5220358.0624685213     
   4934158.4187879208     
   5311315.3441726491     
   5116802.2564302357     
   5062608.3768363995     
   5180110.9159630919     
   5127229.8621269781     
   5110801.3996901494     
   5146875.3619059166     
   5136301.0091470610     
   5270999.5682620090     
   5339689.3179408750     
   5247442.3260138789     
   5292312.3540351363     
   5217279.9809293840     
   5100136.7021987457     
   5127627.0580286747     
   5148781.4946318753     
   5150703.5478185974     
   5197687.9423821224     
   5125080.9494005367     
   5136095.2686987184     
   5102240.5676425835     
   5237466.3631055057     
   5245601.7847157847     
   5226001.4539611079     
   5152425.3203789536     
   5145677.1426369231     
   5239024.4116442632     
   5223927.7307475572     
   5342126.2855113903     
   5181843.7255423144     
   5197451.1719450830     
   5226299.0985665796     
   5209845.2705726214     
   5037161.3483466003     
   5113556.7460575765     
   5123428.5806041239     
   5170006.4560833899     
   5170755.9467967814     
   5160500.2956121033     
   5740431.6300114598     
   5876088.0169108063     
   5273423.3192677721     
   5202729.1059009396     
   5135902.7802733667     
   5338597.4217446065     
   5249510.9313527187     
   5333864.8879871536     
   5182230.5252988795     
   5144722.0378803425     
   5177350.1571289459     
   5374231.1423117695     
   5210774.8973891828     
   5160494.9502883740     
   5099455.0300595732     
   5459925.4583673272     
   5148591.2104036389     
   5275268.7788845040     
   5273325.1758720158     
   5177013.7421571566     
   5334627.4236082816     
   5236404.8075060789     
   5059943.2555009034     
   5166015.9200854991     
   5294637.5444228519     
   5090829.0712273102     
   5308547.1424486758     
   5206945.3441687850     
   5081541.2246141843     
   5054068.3962382870     
   5224539.5851488169     
   5210700.4853088111     
   5265632.8714350946     
   5270830.2142010648     
   5156765.1540199593     
   5170900.3830156177     
   5199434.3697997313     
   5457500.1747641806     
   5286344.8001648821     
   5234227.9504054608     
   5210028.8619417613     
   5243625.4641642375     
   5323630.9200174548     
   5143410.1351285446     
   5241244.6958491504     
   5077224.2138731340     
   5051178.5677250549     
   5093024.3394641932     
   5103652.0953266798     
   5107556.6053002831     
   5091753.5436001439     
   5119936.0597499292     
   5157051.3285643850     
   5269558.4412176944     
   5172931.1634124974     
   5902466.8276757076     
   6149149.3987554349     
   5898701.0226623211     
   5855419.7501388509     
   5965426.5287539214     
   5738354.2894519437     
   5813922.2438991368     
   5831298.9347931296     
   5789294.4568785541     
   5699763.9537593909     
   6565886.3189014718     
   7510023.1395165212     
   7328866.2454240210     
   7265139.1199312434     
   7371718.8576538442     
   7312206.7765756799     
   8176959.2718595052     
   7320459.6502502086     
   7266269.4413972795     
   7315329.7901070518     
   7368141.9943912337     
   7354248.9568362338     
   7407608.5921755675     
   7150329.7976127034     
   7272185.5080353227     
   7385312.8354554810     
   7397136.9444549074     
   7292596.9196156459     
   7318229.4963844484     
   7431806.4361798633     
   7329363.9572250424     
   7155047.7790654777     
   7267807.1110133668     
   7300677.5079440763     
   7434587.1610667640     
   7351025.6285543479     
   7379467.3503131149     
   7255262.7701381622     
   7303582.5244001346     
   7255085.6335315490     
   7275960.4648767542     
   7443809.1563092554     
   7413035.6474208301     
   7377404.9302888624     
   7344858.9159190534     
   7370058.0844066022     
   7466553.6294728136     
   7306890.4526082128     
   7375502.8411522470     
   7396507.7842628350     
   7346031.2001059027     
   7284242.2573078433     
   7289835.2829953982     
   7339653.3618757231     
   7408543.7182408711     
   7232846.5685570389     
   7350112.5388416136     
   7525806.3799980469     
   7249879.0912182443     
   7341288.1644571600     
   7103737.7326691570     
   8026653.7565740328     
   7303276.3147768928     
   7271208.4199838648     
   7225811.2244903389     
   7350921.9197592046     
   7247667.2037307005     
   7325648.2285110289     
   7262423.3031447921     
   7159450.5340854665     
   7345636.3890995272     
   7189984.5829184977     
   7327368.0293790819     
   7211112.6276982632     
   7360985.5895371335     
   7309724.2077737534     
   7445440.2977595143     
   7269009.1394798458     
   7275716.6614706339     
   7255404.2648819061     
   7359753.7485867739     
   7390861.1609391784     
   7423807.4728128565     
   7424385.4410153180     
   7193820.4639347550     
   7324836.8178779148     
   7580478.5671789655     
   7441683.5918442393     
   7290105.7259756280     
   7399039.9305352448     
   7331090.5664940747     
   7364498.9971674560     
   7306587.8648630558     
   7301519.9472318254     
   7520134.2051355410     
   7250911.9965532292     
   7337822.7325097751     
   7370092.0960477358     
   7243974.2217091452     
   7332893.3248659801     
   7369891.0383761227     
   7449498.3204180533     
   7283444.7042094106     
   7338792.1883651195     
   7409042.6439331938     
   7391290.9822294032     
   7488773.9547442682     
   7350098.5000785291     
   7273360.9729449479     
   7317395.6501977965     
   7257390.2024543565     
   7339820.1308505870     
   7315334.7788206516     
   7379002.8650623178     
   7392520.9913967857     
   7323627.7481842507     
   7290066.2713869289     
   7261873.3208232885     
   7208641.0380373830     
   7245912.9698218331     
   7312768.2732807286     
   7275400.1681117062     
   7460420.6700932691     
   7325811.7657727897     
   7350186.7896405896     
   7274463.5305436468     
   7361693.9663380925     
   7418258.1826074822     
   7213502.2155084778     
   7442110.5710946796     
   7282513.4726304635     
   7495415.8349951170     
   7235683.0813606055     
   7435698.4897076432     
   7264750.5151532646     
   7443052.6160256108     
   7355961.2814954342     
   7534201.5239879033     
   7446584.4327572100     
   7277018.0305841863     
   7271281.8756909668     
   7298871.0471207453     
   7260125.2483195374     
   7352806.3249847349     
   7278865.3570738072     
   7330884.8834525691     
   7382922.5084816720     
   7340153.1734156134     
   7378736.4120765971     
   7445046.1151376823     
   7241415.1664065998     
   7195576.8808529526     
   7300761.2159239696     
   7219654.9346147934     
   7247640.7247785749     
   7179018.4644591324     
   7285926.6336180819     
   7375660.8811450815     
   7247084.4080938147     
   7399651.2484414075     
   7437103.5353211248     
   7358369.9643093469     
   7382033.0539504681     
   7237509.9002646646     
   7329370.7633668622     
   7371553.9626128161     
   7440462.6114533870     
   7342627.8871521968     
   7370229.4771452844     
   7471493.9284710549     
   7322320.5478083706     
   7194477.7577786865     
   7373474.8578733150     
   7435573.6609405633     
   7469772.2742741415     
   7518871.7292587114     
   7237985.9827319058     
   7333489.3065960845     
   7271853.5024759881     
   7261048.9587939382     
   7317086.2219794178     
   7507708.5743063809     
   7538889.3128373316     
   7340377.4979774104     
   7234040.5011659004     
   7292111.3038677657     
   7347929.0412503565     
   7326249.9922820348     
   7370628.1619640877     
   7255222.5438917885     
   7341997.8612787751     
   7298222.2226910321     
   7356935.2565544406     
   7225796.7503060000     
   7341682.5085644750     
   7300136.1921680812     
   7390936.6053639045     
   7464976.7710391777     
   7388376.8139624512     
   7302948.6059843106     
   7457746.8129266482     
   7393249.4127906309     
   7244692.5437401701     
   7256893.4325585729     
   7197338.3613377512     
   7457694.5341919772     
   7318938.9079294046     
   7342278.4138115877     
   7381924.4145193268     
   8066484.5995948473     
   8126596.5203288402     
   8106042.0823716847     
   8093737.8175771721     
   8143020.7157907151     
   8304814.9060367858     
   8135145.6905093510     
   8085444.5318182083     
   8195563.8774963645     
   8108154.7202319792     
   8145424.0860196929     
   8226334.2244272530     
   8092596.1729018977     
   8131573.5708637135     
   8312940.6685701348     
   8350795.8178908527     
   8261210.3272089679     
   8069082.7301704232     
   8186542.2046210058     
   8227875.6828821078     
   8065880.6415426154     
   8080265.9246753780     
   8174510.0420729490     
   8182657.3864053208     
   8223479.7036113255     
   8029738.6980036115     
   8220189.8524883566     
   8277122.7370191878     
   8170579.6135097072     
   8280042.5690850411     
   8090945.2205860438     
   8136580.1872552931     
   8114193.9753882168     
   8101513.0530187646     
   8165888.6712062461     
   8114324.2226089481     
   8157708.7265971191     
   8163804.5451575126     
   8238429.6794256568     
   8262432.5617655199     
   8124479.3788091214     
   8238202.1501463568     
   8202341.9708537366     
   8318188.6011375822     
   8200904.7315311078     
   8137995.7148557594     
   8206817.2220595349     
   8197154.7007180788     
   8983305.9646243844     
   9156234.1618607156     
   9087004.0421605129     
   8908162.9153204318     
   9181666.7928773835     
   9022745.1768662799     
   8973000.6888936423     
   8899831.7437593173     
   9116563.9119679779     
   8972348.9628190342     
   8981483.0283911359     
   9177773.4522637799     
   9155119.4688006863     
   9088404.8065591231     
   9069216.4997893311     
   9201725.7434867620     
   9121149.1341335159     
   9053662.3293069676     
   10115701.720942127     
   9944419.7155658267     
   9969881.3306482695     
   10017068.093250981     
   10863940.742760995     
   10842698.943603259     
   10842471.336632080     
   11063992.755967502     
   11067116.686642373     
   10989402.283474226     
   11010926.148921890     
   10989961.914484799     
   11234603.047466787     
   11041812.271401083     
   11034552.114522267     
   10854488.875645105     
   10983885.561717547     
   10998990.530909356     
   10989353.182240842     
   10975165.035826156     
   11067801.684690339     
   10929397.511672754     
   10988171.862438714     
   10975683.236692717     
   10908611.355731741     
   10983281.891396470     
   10912746.371781552     
   10863016.360112183     
   10897572.075211069     
   10875387.184139954     
   10946278.257085107     
   10962221.657106154     
   10896162.189335549     
   11097026.977641836     
   10958399.745849377     
   10890399.230205767     
   10985907.576438779     
   10955503.090505715     
   10969421.508158237     
   10986169.322359441     
   10973361.200729994     
   10818491.127161836     
   10949777.592706405     
   10909429.803846400     
   11152657.297293168     
   10925042.381957266     
   10865871.701676298     
   10994051.326235853     
   10932303.437565174     
   10962273.565588910     
   10892943.840123517     
   10815631.832032394     
   11182061.351581171     
   10948866.835651597     
   10971577.047722707     
   10981213.435456704     
   10879851.358810849     
   10805726.258887831     
   10896877.231082402     
   10868428.755397227     
   11124141.863261199     
   10935368.296548495     
   11128632.701232679     
   10879525.186493631     
   10893812.042278014     
   12006655.362202572     
   11955008.237482078     
   11930585.338906581     
   11877466.794334371     
   11869720.739905801     
   11805354.395895243     
   11856896.184088785     
   11856727.227745766     
   12225668.227531532     
   11973561.242295658     
   12005993.110145956     
   12053832.845191939     
   12088879.431419732     
   11855649.632096553     
   11999509.090444127     
   11999816.615447646     
   11838555.332693681     
   11893713.337006252     
   12149008.476126125     
   12084294.182203818     
   12025219.735263180     
   12043165.316252086     
   11854707.187349360     
   12077144.561137041     
   11902496.279714996     
   12084027.075350715     
   11871625.583988050     
   12006090.268226726     
   12033086.975123763     
   11948832.546099985     
   11883151.139964333     
   11894120.209853468     
   11829504.444986630     
   11869116.827690108     
   12106935.838261312     
   11957279.093747329     
   11933149.467015428     
   11908676.024360409     
   12040923.195836317     
   11764735.526050009     
   11939232.217199534     
   11952557.463829944     
   11817536.927441221     
   11988917.435835257     
   11945267.155018494     
   11945481.752081491     
   12023428.677921368     
   11962902.905886447     
   11832119.662018133     
   11979315.852524510     
   11850839.631066792     
   12037087.540010581     
   11911317.651664989     
   12084395.156198617     
   12031230.578177415     
   11863630.978874546     
   11886412.687872788     
   12003421.414826477     
   11783673.065321660     
   11961620.998588234     
   11897784.868209725     
   12132822.609582935     
   11871067.616589876     
   11912784.057697002     
   11939707.102163821     
   12964006.788396673     
   12078945.067850860     
   12050265.629902763     
   11873911.504723733     
   11880001.563318677     
   11928312.155522885     
   11893858.686314840     
   11966600.405168409     
   11765081.638630619     
   11913891.342105562     
   11901265.917618262     
   11960352.484164378     
   12080452.251577046     
   11880354.563029364     
   11845349.716554791     
   12119801.141916469     
   12051687.179775340     
   11888302.059342785     
   12035199.146387039     
   12055055.236139465     
   11827952.539135326     
   11963054.297656586     
   11998575.590055095     
   12169868.578164412     
   11900627.194698391     
   11975472.996054975     
   12124284.886321183     
   12049055.132963218     
   12046329.292098872     
   11863848.821388619     
   12030776.235837797     
   13083696.588220758     
   12946633.793514268     
   12920309.037296953     
   12981175.957617057     
   12932597.063640071     
   14103667.445722783     
   14206598.329411397     
   14152530.420053381     
   13955902.568965994     
   14142772.977593856     
   14145900.191178041     
   14175960.427164009     
   14188013.177360294     
   14232979.453463137     
   14084906.473445890     
   14172733.587205073     
   14056335.426470537     
   14180694.044038897     
   14154068.545983942     
   14226058.421140609     
   14310290.282444727     
   14240872.581860287     
   14215266.375084780     
   14307258.042355116     
   14286663.440601056     
   14328251.089794971     
   14301698.280418886     
   14208235.741838910     
   14178288.156055886     
   14236622.820540335     
   14112563.615651164     
   14043971.966127358     
   14017205.073712360     
   14273617.867671244     
   14071451.448687004     
   14116978.539572839     
   14256373.166861514     
   13959745.443300165     
   14060917.607404426     
   14083260.823072048     
   14043785.900146754     
   14137849.794323675     
   14160421.225297879     
   14179199.479784135     
   14279990.302119154     
   14230779.163388222     
   14260513.354952689     
   14084642.134962197     
   14149106.843814954     
   14241848.474884380     
   14314980.685312018     
   14189358.443311352     
   14267503.758026395     
   14128359.204717275     
   14174881.919826817     
   14044438.617950734     
   14080600.362059625     
   14106678.731454309     
   14142121.743374405     
   14242916.577256525     
   14137695.090935528     
   14211022.133871280     
   14274784.617408680     
   14099599.814669095     
   14242569.491623316     
   14186255.276049435     
   14187811.123010673     
   14153949.054940609     
   14118496.355234791     
   14095809.514316402     
   14211828.964679964     
   14226762.066119172     
   14304221.637330154     
   14212437.396957956     
   14039476.073154259     
   14128966.311342901     
   14089054.529670466     
   14125078.183999926     
   14145315.110303542     
   14279527.605489701     
   14083487.769176655     
   14184724.542491756     
   14081160.876441194     
   14114585.516703403     
   14146353.978668611     
   14029677.822292428     
   14077623.536141897     
   14261392.325890159     
   14165769.016884021     
   14005317.147007411     
   14195960.602943201     
   14019479.382895263     
   14132424.861343231     
   14057370.199531317     
   14024474.164952928     
   14056617.883628692     
   14221587.184306147     
   14172296.035831844     
   14185046.043822940     
   14233998.882204317     
   14096004.560364932     
   14193419.655968664     
   14206622.417353297     
   14033249.046603546     
   14111589.835589813     
   14127366.290940609     
   14048370.944677915     
   14178519.802922400     
   15136931.132587397     
   14095785.905450275     
   15398946.309213752     
   15523049.867501188     
   15287476.493385885     
   15297250.477853453     
   15317632.501900146     
   15441883.263347331     
   15349189.699304949     
   15269482.259643126     
   15246299.332684323     
   15333924.974908400     
   15239818.375613691     
   15351579.173666079     
   15479506.900139585     
   15217797.756257098     
   15339862.013865408     
   15491163.868974127     
   15364415.594033999     
   15359286.487634700     
   15447737.545386398     
   15349687.613542560     
   15368135.907242231     
   15301680.373609805     
   15259164.168024246     
   15417532.753479090     
   15473867.920507865     
   15248393.971633352     
   15245954.160076285     
   15308718.107645703     
   15253432.859730767     
   15224261.853597561     
   15252392.901525224     
   15157522.219887689     
   15292506.067005141     
   15330040.530011838     
   15439901.621245623     
   15558648.807598354     
   15613823.387377838     
   15475660.263185106     
   15468879.358850121     
   15316950.431955073     
   15243884.812744126     
   15436009.124169180     
   15222248.325168258     
   15373267.335569683     
   15276783.658106446     
   15349235.772636833     
   15345843.887014439     
   15237549.094094303     
   15413398.626832152     
   15287145.629719883     
   15311584.521464841     
   15364218.051745163     
   15388298.656063491     
   15494039.568870120     
   15272069.167880923     
   15281404.989010148     
   15254341.324771712     
   15387079.111107098     
   15433344.484220175     
   15367271.606380861     
   15447876.379578836     
   15192518.094637437     
   15218026.517542411     
   15605372.593221592     
   15419231.159979222     
   15338146.493824903     
   15511475.961893983     
   15569375.191151740     
   15270085.435085509     
   15288018.679972807     
   15305264.481584115     
   15403695.402904488     
   15494416.972265003     
   15317831.796721492     
   15414636.192318939     
   15504388.903063467     
   15389878.075356709     
   15452772.156868516     
   15420846.447019845     
   15392315.104101744     
   15427552.765035344     
   15380523.630192362     
   15346601.349654898     
   15227017.893970035     
   15368656.796824481     
   15252772.938766744     
   15305368.258734452     
   15477563.469225043     
   15335639.479956198     
   15399160.181672899     
   15371113.228598384     
   15388362.929231420     
   15230254.992182950     
   15350294.942151632     
   15469832.548889223     
   15289520.151242781     
   15349406.644755913     
   15250953.115029367     
   15408472.049026892     
   15325815.982650340     
   15273289.983831113     
   15344489.165702172     
   15438420.654134996     
   15326423.363698531     
   15240399.199259603     
   15440634.276165741     
   15349212.828683512     
   15366993.162344394     
   15436014.808106074     
   15263837.051473631     
   15358070.631551385     
   15442528.436507694     
   15250161.504019214     
   15367132.675751410     
   15355931.140970571     
   15508103.520490622     
   15389462.987569183     
   15458517.599508261     
   15373185.808370793     
   15354293.583886599     
   15314522.485811844     
   15428526.711753182     
   15386439.270828867     
   15360466.595297588     
   15461731.289280789     
   15444373.930260545     
   15507008.475215768     
   15162776.635120621     
   15374219.357652249     
   15195805.532264750     
   15309380.260239180     
   15374322.532123337     
   15247901.134472569     
   15285821.821241207     
   15385149.884388698     
   15329068.291936647     
   15326552.322974058     
   15187804.943828162     
   15353420.645866869     
   15322074.676528873     
   15402864.147262130     
   15438068.863290133     
   15344497.420988627     
   15401331.339083852     
   15206733.947666017     
   15414537.210568117     
   15324047.602066737     
   15290026.503012840     
   15391219.777390778     
   15300256.948663736     
   16506539.831174536     
   15394823.278325565     
   15281025.222058082     
   15181820.230839605     
   15394007.674764976     
   15473865.402116980     
   15375228.716780668     
   15297835.881128371     
   15230536.157599298     
   15378252.830780787     
   15325322.567484168     
   15420853.115150949     
   15374655.463151330     
   15207820.245477794     
   15244112.929898147     
   15486144.001953654     
   15409223.113198096     
   15302271.172660073     
   15323890.397379531     
   15184005.495066246     
   15290055.688664479     
   15304713.469210390     
   15389679.674972281     
   15283377.666090379     
   15278277.193690047     
   15363491.961729111     
   15308788.073550750     
   15270724.191674186     
   15417585.709457410     
   15420232.976721404     
   15375008.478848806     
   15236203.595949918     
   15447310.510990569     
   15306976.459961163     
   15414638.508820912     
   15261062.218459897     
   15403865.511746328     
   15402117.319121202     
   15399436.741880994     
   15440073.198389286     
   15217211.982591474     
   15310732.098418394     
   15240301.826475376     
   15541431.917037936     
   15377873.162633741     
   15211613.494779982     
   15360003.719435820     
   15331595.495079633     
   15191503.929085148     
   15224403.272331614     
   15427454.454920558     
   15396013.795647398     
   15304396.869740414     
   15255294.530289335     
   15373859.646570928     
   15409156.469980570     
   15359569.249823172     
   15324681.399975395     
   15427024.791843053     
   15283529.317257633     
   15362049.831568472     
   15294531.181805484     
   16756738.188776422     
   16650047.738134200     
   16574526.776449947     
   16660107.813322673     
   16568800.341301592     
   16526459.974268105     
   16548130.300563760     
   16423570.165236458     
   16534012.549901722     
   16731358.442104904     
   16479558.990410713     
   16561048.784696003     
   16553400.455765655     
   16534106.383372594     
   16514171.688318009     
   16538306.004876396     
   16586019.699692570     
   16603503.534406770     
   16589795.632768175     
   16620531.305196077     
   16494229.398366271     
   16506158.903897734     
   16559375.779262185     
   16505221.727079790     
   16432175.521909591     
   16540926.440253552     
   16631985.744065840     
   16738858.277513281     
   16588237.416649984     
   17806681.144115102     
   17849529.558556482     
   17852590.575952511     
   17860325.616859369     
   17876321.997972406     
   17824328.561041079     
   17772973.097451009     
   17914463.923626240     
   17874403.454907481     
   17782031.173956968     
   17797432.010133162     
   17751132.895560820     
   17771720.879371636     
   17807022.687024150     
   17831764.293587271     
   17718805.266627636     
   17854546.356768072     
   17833199.875290118     
   17915376.282233577     
   17841198.923959710     
   17859642.560035430     
   17917816.533295248     
   17931844.132517837     
   17817356.619143017     
   17931002.663693212     
   17765062.052079439     
   17943583.486016013     
   17888409.922558449     
   17940985.052342653     
   17891746.890258390     
   17912854.069259178     
   17819929.225921776     
   17921481.148843441     
   17870094.246881764     
   17880109.473491497     
   17831235.933179416     
   17810371.231686715     
   17986957.308406685     
   17869792.332106140     
   17814869.019703906     
   17960206.436572511     
   17889880.869030342     
   17870413.686622985     
   17768420.691242546     
   17953998.880232066     
   17904674.862046476     
   17855190.104652848     
   17915014.386014659     
   17979363.785312701     
   17945852.336282704     
   17886515.599816650     
   17983019.673604775     
   17998500.314116444     
   17870818.736805424     
   17831499.502489362     
   17813954.823596634     
   17933609.124201857     
   17842715.609690294     
   17870580.839084152     
   18016000.503181648     
   17968649.921284143     
   17960517.457404483     
   17830545.909244984     
   17854965.597386133     
   17892051.915860500     
   17950391.360398646     
   18201024.519213144     
   19187081.031579062     
   19321040.852533672     
   17826025.233666327     
   18006711.669092793     
   18038561.177003708     
   17962039.331020497     
   17983907.912600983     
   17955015.089783717     
   18011908.003797680     
   17931631.753761090     
   17987954.805593230     
   17929527.130467575     
   17921501.238264516     
   17875660.811612789     
   17807401.450066492     
   17859380.603483561     
   17872513.698013116     
   17860299.045090795     
   17842629.160341825     
   17863630.118944727     
   17941254.305575088     
   17840470.129190665     
   17930645.887499265     
   18022269.813695747     
   17836171.724920359     
   17947375.139213301     
   17933136.437704440     
   17789336.616252419     
   17776254.514287286     
   17761601.596608032     
   18084401.880020831     
   17945890.771438904     
   17938606.009134267     
   17880033.288427822     
   17814086.575444382     
   17854685.114441734     
   17851354.602048520     
   17915950.393148586     
   17900563.055829100     
   17898873.127045032     
   18004538.349982247     
   17766777.710141379     
   17847196.330245677     
   17770352.292884212     
   17699259.422671862     
   17956363.051070925     
   18029826.151327152     
   19347430.176764257     
   19251902.179935113     
   19256226.192696620     
   19255160.014733635     
   19213909.302078150     
   19234242.929882817     
   19115939.520983331     
   19266175.659179114     
   19226067.138054665     
   19212468.635199774     
   19256108.987010997     
   19338726.740263700     
   19116354.855166066     
   19184210.431194995     
   19175706.279010240     
   19032930.290089019     
   19358807.037417814     
   19152446.011365406     
   19132111.706600413     
   19255332.089670245     
   19149623.883424047     
   19291043.823983792     
   19235223.841740139     
   19211679.172669452     
   19181791.985019527     
   19196181.236587469     
   19052342.045292981     
   19276335.546121247     
   19109274.800398178     
   19231663.297490977     
   19245587.876984544     
   19261358.272615045     
   19232012.965631176     
   19335211.317923617     
   19125399.172818027     
   19295710.260552138     
   19190021.301208951     
   19122550.571134567     
   19242760.905974194     
   19158956.488162026     
   19147533.073297005     
   19369855.810364667     
   19402232.610281531     
   19255653.405162562     
   19154999.362088464     
   19160525.833843429     
   19143681.735279944     
   19201967.456841394     
   19131366.420057934     
   19177188.337092780     
   19181812.905068163     
   19133462.914178193     
   19214855.675335262     
   19253174.251785852     
   19254598.316999190     
   19307458.586748142     
   19232078.589818399     
   19318734.774020214     
   19077064.626082510     
   19173445.492355671     
   19292486.062402401     
   19257567.640232593     
   19201703.752450380     
   19214228.182664279     
   19064878.054365598     
   19094689.131519113     
   19353147.448960222     
   19206728.955746289     
   19242869.537303090     
   19131597.789642200     
   19161960.141575485     
   19117119.419541731     
   19170212.269191861     
   19410108.772726227     
   19222768.873601481     
   19114041.544801343     
   19159546.449046217     
   19181486.315377142     
   19102489.373108763     
   19173318.054207876     
   19460841.506827626     
   19250844.324119013     
   19198111.840546723     
   19378439.503397476     
   19197150.903666098     
   19171991.637413535     
   19246567.900105603     
   19299603.283105131     
   19288433.331077915     
   19249689.173035461     
   19268406.657580540     
   19184797.791516483     
   19219094.617183395     
   19205175.541928340     
   19188601.601788908     
   19229503.951128684     
   19181850.380688246     
   19164048.561453186     
   19305095.382794775     
   19148649.110437866     
   19255375.942764111     
   19095232.643948108     
   19140177.906558357     
   19221621.414094664     
   19025135.622253980     
   19153906.602148663     
   19173816.755968727     
   19163949.877568752     
   19223713.698257852     
   19240563.189413261     
   19167097.616143122     
   19107894.536605041     
   19202350.668648969     
   19263386.634910077     
   19268665.038091939     
   19143408.910648171     
   19329465.065192841     
   19258885.390882161     
   19405049.418556351     
   19235516.631599579     
   19272156.796184871     
   19425144.993697017     
   19147153.093341589     
   19150212.365426831     
   19216706.176660962     
   19252722.594706878     
   19177473.373889439     
   19142311.257231023     
   19193985.128056265     
   19170175.770693831     
   19329702.909808520     
   19029603.688496910     
   20534712.967919607     
   20644700.697837785     
   20477669.953657601     
   20589183.269248977     
   20634200.027269598     
   20509798.585123267     
   20594573.420506895     
   20534361.705736175     
   20552501.385732841     
   20541445.884964071     
   20550163.294166736     
   20628125.105492163     
   20607589.409945920     
   20633907.646179918     
   20563724.364189100     
   20706437.430292901     
   20702216.096472304     
   20601125.905409824     
   21966132.593428083     
   20771408.945415832     
   20560092.169439048     
   20589919.766275834     
   20708438.958781637     
   20661884.410668597     
   21930479.290839031     
   22139453.999146078     
   20612545.416434206     
   20479531.332635988     
   20567237.282456998     
   20590756.939579722     
   20670287.036134649     
   20634196.557804767     
   20658195.290529888     
   20671513.860721219     
   20440512.599453568     
   20610076.032819107     
   20544085.537608337     
   22076785.502935655     
   22028910.756934218     
   21938871.427505255     
   22049783.250607409     
   22068322.074008495     
   21945948.050526533     
   22097997.367376059     
   22248169.873719696     
   22108741.654887889     
   21914992.158114493     
   22116098.960575264     
   22365016.869293891     
   22067560.548803255     
   22084161.051047105     
   22004342.694113955     
   23565881.910561781     
   23498838.013315532     
   23506850.296931218     
   22347839.823771082     
   21939247.696198445     
   21997346.723054815     
   22293020.463753182     
   22028326.102841120     
   22049144.219026763     
   21952820.754762709     
   21992230.185161199     
   21938240.780767340     
   21916644.356228575     
   22082576.997040607     
   22105251.643310841     
   22114773.631560024     
   22013292.876646023     
   22002703.256227192     
   21966512.156807624     
   22040332.091061253     
   22043192.420844901     
   22062531.873822164     
   22055347.585959010     
   22006975.873102214     
   22186281.421461556     
   21960209.174821876     
   22031466.325858522     
   22030812.003576364     
   21922255.287421525     
   22037706.902726162     
   22092764.000771035     
   21927245.059769977     
   22087939.893448014     
   21990754.504300576     
   22116176.696152143     
   21935765.543111652     
   21974844.947713941     
   22082231.704214953     
   22187791.681800611     
   21932906.795533419     
   22116074.578639772     
   21942007.475777905     
   22111153.576052498     
   21975701.907304298     
   22062571.120380715     
   22060871.257138230     
   21924497.192986671     
   22082997.073309518     
   22160404.476986095     
   22013332.863735095     
   22030082.282637842     
   21948171.161141623     
   21992199.512606595     
   22084987.769433435     
   22144682.029520292     
   22046247.683641467     
   21935417.247579917     
   22080164.530951254     
   22211086.274169546     
   22158604.407816581     
   22010582.070894439     
   22152540.678278558     
   22063306.015122656     
   22038893.808432017     
   21984526.637191299     
   22115471.061344717     
   22008443.939118251     
   21955344.466652449     
   22195314.840028673     
   22158899.289494719     
   22064593.750025000     
   22126079.492768843     
   21954452.225296628     
   22215204.615307838     
   22093355.729662515     
   21939519.876246251     
   21875367.609267142     
   22037315.570879929     
   22018265.093183659     
   22025114.094882671     
   22049280.994627725     
   22186086.019316509     
   22165965.489687756     
   22027813.132876046     
   21956039.808319476     
   22039383.303858191     
   22035110.884030297     
   22093231.472781252     
   21981947.358673364     
   22006181.936926112     
   22139516.256413903     
   22011522.839307688     
   21981481.033115119     
   22063724.736948434     
   22088184.663386285     
   22081418.874081247     
   22081394.504467297     
   22027799.903880496     
   21916385.503965169     
   22063277.091028534     
   22123262.997165330     
   22048242.903977200     
   21923516.083124343     
   21997088.204375148     
   22036274.423095386     
   21898976.567111142     
   21883738.012454204     
   22012903.972314823     
   21929851.235062629     
   22050095.851540089     
   21988250.928916067     
   21936498.333258010     
   22011897.338334888     
   22203635.194985405     
   22068403.960298859     
   21948417.651870292     
   21996015.612752274     
   21918213.881225962     
   22077492.483939040     
   22058106.472547468     
   22186012.061870016     
   21954606.356540233     
   21817234.553007308     
   21935766.713117667     
   22189829.866393588     
   22128578.514517095     
   23616454.431377131     
   25152989.750968073     
   25159337.726140741     
   23548832.771906618     
   23532424.505879518     
   23544270.601713512     
   23656434.302407395     
   23695663.510803483     
   23651490.184186522     
   23496450.509298880     
   23528191.038308762     
   23604712.658095989     
   23692785.997210316     
   23593891.594430372     
   25119725.573680837     
   23545215.762458388     
   23552063.032000490     
   23550786.673599243     
   23534501.413163651     
   23463435.789497994     
   23617734.868841678     
   23515500.634994525     
   23367101.401125651     
   23523737.781200372     
   23572584.045502357     
   23494540.161433410     
   23531870.869950987     
   23477914.617386635     
   23536437.536104422     
   23637968.381589551     
   23478839.318468284     
   23479933.724074595     
   23618406.990981691     
   23377698.362035818     
   23494745.665726561     
   23380908.106207974     
   23540254.883569691     
   23528005.549339477     
   23455111.199759983     
   23442770.211001139     
   23489013.927907001     
   23625169.343237899     
   23503370.279405206     
   23462986.933601692     
   23384480.651979901     
   23551283.258737616     
   23487411.340169709     
   23590804.944760278     
   23456470.539554145     
   23525934.603458062     
   23658917.506133672     
   23612286.606489163     
   23733414.075808529     
   23525712.254416119     
   23531761.855721600     
   23634726.310599241     
   23641502.771482158     
   23666762.710505273     
   23522923.137798283     
   23536413.932316642     
   23396344.147008888     
   23477658.457068890     
   23399290.274094973     
   23564805.034398112     
   23555663.048553333     
   23600438.366808973     
   23590582.734269165     
   23438159.027878128     
   23411435.169185601     
   23595058.820450362     
   23380199.751977019     
   23225939.459186103     
   23631107.636984941     
   23532110.564075459     
   23506330.086125970     
   23534177.801149447     
   23494968.239964351     
   23769350.063500654     
   23517983.631396137     
   23524393.627443638     
   23602950.203833435     
   23489684.648513321     
   23604422.743478667     
   23568647.913148046     
   23527088.320653874     
   25031951.614088513     
   24908568.998578764     
   25140038.630776182     
   25141600.269944392     
   25239824.250651680     
   25169647.324713424     
   25096175.513682604     
   25186345.896025386     
   25087539.522561856     
   25068032.227081329     
   25023057.132036772     
   25003810.656870242     
   25050215.698837027     
   25201355.264289971     
   25045635.065805353     
   25017824.542918682     
   25082313.760962758     
   25033693.503911108     
   25008560.491596937     
   24982016.171721581     
   24997960.343549442     
   25069514.925111976     
   24957998.111639719     
   25209238.808786895     
   25096462.351284020     
   25077840.652239289     
   25104268.594743244     
   24965991.090860005     
   25008863.973390460     
   25126599.753034640     
   25114818.933789194     
   25123583.308443975     
   25037157.829433225     
   25076833.439306069     
   24999409.539789423     
   25028667.328101989     
   25182883.793676309     
   24951058.878426880     
   25073283.809859667     
   24899786.543097317     
   25021447.999605276     
   25031532.306111250     
   25181911.786786549     
   25114314.616341494     
   25063023.489947099     
   24896180.070981149     
   24905223.155381568     
   25033845.375617769     
   25155143.771019407     
   25220581.224607691     
   25106889.126415398     
   25042391.453604750     
   25240886.323076747     
   25214135.126017272     
   24980137.954338368     
   24997638.011029981     
   24856952.842641965     
   25049753.685441095     
   25042631.752327226     
   25015959.826828662     
   25089806.845594186     
   25046581.338632088     
   25087174.613882978     
   25120915.497385863     
   25036777.249272369     
   25074328.257556487     
   25154934.551062513     
   25063606.238546211     
   25143229.635876615     
   25007607.076296188     
   25036690.838062633     
   25084854.102959182     
   25015866.792148724     
   25177378.512797128     
   25019361.654930152     
   25063217.005778138     
   24991907.680029463     
   25087592.359804660     
   25085335.183556452     
   25060662.029329810     
   25043435.868297119     
   24983371.192012906     
   25102068.708637852     
   24936884.160785776     
   24979594.956663217     
   24999060.465597730     
   25052281.079043005     
   25031214.026071601     
   25015939.386799961     
   25103061.847330641     
   25137351.372312479     
   25070500.416979354     
   25251513.610971592     
   25099938.759744726     
   24903916.050324623     
   25132814.125302706     
   25177437.660118248     
   25132235.542920362     
   25155309.503953129     
   25135573.233557347     
   25217589.611945994     
   24915411.305520635     
   25122343.290182963     
   24964724.276762109     
   25141265.521038271     
   25016995.285070121     
   25118250.121495880     
   25108358.087786715     
   25026863.407962382     
   25159953.707218479     
   24981388.982650198     
   26632243.507045869     
   26927768.316071980     
   26532658.448862448     
   26539744.063523885     
   26627255.706382003     
   26669122.887215663     
   26588081.848260313     
   26580641.699067809     
   26533203.522157218     
   26846461.197359633     
   26813880.919972770     
   26648726.210874371     
   26629293.994256310     
   26557681.782827120     
   26542333.281580560     
   26768972.799804613     
   26675533.789193593     
   26622006.209971435     
   26643445.173817396     
   26636711.501718577     
   26764951.777092475     
   26660523.096330177     
   26608805.035834268     
   26695083.236586571     
   26642396.271105405     
   26546482.404245369     
   26634306.448127430     
   26737709.324709091     
   26705446.102869198     
   26712145.264932271     
   26637977.124829728     
   26537482.338785559     
   26695681.932341453     
   26700922.370369196     
   26610691.204457760     
   26502735.308657330     
   26760727.722313542     
   26669831.131289501     
   26520587.513590325     
   26473876.320170972     
   26499050.233632345     
   26588191.778527308     
   26747369.475355193     
   26660499.151904508     
   26709211.496590007     
   26517583.844897974     
   26593743.113928985     
   26630474.193167172     
   26717889.718004838     
   26665029.039145701     
   26599977.646369770     
   26583556.673338026     
   26707310.662035752     
   26704185.101071265     
   28348094.113621395     
   26527654.210576806     
   26608475.521899629     
   26573510.306215446     
   26492108.287948702     
   26751755.402056489     
   26619572.277912457     
   26711124.507892516     
   26564549.557400607     
   26539539.544521593     
   26723186.616314325     
   26768679.138110008     
   28271270.030028734     
   26645993.147519417     
   26625020.340763599     
   26657416.520391047     
   26643372.606137019     
   26548176.322222140     
   26727279.571409982     
   26647675.149385910     
   26698696.337272435     
   26687842.509352647     
   26599082.191334687     
   26710746.612481311     
   26594936.203350917     
   26472070.987675756     
   26637166.430532426     
   26786790.655761603     
   26554146.289010927     
   26596794.613324303     
   26602203.374188546     
   26561118.154386859     
   26661563.974828340     
   26471747.947613642     
   26552561.673365362     
   26592105.833243817     
   26554270.064199258     
   26576634.862530932     
   26601091.797105990     
   26563119.039701350     
   26617543.981838290     
   26541085.048165381     
   26668893.844133493     
   26705268.412377499     
   26659060.274295393     
   26893104.349678479     
   26690227.607956003     
   26768493.024606586     
   26631695.701055802     
   26690757.488498703     
   26629608.046682879     
   25866773.621891487     
   26709123.540446881     
   26814325.156545009     
   26753791.713599999     
   26799611.429256853     
   26520284.869648047     
   26728185.685789388     
   26726342.542503152     
   26573927.921021454     
   26797459.362515107     
   26679465.673592247     
   26733649.254263647     
   26593849.255225703     
   26622203.846697643     
   26703837.145842981     
   26724592.461241320     
   26567466.531690076     
   26592009.934948996     
   26663346.374392044     
   26580039.520035084     
   26587210.051202495     
   26569465.704739172     
   26649088.679331973     
   26546770.892469898     
   26535230.096836362     
   26725312.980295844     
   26701965.061750304     
   26603195.831034441     
   26584921.290906653     
   26660344.967718285     
   26528381.354282137     
   26636035.739396524     
   28247537.250757586     
   28368349.998126693     
   28192697.605219971     
   26631063.304444727     
   26661260.053708527     
   26672258.884115282     
   26710371.178310566     
   26646870.152184732     
   26753326.590373598     
   26778618.455617495     
   26504477.441479728     
   26632955.390393838     
   26572322.692969125     
   26806798.231485520     
   26579504.542333029     
   26599038.012514234     
   26681191.805853289     
   26697148.630158652     
   26723174.354538731     
   26708153.158504076     
   26639882.392542101     
   26678271.407042596     
   26883106.265511248     
   26793667.281731226     
   26668701.841935389     
   26566125.515566450     
   26739402.407246903     
   26706545.694205016     
   28276160.938323367     
   26778890.399316087     
   26707693.891435258     
   26642151.159014530     
   26703098.754972395     
   26782252.359970529     
   26576802.224119730     
   26823126.014506109     
   26756017.874785949     
   26786804.162276682     
   26732249.894045942     
   26721991.391400363     
   26699360.743671518     
   26730050.277747288     
   26767794.088031001     
   26885343.747728016     
   26675983.796294458     
   26591359.177892357     
   26668836.927600242     
   26757437.179770987     
   26585428.628894206     
   26585398.228688758     
   26664777.756361417     
   26664776.316768177     
   26664787.178520244     
   26726062.102752373     
   26726060.498718187     
   26726056.743344311     
   26640559.788745157     
   26640569.074928980     
   26640542.489623960     
   26684547.620100033     
   26684530.721351087     
   26684579.094259318     
   26645764.525482729     
   26645756.437444042     
   26553163.582149658     
   26553234.598324936     
   26688746.710486837     
   26688761.124196842     
   26884859.591693509     
   26884737.146275952     
   26978089.545277640     
   26978100.658293374     
   26736372.807003226     
   26736362.228696369     
   26623624.421658188     
   26623623.087891221     
   26644088.776410256     
   26644010.476814169     
   26616756.563433163     
   26616764.641852938     
   26827361.444640789     
   26827357.545773260     
   26629602.656903811     
   26629570.973906152     
   26827049.194966257     
   26827043.846765950     
   26701493.254895143     
   26701478.064787034     
   26832563.479262821     
   26832556.385806438     
   26832496.101594776     
   26866294.898752991     
   26866294.268440530     
   26730863.928159159     
   26730855.408421017     
   26805165.312031720     
   26614439.885911774     
   26614389.876675479     
   26631298.413369603     
   26631287.717375945     
   26744431.659384262     
   26697498.370132267     
   26697448.091787212     
   26576591.040375933     
   26576577.445196670     
   26793312.221986275     
   26602233.618678637     
   26602248.396964520     
   26579010.428682175     
   26578991.723733440     
   26719904.220438976     
   26587007.202781666     
   26587012.077793553     
   26685664.224892188     
   26685654.199842479     
   26731174.667119540     
   26731204.167726468     
   26783316.550918620     
   26783297.472177140     
   26690522.830397971     
   26663906.759703729     
   26663880.116828863     
   26663846.239582263     
   26735284.065786108     
   26735278.576745149     
   26481521.023951743     
   26765916.957963880     
   26765900.988270883     
   26563209.668662619     
   26563234.796684030     
   26821121.275974296     
   26607548.704154156     
   26607572.081588618     
   26652029.477393571     
   26651991.102914389     
   26716319.009212591     
   26716343.480003092     
   26655496.970619764     
   26655476.272233114     
   26761818.999473043     
   26541284.006882839     
   26541291.980356365     
   26548427.578148466     
   26684304.677883197     
   26684280.913469426     
   26705949.730666414     
   26705957.438093495     
   26695777.084557332     
   26659347.559991315     
   26659348.396041013     
   26674851.589918055     
   26674836.820069000     
   26689991.437343322     
   26524953.033852454     
   26524978.624485955     
   26610568.858142801     
   26610586.670249168     
   26625240.462911546     
   26529313.601033602     
   26529312.960894085     
   26614393.965429563     
   26614417.145109802     
   26799818.282798979     
   26705020.988010932     
   26705071.306412764     
   26651499.924940050     
   26651472.732668132     
   26690260.792023961     
   26667354.765934560     
   26873138.517362643     
   26766729.146000270     
   26645774.180943757     
   26645750.545921247     
   26689516.932542399     
   26689515.326928429     
   26575206.876615994     
   26593973.702913418     
   26594017.762685303     
   26708544.198372193     
   26770346.246046942     
   26770355.020135973     
   26649458.869810831     
   26649446.209677342     
   26603094.455042757     
   26603098.851758745     
   26740247.300904892     
   26740203.021724947     
   26593674.095018126     
   26593624.797819190     
   26732427.248477537     
   26756472.166396365     
   26756441.688772891     
   26870629.804371715     
   26870595.894276511     
   26742804.419750933     
   26742740.964993630     
   26701610.450252965     
   26658209.985775750     
   26658159.519503813     
   26695260.407573409     
   26695232.302022558     
   26551356.390881427     
   26551385.809502508     
   26803114.081022039     
   26803084.855131414     
   26803064.956157442     
   26727270.008586600     
   26727249.855081458     
   26519506.335010085     
   26519518.567601949     
   26722086.163200799     
   26730705.431772530     
   26730727.593116224     
   26682150.597889297     
   26691911.613717198     
   26691891.904053483     
   26520790.542278267     
   26726057.027842473     
   26726009.423166234     
   26687422.287957821     
   26687451.080492705     
   26521416.363970809     
   26521422.352476984     
   26579937.664728012     
   26616375.283460837     
   26541118.943432450     
   26541157.133178234     
   26639808.722369641     
   26639852.933043286     
   26658134.849832911     
   26658138.485666998     
   26724952.137518249     
   26724961.497447263     
   26705648.673120882     
   26705605.781330250     
   26619184.850840777     
   26619188.567912865     
   26808093.872543667     
   26808080.043064672     
   26699700.843560640     
   26699653.241170321     
   26510970.318454292     
   26637248.405554786     
   26637271.496664707     
   26643186.036607727     
   26643155.959033459     
   26658131.032181185     
   26658151.852876816     
   26665856.688462131     
   26594281.417090479     
   26594266.157062270     
   26586346.037477225     
   26727930.326590970     
   26727899.700114958     
   26654199.544252012     
   26654219.391525287     
   26707502.956906751     
   26707483.250009421     
   26574190.901878022     
   26574201.196842372     
   26669626.886008590     
   26669629.183697924     
   26632163.937358793     
   26632128.317088682     
   26630937.231954016     
   26645561.596686456     
   26645584.614625961     
   26595251.055703383     
   26595237.787916463     
   26532023.132747944     
   26532040.024694458     
   26794380.844926167     
   26703228.763404801     
   26703207.296730548     
   26668844.684350524     
   26668816.522209335     
   26666510.471876800     
   26666522.860386163     
   26772170.465270933     
   26772128.828620430     
   26678154.786066204     
   26678107.185559597     
   26610220.708186511     
   26695307.091048338     
   26695284.066024344     
   26526709.365825046     
   26526751.829323106     
   26583730.600798883     
   26583740.500420500     
   26685640.443691410     
   26685667.756710622     
   26714836.222956330     
   26714856.619871385     
   26715113.457673989     
   26715063.588631418     
   26730917.810991634     
   26730883.636192463     
   28252144.087378506     
   28455835.382663589     
   28455787.070421424     
   28114970.801460404     
   28201944.513712250     
   28201815.568245098     
   28327944.927671906     
   28327896.005357161     
   28509302.453837987     
   28459376.009933747     
   28459383.520537347     
   28279351.524360605     
   28279349.171845149     
   28191210.708643883     
   28191225.849087436     
   28078006.358552113     
   28317086.798459288     
   28317048.543763876     
   28364879.436413907     
   28364847.953968335     
   28222190.806198046     
   28215526.981933225     
   28215525.812164344     
   28282508.048661023     
   28282548.287745405     
   28282549.199330721     
   28252036.343150627     
   28222760.335000247     
   28222764.143187020     
   28338403.218074821     
   28338368.780579958     
   28323923.446818661     
   28323917.405245531     
   28233439.787611909     
   28233455.077881631     
   28406198.094050735     
   28394589.276757866     
   28394552.646487080     
   28288320.752125852     
   28288340.435227841     
   28435177.202831298     
   28435889.169935465     
   28435885.670218602     
   28372229.367308728     
   28372162.350876518     
   28311622.020530209     
   28279667.160801623     
   28279660.600715086     
   28249532.426155712     
   28249539.200777061     
   28251904.474052154     
   28251912.267879032     
   28180712.543788485     
   28180713.487470236     
   28323681.158300631     
   28323679.462320123     
   28316752.865070440     
   28316746.589618865     
   28388058.783538003     
   28388055.251295809     
   28171396.002110623     
   28341191.698357835     
   28341132.170122586     
   28299873.748868614     
   28299870.767798603     
   28387627.721344385     
   28387604.247936100     
   28452478.693769842     
   28452430.541952416     
   28214344.860532951     
   28152198.820103228     
   28152169.525086343     
   28465974.528984882     
   28465944.264186781     
   28366360.939159621     
   28279769.710688654     
   28279754.505184028     
   28284007.709660634     
   28284006.317872059     
   28300925.186377332     
   28300890.482313830     
   28388770.992810935     
   28388783.839658383     
   28236616.011056442     
   28348493.523490287     
   28348533.459741645     
   28130301.382084478     
   28130276.545252673     
   28409790.739191260     
   28409739.305091329     
   28254216.583823975     
   28254181.208790887     
   28224933.696251802     
   28323669.040316891     
   28323651.970355492     
   28288662.909678541     
   28288677.951273073     
   28375720.181859959     
   28375707.287336048     
   28322334.401424680     
   28322348.162132550     
   28251694.902970240     
   28251731.372113906     
   28248232.879551686     
   28248222.674036134     
   28480531.431565013     
   28480558.463053718     
   28134794.482706454     
   28300481.638525866     
   28300485.948922202     
   28419665.252860293     
   28419656.999237970     
   28384464.265997272     
   28384428.716929253     
   28196391.852601759     
   28196366.612021118     
   28260782.460503981     
   28118366.011451259     
   28118334.613832597     
   28409415.180021968     
   28334025.398021664     
   28334010.230687194     
   28288998.437911242     
   28256174.477827843     
   28202095.872195456     
   28202127.977816507     
   28505345.286194801     
   28505288.825851567     
   28219591.984200060     
   28219548.826141469     
   28414958.389898211     
   28288597.930789508     
   28288588.811859027     
   28290325.450750131     
   28290303.061289545     
   28167277.089783546     
   28167232.798932254     
   28205308.111884158     
   28151520.237141009     
   28151481.971022151     
   28418961.350136798     
   28418873.297888428     
   28300336.558103867     
   28300374.425579827     
   28381762.752297819     
   28381767.003704354     
   28215507.075892761     
   28225109.668782629     
   28225122.314787906     
   28242684.512676701     
   28242688.364578236     
   28302213.858963966     
   28302218.702005155     
   28263105.182226125     
   28263133.909387689     
   28218808.810275465     
   28218805.796039864     
   28362465.684531860     
   28362438.316808794     
   28445649.658556208     
   28374357.781121522     
   28374357.817780279     
   28238631.794553287     
   28288099.184834588     
   28288107.962285195     
   28288091.194850001     
   28283295.632887475     
   28283310.342677727     
   28332841.498292770     
   28530206.288479153     
   28530145.531677913     
   28416675.377538409     
   28416667.239326511     
   28350652.595928933     
   28350673.478821453     
   28333187.198432878     
   28247965.829925671     
   28247985.840943675     
   28247990.382109318     
   28303423.461183619     
   28349225.511083748     
   28349224.365642678     
   28240435.210388809     
   28407364.425306141     
   28407326.635431182     
   28183576.205369528     
   28183585.416244913     
   28331572.318274427     
   28311485.040871046     
   28311483.337782923     
   28365447.904831868     
   28365414.625796057     
   28165052.112354290     
   28165052.158877973     
   28297328.047205850     
   28335634.857066542     
   28335593.226458717     
   28273535.639847409     
   28273521.641741958     
   28330516.516805936     
   28330539.024002120     
   28353766.037953682     
   28178352.371449202     
   28178375.697439939     
   28173485.547285676     
   28382503.765335094     
   28382435.043938465     
   28376461.732380543     
   28376453.039537568     
   28247451.970891379     
   28247448.626287028     
   28304342.827497423     
   28304326.505648095     
   28172129.384245850     
   28172103.437251393     
   28250984.582147341     
   28254301.337731533     
   28254265.647411920     
   28273931.937585946     
   28273958.758924354     
   28360055.377068117     
   28250980.596866056     
   28251005.684081424     
   28211541.542074647     
   28211528.855758432     
   28281706.213165905     
   28354656.286363412     
   28354616.551643413     
   28496620.820544451     
   28496618.647913173     
   28232768.332129784     
   28232746.659437925     
   28205587.218287490     
   28205596.402240720     
   28384755.258683030     
   28389350.962202504     
   28389323.473780096     
   28389351.258860447     
   28389343.594470851     
   28348944.156524271     
   28348945.663452648     
   28279282.045728039     
   28279304.903463561     
   28295520.525453098     
   28232341.670810036     
   28232323.817919627     
   28288786.757337842     
   28288756.367892727     
   28482431.478624832     
   28482417.734827269     
   28296645.694792479     
   28408196.255038202     
   28408158.036288638     
   28467474.242891390     
   28467406.941188548     
   28295306.291851856     
   28310876.529046215     
   28310858.641013924     
   28385130.721441999     
   28385096.010378886     
   28429068.306396130     
   28429032.259910598     
   28341013.029834442     
   28340993.848901153     
   28356855.007330209     
   28356830.413061537     
   28323138.833297558     
   28323131.957768947     
   28258463.477931798     
   28299285.943507385     
   28299255.370258596     
   28340817.684484057     
   28340816.663020540     
   28364926.659445703     
   28364902.450192273     
   28293655.685210176     
   28295594.131125096     
   28295559.961757336     
   28339354.818865079     
   28339339.504032604     
   28293226.881805349     
   28293218.078835938     
   28177224.397311259     
   28340656.227909300     
   28340621.741714772     
   28398171.716126535     
   28398150.842898253     
   28434444.819601789     
   28434479.024277709     
   28385726.207173001     
   28385734.977798350     
   28308941.120305844     
   28416727.884279024     
   28452115.060076434     
   28452098.698999595     
   28178052.957255751     
   28177843.354224119     
   28452513.653693862     
   28299855.643506333     
   28299843.258334514     
   28289970.064837929     
   28289988.202911761     
   28309365.842286330     
   28302760.363151263     
   28302774.389920384     
   28379015.378718268     
   28378947.173102532     
   28347176.076438200     
   28347104.511643682     
   28308829.929555204     
   28105820.199264139     
   28105864.180454463     
   28135614.884777896     
   28309044.559423886     
   28309034.074147664     
   28335699.448456950     
   28335683.741379399     
   28188370.984619487     
   28188374.032937881     
   28173797.421421040     
   28254564.049044229     
   28254578.202007208     
   28303466.149681859     
   28303460.808861438     
   28270488.729269974     
   28310999.783056233     
   28310980.566303670     
   28201687.767777070     
   28201686.802061927     
   28320338.572618321     
   28222372.704543814     
   28217792.309084345     
   28217824.040151134     
   28235986.255157109     
   28235973.898650561     
   28238099.299474839     
   28326671.646487106     
   28326700.798250038     
   28384162.053944189     
   28384104.667574842     
   28351361.990653772     
   28380570.051380444     
   28380572.013725743     
   28220526.894971173     
   28220458.260568518     
   28351069.370231465     
   28184465.202273469     
   28184478.901576336     
   28339364.593652770     
   28339326.956994891     
   28158033.501188751     
   28179508.731960118     
   28470404.622532360     
   28512169.901881743     
   28292248.175579228     
   28469668.843095291     
   28272035.054475527     
   28239525.176431876     
   28308906.441061560     
   28355265.781278238     
   28342761.762780942     
   28490101.497673512     
   28359981.880870268     
   28198027.791310627     
   28222221.412558924     
   28253071.105235063     
   28334822.491282504     
   28297604.334255498     
   28311454.721633650     
   28272273.030711297     
   28323163.791445684     
   28398007.729925852     
   28234541.420419473     
   28222389.749784853     
   28530400.573988356     
   28190643.915081087     
   28326334.304240193     
   28332090.162043191     
   28558025.445600696     
   28299659.804470446     
   28451528.697056588     
   28365885.200504515     
   28369772.797588423     
   28178950.776890542     
   28241497.228877928     
   28370434.522121456     
   28329788.740123980     
   28376940.220908049     
   28188344.501199089     
   28309167.241076946     
   28211879.200959314     
   28446280.935072541     
   28343870.159422796     
   28290749.979192473     
   30085409.479264900     
   28378194.664834548     
   28286418.893962298     
   28149472.690199766     
   28254865.485244732     
   28368482.937321801     
   28237575.053573329     
   28395525.642153937     
   28354965.136748537     
   28309250.874525931     
   28324169.467642739     
   28279649.278283603     
   28346026.076397713     
   28352627.118623607     
   28256082.917405028     
   28470764.958412759     
   28338022.982994929     
   28379371.740724277     
   28320012.643553026     
   28400922.570696015     
   28335021.857554298     
   28361007.736301035     
   28288657.953313868     
   28330544.762502357     
   28326686.346190646     
   28246632.715798993     
   28234861.890950352     
   28506862.121870816     
   28264901.480898608     
   28214629.730092451     
   28313488.732937932     
   28367659.423285071     
   28477516.244020246     
   28268036.006096754     
   28468184.736271195     
   28431423.804701615     
   28303418.668853372     
   28407820.927549072     
   28333524.789831247     
   28256150.026692208     
   28265311.589068759     
   28224612.737737883     
   28327739.183021542     
   28353705.149334807     
   28140490.149785787     
   28190563.970126040     
   28325424.107318658     
   28467328.856911343     
   28450159.464043405     
   28258878.630218185     
   28437869.830753200     
   28239511.723714534     
   28355128.831332672     
   28490243.441934209     
   28289815.850024730     
   28338593.778176140     
   28467546.719485145     
   28549380.201804034     
   28298255.953634795     
   28460383.455277469     
   28267202.015072409     
   28350048.195813544     
   28266851.501472209     
   28261530.813446548     
   28486663.110138346     
   28289572.041481201     
   28309441.059982080     
   28302253.385667924     
   28395174.863287974     
   28296160.909702476     
   28395209.586889219     
   28522001.918998346     
   28571142.718099572     
   28252362.447205860     
   28303554.153803602     
   28394737.057222035     
   28304826.176641237     
   28289597.831280030     
   28460172.886264849     
   28348198.458386034     
   28307655.541792911     
   28519047.732134867     
   28175756.703404155     
   28374244.413104765     
   30004883.249478910     
   29805599.861461781     
   28253120.030871078     
   28228126.131414354     
   28320404.546076387     
   28406478.076137483     
   28319116.926494244     
   28430181.763265695     
   28365280.939372830     
   28541174.047019478     
   28417660.539772596     
   30065173.947800700     
   30201563.736470979     
   29899617.729958914     
   30067243.238795243     
   28306322.597426523     
   28332120.120377969     
   28287289.788163990     
   28359001.361371960     
   28235658.365276329     
   28500192.936239120     
   28323990.713608388     
   28297657.861094750     
   28347342.480746236     
   28273524.486957852     
   28246007.219174068     
   28310910.617860015     
   28353207.361667711     
   28212397.224869907     
   28331045.989805721     
   28328632.866449539     
   28320730.133190218     
   28273660.484270338     
   28233394.462800808     
   28200590.496683504     
   28238731.229980726     
   28310813.391486865     
   28458464.079477981     
   28383893.219214790     
   28365890.103413746     
   28208299.178699225     
   28271907.559488691     
   28221743.072699901     
   28603267.579765584     
   28328075.120401639     
   28454477.036041617     
   28402017.963497441     
   28271806.851507023     
   28239491.467345797     
   28470379.591219988     
   28215886.986836269     
   28249236.674420454     
   28246027.854413018     
   28242813.802570261     
   28330674.663651843     
   28373066.857555352     
   28205584.659273192     
   28430868.429119010     
   28327592.474853586     
   28519258.587825920     
   28322687.924363468     
   28252667.639630739     
   28393927.484685484     
   28405787.628098864     
   28177980.304763898     
   28317281.501047939     
   28205003.293295704     
   28221396.479171164     
   28326670.408279579     
   28376672.978205483     
   28207533.118546057     
   28203939.408284172     
   28289473.019380569     
   28186756.374810688     
   28206087.327798113     
   28344167.239807282     
   28185997.069805585     
   28309161.741505891     
   28322982.461490501     
   28344902.979671940     
   28094081.713399831     
   28354245.150038693     
   28279688.577081926     
   28217289.577291887     
   28284751.202899508     
   28490636.441584762     
   28461145.514046535     
   28318167.375646524     
   28361791.335705739     
   28379535.060517237     
   28293014.617971707     
   28151301.348481890     
   28290928.704767995     
   28170284.439238563     
   28205131.149885941     
   28164430.537795819     
   28175501.192350902     
   28315492.430384468     
   28448118.841706138     
   28357479.062952194     
   28203094.017297298     
   29874225.823805392     
   30090005.966565195     
   28440927.845270108     
   28222738.779562224     
   28415212.063592065     
   28348795.328208540     
   28125547.199306749     
   28315204.703661941     
   28219556.340564977     
   28393516.630320065     
   28256958.934347987     
   28284329.624056607     
   28399876.373607364     
   28308334.129216187     
   28189316.016321197     
   28363004.064887859     
   28257723.955706913     
   28377485.819560051     
   28347630.894799396     
   28405268.188935842     
   28373102.211451266     
   28271525.195289899     
   28457444.284622628     
   28284090.441520888     
   28214420.642000739     
   28346168.823825438     
   28288786.235665325     
   28536511.755299147     
   28266260.480214160     
   28440261.783417106     
   28481116.947942916     
   28306859.121938005     
   28323089.352390736     
   28319511.918606110     
   28636457.349861786     
   28413114.141645677     
   28385261.457020182     
   28337669.407531876     
   28448178.922870886     
   28217871.476783998     
   28329910.961710311     
   28284027.658122845     
   28306944.387928870     
   28365225.203349922     
   28380199.736331146     
   28428096.152013175     
   28275129.394748382     
   28265860.574615370     
   28325498.918287005     
   28194043.726408549     
   28322501.468922328     
   28492868.269511823     
   28230292.776894402     
   28515408.297919232     
   28412373.764667992     
   28452999.624054741     
   28392247.193546873     
   28319658.016629610     
   28246433.946624007     
   28313460.620225620     
   28259577.727887683     
   29908225.467153523     
   29963271.764687520     
   29972988.196080487     
   30075628.111983471     
   29999855.783439692     
   30019846.454032127     
   30102661.919738177     
   30074165.720756184     
   29962663.816132270     
   30033523.091053978     
   30079273.233108506     
   29994170.981356055     
   30040658.892034840     
   30316205.517856978     
   30129955.134213742     
   29919042.371107601     
   29940939.619577125     
   29913808.017999355     
   29960691.656225700     
   30037050.012813032     
   29992960.523733202     
   30049213.455829885     
   30097977.285570562     
   29783860.245834440     
   29946639.367027331     
   29928839.186563477     
   30067692.946473382     
   30216962.176582601     
   30316321.434922226     
   29934217.402371950     
   29877364.896993544     
   30005293.211103462     
   30054798.359253556     
   30186947.789866053     
   30044134.214531943     
   30156686.853670381     
   29948238.557933632     
   30122647.019617356     
   29874605.316792578     
   29998485.961856071     
   29901369.294639260     
   30154789.180838581     
   30005065.299042620     
   29924854.031901591     
   29899386.972406045     
   30100663.673685707     
   30284151.133245647     
   30177788.676167734     
   30058265.956250250     
   29988408.380121335     
   29960562.889431082     
   30082237.405748386     
   30238903.805142298     
   30044613.821174264     
   30053346.794255998     
   30157324.160492085     
   30210476.751702342     
   30145642.073269270     
   29855079.676184621     
   30098952.456948388     
   30039030.761027500     
   29945128.582702491     
   30101285.538854364     
   29981743.765738424     
   30156692.118933786     
   30007296.107739735     
   29970988.667526733     
   30108317.186383802     
   30025057.052857168     
   30103627.236247897     
   30025395.515184589     
   30126101.471208315     
   30159953.206863813     
   29980413.113162834     
   30028926.232164677     
   29969043.838849839     
   29983529.487234507     
   30202747.430293392     
   30097595.002719566     
   30089980.841922000     
   29940066.750109416     
   30021672.559913415     
   31741533.421184383     
   31664375.274177827     
   31871222.525263544     
   31526295.194323722     
   31782099.557383779     
   31841861.375446510     
   31774802.424070764     
   31855990.729773417     
   31653112.241542932     
   31659912.693345044     
   31767600.910500269     
   31607520.798901115     
   31688201.167759310     
   31758195.657546841     
   31672060.642888233     
   31733548.682888012     
   31768669.587031502     
   31711204.699491933     
   31646610.289543133     
   31647675.206565123     
   31578393.553122096     
   31801720.798065573     
   31829742.313414890     
   31717402.578696776     
   31779146.532636344     
   31794314.539750014     
   31799805.987209771     
   31766466.479865812     
   31784844.040042493     
   31835801.510939144     
   31762150.510240145     
   31716605.083173227     
   31651805.114114437     
   31960518.962529194     
   31693343.759950723     
   31698398.364963163     
   31645267.119944587     
   31708275.569936022     
   31773428.879751027     
   31743317.133301981     
   31736352.348057538     
   31917825.601903573     
   31690481.858599868     
   31744788.166345719     
   31914417.866403036     
   31881625.934114214     
   31866987.192691732     
   31797331.063945383     
   31686742.563152224     
   31930286.129490849     
   31720273.556653615     
   31727059.447665803     
   31736528.949554816     
   31805161.728335127     
   31615262.260360871     
   31808617.234021913     
   31792797.980708122     
   31923333.563123111     
   31810892.389103677     
   31982842.504276339     
   31862303.865922835     
   31722580.088028587     
   31663576.495989520     
   32092994.299363792     
   31793297.055913486     
   31800732.559032854     
   31816904.180043206     
   31702934.617589913     
   32153872.432706751     
   31683654.706162084     
   31775738.015874077     
   31889254.238157559     
   31720987.937114377     
   31759434.353326902     
   31785356.063867938     
   31748941.141084246     
   31819731.234758217     
   31622185.887415934     
   31703672.070719913     
   31866072.397545341     
   31680987.439770777     
   31798164.631447293     
   31780675.189732943     
   31743384.791272637     
   31854129.337666214     
   31811747.845350534     
   31910919.026493397     
   31625106.144606207     
   31753392.949434616     
   31909908.052498948     
   31667733.832623363     
   31689325.737111870     
   31664621.123888768     
   32132443.271292515     
   31638776.411481593     
   31793822.710825782     
   31661887.359189931     
   31781015.096565265     
   31727000.321683992     
   31789628.941829570     
   31681923.671633303     
   31832953.424544837     
   31700381.781862363     
   31716861.457535706     
   31782425.088279996     
   31843904.204683941     
   31711975.537513573     
   31711325.382583350     
   31661622.406003702     
   31943661.760268666     
   31706484.474210173     
   31701431.474233937     
   31850717.332288865     
   31982424.928210098     
   31818698.750871483     
   31692504.977220524     
   31754744.197627306     
   31890930.709109835     
   31630747.127053201     
   31839326.222468488     
   31677049.424258299     
   31767245.918714605     
   31703864.086952545     
   31714032.118032712     
   31587487.498086978     
   31803150.012552533     
   31892180.986002576     
   31720498.904784817     
   31689059.967630889     
   31844266.534849096     
   31810520.978814688     
   31682463.951232150     
   31632381.188930981     
   31819845.480261374     
   31879794.087148979     
   31634473.624962363     
   31766527.585308559     
   31721468.941846218     
   31932604.383258928     
   31735436.263096679     
   31729834.254671030     
   31571354.887107670     
   31648060.513124038     
   31755071.478652325     
   31595529.834627669     
   31853883.237779085     
