   1432150.8126900666     
   1570160.0154914854     
   1240482.1586352980     
   38284967.273403235     
   1616689.0997502636     
   1947521.4144505353     
   2268948.9216813357     
   1878743.1775142527     
   1783974.9404869296     
   1542741.0363514472     
   1627538.2126476539     
   1484855.0291875151     
   1854607.7230724050     
   1739762.8296802382     
   1221041.5103046638     
   1737064.7526974780     
   3544916.3470173562     
   1827633.7802158140     
   3001594.2452031723     
   1870731.0691768641     
   1696144.1338595548     
   1662005.0598406335     
   2054746.8659807579     
   1660849.7455759731     
   1488788.7508990411     
   1483244.3906528756     
   1791107.7642794775     
   1521702.1316509598     
   1552045.0511488384     
   1631938.6768067651     
   1700296.0705703145     
   2393614.1174325333     
   1334311.8166922841     
   1554797.9414460461     
   1778190.6521411762     
   1410946.4007454808     
   1642498.1381883044     
   1883301.7174208174     
   1260978.4281590411     
   1316621.8449441914     
   1519107.8363792771     
   1672816.5650487023     
   1783765.8696623219     
   1316989.9077846697     
   1313636.1451625915     
   1746428.2743138212     
   1536755.8862245826     
   1500299.0082021644     
   1444849.2994806026     
   1467795.9171113619     
   42910928.298215121     
   1301933.8371274369     
   2453518.4483277807     
   1445951.8477138411     
   1287041.9159312334     
   2290976.0557727427     
   1597693.0496271932     
   1573747.6968836626     
   1856154.2453610001     
   1600549.8122519976     
   1992586.1869488705     
   1600581.8127080102     
   1911774.5291443092     
   1428501.6376302671     
   1508993.9816605432     
   1773758.0403498176     
   1381990.9605774300     
   1390664.3257381264     
   1513545.4943598022     
   1644400.4338256903     
   1684852.9940711772     
   1625587.0798242448     
   1002062.6842902339     
   18686432.984508399     
   2984989.6091224914     
   1421678.1241620521     
   1188578.5886193116     
   1908971.9706557444     
   1670414.1934301399     
   1455549.4381693609     
   1609104.1947757353     
   1379905.1092675130     
   1326247.6882959649     
   1348697.3293573647     
   1581160.3453690107     
   1534354.3973909423     
   1369483.8033694844     
   1555334.3797803370     
   30709.872335707121     
   1375142.2009860845     
   1349764.7052128569     
   2104523.8122424227     
   1763499.6447914660     
   1425602.4754192831     
   2066878.9177662111     
   2258272.1383843711     
   2437132.8707812410     
   1977890.8388858128     
   1607654.8163288615     
   1940317.4659547529     
   3235192.3699545632     
   1791091.0186424572     
   1587055.4748256931     
   1459433.9783232280     
   1586503.8528872607     
   1462397.5779516411     
   1535783.5200806286     
   1632803.0996915000     
   1372382.3099843294     
   1638544.9079822996     
   1518557.5028277400     
   1606377.6329472896     
   1929383.9925681190     
   1886616.0022582714     
   1864932.5192426536     
   1543272.8503803252     
   1997488.5958263394     
   1730239.6161808136     
   1773196.4714640595     
   2824290.8052105345     
   1621733.4598722954     
   10659267.376713715     
   1473356.2817822061     
   1633307.0142874380     
   1938195.8383796616     
   1727001.8230095641     
   1486510.0197857858     
   1224587.5146759187     
   1349907.5625048028     
   1666699.8718382327     
   1689370.6772154740     
   1617714.4089324609     
   1830891.0301814466     
   1760822.2083150928     
   1238758.3961860691     
   1561241.6828408726     
   1900750.9149666682     
   1947962.5140626687     
   1327467.2290144074     
   1988486.4271985991     
   1320160.7338004268     
   1845721.3741403637     
   1567016.4901875430     
   2360292.6119014751     
   1376664.2656685705     
   1580239.0886066551     
   1513853.5128683650     
   2122669.8065574630     
   1590514.1451499150     
   1382175.7547524418     
