tried moves    experiment_1   _      experiment_2    _ coord. constraints_1 _ coord. constraints_2 _                                                                                                                                                                                                                                                                                                                                                                                                                            
        0    15752   0.215E+02   0.320E+04   0.163E+02   0.279E+04   0.000E+00   0.000E+00   0.000E+00   0.000E+00
  OPTIMIZATION STUFF
       15752  -17.712618806566542        2859.6495497659257     
   50.457038010362744       -68.169656816929290     
        0    12889   0.543E+01   0.190E+04   0.299E+01   0.139E+04   0.000E+00   0.000E+00   0.000E+00   0.000E+00
  OPTIMIZATION STUFF
       12889  -7.9523825740449681        2672.1785794009443     
   51.077766110089136       -59.030148684134105     
        0    10477   0.611E+01   0.164E+04   0.409E+01   0.118E+04   0.000E+00   0.000E+00   0.000E+00   0.000E+00
  OPTIMIZATION STUFF
       10477  -12.738238278934112        4363.0759516705784     
   64.813680941755464       -77.551919220689570     
        0    11268   0.363E+02   0.448E+04   0.270E+02   0.331E+04   0.000E+00   0.000E+00   0.000E+00   0.000E+00
  OPTIMIZATION STUFF
       11268  -27.203743139239087        12037.914900874093     
   106.29144490545039       -133.49518804468948     
        0    12775   0.160E+02   0.497E+04   0.823E+01   0.385E+04   0.000E+00   0.000E+00   0.000E+00   0.000E+00
  OPTIMIZATION STUFF
       12775  -38.569646340608152        29903.705608105705     
   168.57072103205266       -207.14036737266082     
        0    12016   0.119E+02   0.610E+04   0.399E+02   0.639E+04   0.000E+00   0.000E+00   0.000E+00   0.000E+00
  OPTIMIZATION STUFF
       12016  -75.975486091053455        88210.455730992238     
   287.12049951931397       -363.09598561036739     
        0    13490  -0.163E+02   0.895E+04   0.218E+01   0.950E+04   0.000E+00   0.000E+00   0.000E+00   0.000E+00
  OPTIMIZATION STUFF
       13490  -134.35655051166518        280237.69767602836     
   512.04102863992716       -646.39757915159237     
        0    16203   0.247E+02   0.161E+05   0.500E+02   0.228E+05   0.000E+00   0.000E+00   0.000E+00   0.000E+00
  OPTIMIZATION STUFF
       16203  -261.78956005479205        975092.28291539499     
   952.13366139513914       -1213.9232214499311     
        0    14566   0.520E+01   0.160E+05   0.218E+02   0.189E+05   0.000E+00   0.000E+00   0.000E+00   0.000E+00
  OPTIMIZATION STUFF
       14566  -453.89687998338263        2501572.8463381873     
   1515.1074115981144       -1969.0042915814970     
        0    18192  -0.341E+02   0.369E+05  -0.420E+02   0.574E+05   0.000E+00   0.000E+00   0.000E+00   0.000E+00
  OPTIMIZATION STUFF
       18192  -759.01150712162689        8839991.6238954905     
   2874.6987939525852       -3633.7103010742121     
        0    14277  -0.354E+02   0.302E+05  -0.624E+02   0.579E+05   0.000E+00   0.000E+00   0.000E+00   0.000E+00
  OPTIMIZATION STUFF
       14277  -384.31840936834226        3517094.2843115730     
   1835.5908162039166       -2219.9092255722589     
        0    12134  -0.193E+02   0.302E+04  -0.341E+02   0.634E+04   0.000E+00   0.000E+00   0.000E+00   0.000E+00
  OPTIMIZATION STUFF
       12134  -87.279186307661604        81960.378402789211     
   272.65861812945087       -359.93780443711250     
        0    13063   0.583E+01   0.147E+04   0.695E+01   0.240E+04   0.000E+00   0.000E+00   0.000E+00   0.000E+00
  OPTIMIZATION STUFF
       13063  -55.756239819621022        39712.852997881979     
   191.32196611748188       -247.07820593710289     
        0    13486  -0.427E+01   0.454E+04  -0.359E+01   0.722E+04   0.000E+00   0.000E+00   0.000E+00   0.000E+00
  OPTIMIZATION STUFF
       13486  -91.320472747518849        210075.41278270411     
   449.15029114971503       -540.47076389723384     
        0    14219  -0.503E+01   0.176E+04  -0.935E+01   0.324E+04   0.000E+00   0.000E+00   0.000E+00   0.000E+00
  OPTIMIZATION STUFF
       14219  -55.575613736930691        41902.275981113649     
   197.01174365726811       -252.58735739419882     
        0    18657  -0.247E+01   0.464E+03  -0.637E+01   0.101E+04   0.000E+00   0.000E+00   0.000E+00   0.000E+00
  OPTIMIZATION STUFF
       18657  -35.560155340074758        11936.652772210236     
   103.30599268387091       -138.86614802394567     
        0    16349   0.429E+00   0.458E+03   0.759E+00   0.901E+03   0.000E+00   0.000E+00   0.000E+00   0.000E+00
  OPTIMIZATION STUFF
       16349  -32.094734034073348        12533.497284651894     
   107.25402245106702       -139.34875648514037     
        0    17716  -0.418E+00   0.818E+03  -0.972E+00   0.176E+04   0.000E+00   0.000E+00   0.000E+00   0.000E+00
  OPTIMIZATION STUFF
       17716  -35.683815071044570        19709.732593235731     
   135.78069794787189       -171.46451301891645     
        0    19096  -0.156E-01   0.152E+04  -0.213E+00   0.320E+04   0.000E+00   0.000E+00   0.000E+00   0.000E+00
  OPTIMIZATION STUFF
       19096  -41.563773126135004        40234.163095215757     
   196.23102674840933       -237.79479987454434     
        0    18170   0.289E+00   0.433E+03   0.812E+00   0.829E+03   0.000E+00   0.000E+00   0.000E+00   0.000E+00
  OPTIMIZATION STUFF
       18170  -28.119613323209187        10802.355463687267     
   100.05819711668036       -128.17781043988956     
        0    16439  -0.121E+00   0.365E+03  -0.579E+00   0.785E+03   0.000E+00   0.000E+00   0.000E+00   0.000E+00
  OPTIMIZATION STUFF
       16439  -25.454914607800532        7448.6116842276761     
   82.466108229607030       -107.92102283740756     
        0    15653  -0.106E+01   0.761E+03  -0.233E+01   0.159E+04   0.000E+00   0.000E+00   0.000E+00   0.000E+00
  OPTIMIZATION STUFF
       15653  -28.332942636678730        13482.794932233843     
   112.60568055733474       -140.93862319401347     
        0    16075   0.757E+00   0.207E+03   0.185E+01   0.389E+03   0.000E+00   0.000E+00   0.000E+00   0.000E+00
  OPTIMIZATION STUFF
       16075  -24.466132831218751        6691.4621159719572     
   78.056841213676563       -102.52297404489531     
        0    15218  -0.425E+00   0.235E+03  -0.171E+01   0.554E+03   0.000E+00   0.000E+00   0.000E+00   0.000E+00
  OPTIMIZATION STUFF
       15218  -19.475247924185329        3382.6267960025675     
   54.802750973779432       -74.277998897964764     
        0    19606   0.586E-01   0.205E+03   0.394E+00   0.481E+03   0.000E+00   0.000E+00   0.000E+00   0.000E+00
  OPTIMIZATION STUFF
       19606  -19.409868631694120        3464.1446220817966     
   55.564391671124888       -74.974260302819005     
        0    18162  -0.329E+00   0.343E+03  -0.870E+00   0.807E+03   0.000E+00   0.000E+00   0.000E+00   0.000E+00
  OPTIMIZATION STUFF
       18162  -22.307992531370875        6131.5264934778106     
   75.059176405674151       -97.367168937045022     
        0    13469   0.664E+00   0.297E+03   0.182E+01   0.655E+03   0.000E+00   0.000E+00   0.000E+00   0.000E+00
  OPTIMIZATION STUFF
       13469  -21.546938393377008        5918.5548009697031     
   73.853126181914050       -95.400064575291054     
        0    14153   0.989E+00   0.122E+04   0.264E+01   0.271E+04   0.000E+00   0.000E+00   0.000E+00   0.000E+00
  OPTIMIZATION STUFF
       14153  -31.787953447037189        19936.582865193755     
   137.57219515891558       -169.36014860595276     
        0    17354  -0.147E+01   0.223E+03  -0.372E+01   0.503E+03   0.000E+00   0.000E+00   0.000E+00   0.000E+00
  OPTIMIZATION STUFF
       17354  -19.042626453104262        3517.7411374929266     
   56.170450552407537       -75.213077005511792     
        0    14679   0.125E+00   0.231E+03   0.440E+00   0.564E+03   0.000E+00   0.000E+00   0.000E+00   0.000E+00
  OPTIMIZATION STUFF
       14679  -19.666033988517125        3928.1278525443586     
   59.509452692045890       -79.175486680563012     
        0    10282   0.658E-01   0.287E+03  -0.897E-01   0.744E+03   0.000E+00   0.000E+00   0.000E+00   0.000E+00
  OPTIMIZATION STUFF
       10282  -19.465442839857893        3330.5230873264409     
   54.328810242583685       -73.794253082441571     
        0     6663   0.183E+01   0.264E+03   0.556E+01   0.685E+03   0.000E+00   0.000E+00   0.000E+00   0.000E+00
  OPTIMIZATION STUFF
        6663  -18.548382873826974        4167.7091832420947     
   61.835804159144054       -80.384187032971028     
        0    10603   0.258E+00   0.214E+03   0.155E+00   0.411E+03   0.000E+00   0.000E+00   0.000E+00   0.000E+00
  OPTIMIZATION STUFF
       10603  -24.283935859341000        6377.0903506870973     
   76.074836903318499       -100.35877276265950     
        0    12515  -0.106E+01   0.277E+03  -0.255E+01   0.624E+03   0.000E+00   0.000E+00   0.000E+00   0.000E+00
  OPTIMIZATION STUFF
       12515  -21.534146830175509        5098.5212554275431     
   68.079378491023149       -89.613525321198665     
        0    16389  -0.237E+00   0.169E+04  -0.920E+00   0.406E+04   0.000E+00   0.000E+00   0.000E+00   0.000E+00
  OPTIMIZATION STUFF
       16389  -32.216577978961155        24624.219160684032     
   153.57835545417703       -185.79493343313817     
        0    13776   0.674E-01   0.284E+03   0.360E+00   0.685E+03   0.000E+00   0.000E+00   0.000E+00   0.000E+00
  OPTIMIZATION STUFF
       13776  -20.175387518796125        4888.0017018911030     
   66.939939052538051       -87.115326571334180     
        0    12374  -0.123E+00   0.316E+03  -0.512E+00   0.780E+03   0.000E+00   0.000E+00   0.000E+00   0.000E+00
  OPTIMIZATION STUFF
       12374  -17.895476670302006        2999.4331199615322     
   51.760844609648792       -69.656321279950802     
        0    16630  -0.143E+00   0.193E+03  -0.456E+00   0.442E+03   0.000E+00   0.000E+00   0.000E+00   0.000E+00
  OPTIMIZATION STUFF
       16630  -16.780088809128607        2433.0035989918524     
   46.383533916138916       -63.163622725267523     
        0    15198   0.174E+00   0.132E+03   0.742E+00   0.294E+03   0.000E+00   0.000E+00   0.000E+00   0.000E+00
  OPTIMIZATION STUFF
       15198  -16.014321151776237        2183.2911734673535     
   43.895702426491887       -59.910023578268124     
        0    14912   0.958E+00   0.147E+03   0.269E+01   0.302E+03   0.000E+00   0.000E+00   0.000E+00   0.000E+00
  OPTIMIZATION STUFF
       14912  -17.998645511173134        3375.3454870050905     
   55.239426560819922       -73.238072071993059     
        0    16117  -0.358E+00   0.190E+03  -0.141E+01   0.425E+03   0.000E+00   0.000E+00   0.000E+00   0.000E+00
  OPTIMIZATION STUFF
       16117  -19.996034416929604        4062.3467884525940     
   60.518636766285148       -80.514671183214745     
        0    14132  -0.565E+00   0.221E+03  -0.128E+01   0.504E+03   0.000E+00   0.000E+00   0.000E+00   0.000E+00
  OPTIMIZATION STUFF
       14132  -20.051007145432273        4167.9063298950605     
   61.366631342683981       -81.417638488116253     
        0    14120   0.517E-01   0.202E+03   0.281E+00   0.444E+03   0.000E+00   0.000E+00   0.000E+00   0.000E+00
  OPTIMIZATION STUFF
       14120  -19.083774618077857        3913.6604163907718     
   59.577428298955461       -78.661202917033322     
        0    12701  -0.209E+00   0.137E+03  -0.785E+00   0.277E+03   0.000E+00   0.000E+00   0.000E+00   0.000E+00
  OPTIMIZATION STUFF
       12701  -17.881374583756493        2866.3125012319883     
   50.463540742078095       -68.344915325834592     
        0    14409  -0.252E+00   0.130E+03  -0.975E+00   0.306E+03   0.000E+00   0.000E+00   0.000E+00   0.000E+00
  OPTIMIZATION STUFF
       14409  -17.001476595781700        2518.7608375754262     
   47.219811849884721       -64.221288445666417     
        0    15842   0.102E+01   0.341E+03   0.324E+01   0.888E+03   0.000E+00   0.000E+00   0.000E+00   0.000E+00
  OPTIMIZATION STUFF
       15842  -19.593213860787909        3974.3302034747535     
   59.920248448084578       -79.513462308872491     
        0    17336  -0.554E+00   0.210E+03  -0.148E+01   0.468E+03   0.000E+00   0.000E+00   0.000E+00   0.000E+00
  OPTIMIZATION STUFF
       17336  -20.570748471787972        4378.2037696863599     
   62.889172971162473       -83.459921442950446     
        0    13719  -0.385E+00   0.258E+03  -0.118E+01   0.703E+03   0.000E+00   0.000E+00   0.000E+00   0.000E+00
  OPTIMIZATION STUFF
       13719  -17.838627004585277        2976.0792507838601     
   51.554462826947784       -69.393089831533061     
        0    16163   0.722E+00   0.165E+03   0.190E+01   0.339E+03   0.000E+00   0.000E+00   0.000E+00   0.000E+00
  OPTIMIZATION STUFF
       16163  -20.054386787032158        4215.7016411951390     
   61.753730347172137       -81.808117134204295     
        0    15724  -0.487E-01   0.134E+03   0.617E-01   0.281E+03   0.000E+00   0.000E+00   0.000E+00   0.000E+00
  OPTIMIZATION STUFF
       15724  -17.580273167061357        3017.5413349722212     
   52.043014231919003       -69.623287398980352     
