   608487.50193830009     
   716931.98881837656     
   823902.22293210216     
   1537766.5487993632     
   1847242.9121725620     
   2469619.7209138321     
   2279054.8428199231     
   3488346.8497851305     
   3881328.0839342340     
   2497822.4385349443     
   1101165.2795760315     
   452598.31690570596     
   619912.54417032655     
   513872.84476871829     
   309386.62486818957     
   144671.29250715108     
   164092.74861424632     
   139336.32287708815     
   135080.05866477013     
   155082.53108883448     
   143565.08784732173     
   90508.317083013084     
   132432.82922603207     
   99957.904789773384     
   108874.92949136799     
   87093.749076528824     
   120495.31212926540     
   171999.09370860035     
   82021.687526664464     
   90313.515743158612     
   90049.738199685002     
   139237.87080371956     
   143648.52954975900     
   98480.067975994432     
   79535.509422551841     
   85403.504681298728     
   77550.836853330125     
   67604.272034004156     
   81511.007255909644     
   135903.48579966382     
   107438.31191838761     
   81369.109661470138     
   86055.089267220566     
   73459.226174925832     
   55759.984237843157     
   123154.52187785585     
   87872.642401110279     
   66398.274188596872     
   108766.20802505058     
   108908.47225735335     
