   107387240.74962114     
   74022153.070685238     
   53716361.731643908     
   47482432.047351800     
   44147059.780386485     
   41944531.195717350     
   32121453.447496407     
   32234297.143650424     
   35432475.396801516     
   35621884.486098960     
   33755731.418727547     
   31929518.128138427     
   30083355.309331916     
   30623943.319810342     
   29645166.426395364     
   34314808.490697660     
   30648160.051023070     
   30472388.188462771     
   29809253.981199902     
   28723532.262327805     
   24338659.721392736     
   29307578.947323084     
   27678684.070324153     
   29174967.983985178     
   30003684.504159089     
   30883053.993577786     
   30362468.391917512     
   26530959.927829772     
   30029540.649998866     
   29149088.791270588     
   34119776.121823810     
   27610371.613506772     
   28019017.094317071     
   27013466.360010948     
   26817641.054489013     
   32459899.618217621     
   32653113.819998566     
   27203486.677705497     
   33300176.951386184     
   25667782.639778968     
   32064347.742923170     
   26986565.076066941     
   34486363.762643002     
   32299596.525287818     
   32955995.807308856     
   25438856.102223121     
   25942873.661302596     
   32676882.751039051     
   28940208.908129457     
   22557657.817841295     
   27051908.191339511     
   30500057.172858629     
   26798788.017284200     
   30411309.088037394     
   33948723.882025048     
   33856332.398365848     
   31619908.757538561     
   34833851.292795390     
   31239862.216127448     
   40604353.063469484     
   29069411.465223119     
   30764212.225138884     
   28810030.113027871     
   32685381.276141137     
   27892013.174019698     
   28861796.585819267     
   30034463.404344697     
   28487551.079729371     
   28359197.776829399     
   31801069.659020480     
   28106729.569855668     
   27951862.672912523     
   27912693.846692633     
   24969512.183495704     
   28122283.022977266     
   30525656.138031002     
   27161198.662234161     
   22779925.735297684     
   31744448.664649840     
   32488907.709798779     
   35359494.377059631     
   26535216.242503509     
   31317840.946294613     
   28973396.833513960     
   37167004.024592817     
   31266056.741779875     
   31104881.636575501     
   29268924.008978039     
   27529168.894513715     
   28420435.655713122     
   33420109.111812852     
   27617600.745489687     
   29960802.408052150     
   30985599.069657844     
   24525465.441903006     
   29946045.813124709     
   35280673.805178672     
   25979128.394672263     
   35168719.049222641     
   32234596.356188484     
   31932627.621451173     
   27408698.095768038     
   34845590.481202267     
   33694943.820406914     
   31313944.842271615     
   29287594.789627556     
   26772765.699333888     
   33304645.248348299     
   26731142.159073085     
   29096326.089487191     
   31391574.151913431     
   28273843.690833356     
   26468817.878981534     
   29718002.411889732     
   26162578.607156791     
   28998462.041226313     
   31437221.087735001     
   29899470.470868159     
   30840452.873882767     
   28506907.129942812     
   28048174.795873612     
   36080027.245461568     
   31022217.892248258     
   31656193.757459816     
   31059066.786479142     
   27611415.959015604     
   27244968.251989637     
   30534888.545740582     
   25700480.526189994     
   29346512.135882422     
   26679724.844074342     
   33204418.079960283     
   25194978.106229678     
   31904889.148005825     
   27477866.867471389     
   24577066.296180382     
   27373307.236718655     
   26369796.305234935     
   34021571.914858319     
   29583899.555072974     
   28127559.009795338     
   32486852.680295702     
   26559177.102086421     
   33167160.416749302     
   24657328.344100658     
   27055864.114628300     
   34417478.464534268     
   24844952.184764285     
   29981427.029336751     
   31510049.749575950     
   26306243.117888857     
   29668624.135493305     
   36503660.806554295     
   29038195.979606833     
   31146262.936420914     
   29245071.474090148     
   28800356.215835169     
   30869676.100788478     
   27912829.182257377     
   24664326.499481961     
   29952508.912897591     
   31079017.631197486     
   30012909.865422435     
   29210295.481847301     
   28351791.186301645     
   29822188.860002629     
   30825558.863006596     
   33396725.105278399     
   30610645.914066404     
   31226286.804391813     
   30567623.918462023     
   30954887.615323428     
   32147165.600839272     
   32276530.602911118     
   32060742.085847586     
   32935144.705814961     
   28252461.933112666     
   28174975.632975098     
   29828193.988633145     
   29766209.979643576     
   29065508.568732578     
   28292927.458646752     
   26109338.351886276     
   25573408.262088545     
   26128056.281602446     
   26757980.978547372     
   26527320.131843213     
   27894066.375400010     
   25235696.999409132     
   29388616.760483176     
   31394983.121650733     
   25604995.494397547     
   27651482.685333967     
   31595676.483385488     
   27872010.516554665     
   25566760.454893302     
   28996479.446030427     
   28216144.964299373     
   25599721.340221349     
   28672113.293317709     
   35585446.000345118     
   30207833.889718615     
   33564583.880187750     
   25625791.478281796     
   39852603.550346188     
   37816873.738469809     
   25384791.155009154     
   28690489.336467974     
   28273201.996430926     
   29387244.839820467     
   28117303.611012056     
   31115531.373095948     
   32214801.582711879     
   34729093.322232388     
   31500554.208116893     
   31986703.776089359     
   32641954.063054532     
   30437176.602371369     
   26146943.545354713     
   26652291.611192927     
   31463430.425889011     
   30282632.681774382     
   29185921.380473558     
   33695285.920397639     
   35587490.802452758     
   25657794.997738689     
   25989884.119278006     
   24928841.945411813     
   25601489.854822941     
   26533770.464779112     
   24886498.425495073     
   26291668.149523374     
   29614652.560084336     
   27313160.050625730     
   31340596.773594067     
   25492290.086443171     
   27553120.893908516     
   26445449.542863231     
   27924472.205686968     
   27690942.129680604     
   28989704.742937740     
   33061622.352168418     
   24845570.487552516     
   28729791.650880657     
   31000939.212696970     
   26404132.261887033     
   30081548.677537315     
   33879305.445908695     
   30963296.230029076     
   28502114.569110528     
   25157576.793761265     
   26206563.997301761     
   40427502.627219506     
   29192638.456187256     
   29761292.742050078     
   29393785.653588273     
   27843214.802246016     
   31526739.647880942     
   28493745.550639130     
   29235572.182990916     
   31022470.814784463     
   25311010.970906757     
   31776147.639240790     
   30806200.275181420     
   29619378.869968455     
   29435667.351297226     
   31414402.141982127     
   28639719.952290647     
   32171615.353126012     
   25833629.340102531     
   30837433.909370575     
   25683615.740822777     
   31176686.761439372     
   26393509.038388990     
   30308960.504789941     
   27337976.668015040     
   29056914.231061231     
   30277424.921492551     
   26661821.280913573     
   26603497.889853988     
   29736332.853906654     
   31223252.721760910     
   26185260.589841139     
   32984594.841792218     
   26919483.260671444     
   28042958.246559508     
   26624481.547593124     
   32733468.782305617     
   29815832.820509948     
   32586422.053494606     
   27073540.766610898     
   29220730.469713878     
   28180169.285091132     
   32196327.073420081     
   29783400.671072349     
   30077024.772601321     
   28028806.414867964     
   30563740.437645007     
   35809123.168798044     
   29245605.555944648     
   32900221.709416851     
   27154312.804106273     
   33900331.876432858     
   36911394.260712072     
   37545965.204270385     
   29851385.287817884     
   25892911.518270869     
   36780351.163476095     
   32859949.980639156     
   29523730.261415802     
   34411551.933220275     
   26697636.307304211     
   31693841.346688390     
   29908884.593589589     
   22493357.852654748     
   33648517.845807455     
   28642628.447268926     
   29422546.519015353     
   29885916.515125193     
   29198942.942494847     
   29400064.607320886     
   29859758.614731859     
   31474246.507182077     
   35221438.433086798     
   30820174.287398107     
   30768215.238138042     
   31205869.559178360     
   27077451.734948844     
   31066767.895444743     
   31451417.258959536     
   35454841.367676169     
   32571299.989687983     
   31783016.965945255     
   30085468.161489204     
   38716270.882421367     
   30963869.146175496     
   30248965.955345508     
   32204699.917784184     
   30467127.004727814     
   25185256.250358187     
   27595436.934030447     
   32300564.338873200     
   26220095.921221320     
   30877101.859677609     
   29216497.763868999     
   24991013.271266390     
   27434465.956515685     
   27328609.468015183     
   31257952.273964345     
   32246999.136344641     
   32728455.025060583     
   28929607.308071379     
   28542845.058432348     
   28259121.497583590     
   40903100.892968655     
   33634563.496926084     
   29313445.324895363     
   27105678.765227433     
   27169243.245467007     
   30327290.938252158     
   28532810.097120479     
   26936494.827788845     
   29643382.853869841     
   34870858.962197162     
   27395945.398917582     
   28962800.898498636     
   31396156.751404267     
   33413889.057670027     
   28956661.838284150     
   35580143.602793701     
   30988509.859942347     
   31486790.814452976     
   28700804.237813722     
   26656781.233345203     
   33044662.462261233     
   29564028.140348814     
   28171023.968037486     
   31835256.740986202     
   31489312.357655536     
   28492680.618724935     
   27063567.557286303     
   26309860.243276455     
   29133808.139330741     
   26343925.845442344     
   28899813.566327773     
   30289280.032895930     
   29017496.998430163     
   25234095.456615929     
   28878029.820532605     
   31862764.824205913     
   33298934.170040727     
   29383795.478668753     
   27510358.301592715     
   27131796.207877629     
   28228770.343762398     
   38166417.125063479     
   27409818.451736424     
   27913887.806246817     
   25032725.338591494     
   30622028.245151155     
   33534489.025578510     
   33327125.664135359     
   31062436.394751072     
   30346493.403505072     
   38860648.701095879     
   31467314.175166316     
   29852700.161746372     
   28765502.809278309     
   30734875.866534732     
   30968901.180683810     
   30556184.663859561     
   30610880.921551466     
   36012590.520014443     
   31649230.074132938     
   26037378.898302574     
   30952839.554588392     
   26961721.613246243     
   28340138.565255675     
   26137074.690064143     
   30262398.483751133     
   29205865.878682412     
   34505217.318515159     
   29261987.473610558     
   36198958.392213948     
   28779926.871896300     
   29585559.274555024     
   27355810.932148218     
   28571626.039716192     
   32810200.268834606     
   24563603.959034812     
   25424105.430946201     
   28627750.799052935     
   25395395.112891689     
   30438148.867460169     
   29926484.655339878     
   31714384.878168594     
   36126662.029289648     
   34525324.015167497     
   29484625.984789360     
   29574965.196984489     
   27045358.637195297     
   30685345.006654955     
   33694230.036534667     
   27825510.184123132     
   33908242.403703757     
   28950392.148259856     
   38917214.254756086     
   27120387.338276342     
   26093521.378693085     
   25719220.015007678     
   27642347.311379898     
   26763757.812535346     
   28499942.601553589     
   28581832.425437167     
   26472705.336916499     
   30982193.840640776     
   27059198.099111937     
   25490072.348084517     
   26557421.545767482     
   28382669.421373110     
   32401176.457468290     
   26890496.373185784     
   27864052.479515266     
   26930766.278694961     
   29437307.996241096     
   25787205.891611032     
   25752603.360714853     
   26823715.511832133     
   27401644.058586013     
   25994897.502870087     
   25886311.397460338     
   35895377.990207940     
   27216672.710063539     
   26406750.978846882     
   29591266.448287282     
   28408781.964969497     
   31442054.984282896     
   27703401.036083844     
   30469176.475378741     
   25169587.059940439     
   28275753.764077064     
   30897516.721449703     
   28012970.346529525     
   29156549.082306843     
   26876882.174292225     
   32663821.659246519     
   28091894.771755360     
   28043943.935316686     
   28890986.556948751     
   25183813.935208082     
   27146187.104678314     
   28652000.448867034     
   24791448.697368380     
   31114755.125657957     
   31486366.070692874     
   29970916.394453671     
   31080342.536429480     
   26647989.731120627     
   29519801.098397456     
   28889208.941394020     
   24232425.534763519     
   27896435.940466247     
   35038590.673045233     
   31712288.542433534     
   32038653.082617477     
   28916717.556960780     
   29834766.765081171     
   38814274.908093594     
   30558207.879570991     
   27341223.996505659     
   26497669.228667438     
   26911634.343829691     
   29308557.088740773     
   28992175.882663757     
   32491295.752766449     
   27004219.189362459     
   31885109.302837647     
   27641899.392534822     
   27599134.345801067     
   28524742.682962798     
   31562267.606133584     
   32063885.780002572     
   35250436.412933595     
   29465880.796355758     
   28962253.520556573     
   25606043.591061588     
   31562942.850457229     
   30402420.009501424     
   27384696.297352027     
   33021127.916656669     
   29620535.157698385     
   28583459.316326939     
   29199681.376247481     
   28993440.373869155     
   32425600.041559588     
   27035791.143312249     
   32343313.092813767     
   32159312.492872100     
   26214620.831864126     
   25449966.823454719     
   27258584.102251589     
   25721170.744060542     
   29399431.936009340     
   34463847.011452295     
   32699711.338794220     
   29762457.312894404     
   30710850.608562544     
   27108632.627171636     
   25946961.295032039     
   27402124.247728590     
   28443566.490742214     
   29157773.411997866     
   29255129.650532007     
   32065597.707550388     
   32196327.224779252     
   28121698.033197481     
   26634055.552028827     
   30562663.401095390     
   31784107.283637214     
   31972667.189301912     
   39193998.664719716     
   35395874.801359251     
   29607444.357120708     
   30088332.180160034     
   31825171.793406501     
   29565310.498035058     
   28520281.125941664     
   36414992.460382901     
   28384554.818349887     
   30552247.446297456     
   30565081.499713171     
   29913553.706005644     
   27465044.351998560     
   31470327.238411315     
   29534386.319966525     
   31870366.198684607     
   31373645.595958166     
   29358100.877298176     
   24225208.148370475     
   28820828.118884291     
   27174613.887894757     
   31637113.740760937     
   26964983.176845469     
   33150678.739770144     
   27730219.465242706     
   31255528.031647187     
   31169524.420194343     
   27831454.774953526     
   31140879.091874145     
   25518341.821448512     
   38980668.367325306     
   26904173.479757898     
   27448383.969907448     
   28399819.181107245     
   28691109.092718106     
   29440095.495808747     
   32098283.852327932     
   25988484.381665550     
   34989305.009846315     
   32144137.386924334     
   29494684.078340840     
   34651565.974896468     
   32199908.008688267     
   30373718.087853331     
   28555827.108396828     
   30576996.822416246     
   37611223.017467380     
   37011333.458147161     
   33437987.742386710     
   33335938.301715720     
   24368554.238789551     
   33952573.724759690     
   30688491.144427780     
   27474438.583387945     
   27947174.184284996     
   27390610.370947517     
   39674108.066632241     
   37344792.475459799     
   28359147.862159044     
   30380715.383834898     
   38041471.389933459     
   31252286.000691619     
   27850341.108157910     
   29700202.281826425     
   30843836.773627013     
   30121851.401912790     
   30665057.816970710     
   26879672.784660552     
   31704368.438455291     
   28964531.919243444     
   29204472.871980269     
   35098796.221082978     
   28111918.369591068     
   36574320.566044502     
   32602946.658911761     
   29039822.749035705     
   28578808.692083925     
   31396647.968783017     
   32902564.633890215     
   30029044.198764496     
   26713932.384408321     
   29283024.571805608     
   28312949.310130183     
   33082307.299665842     
   30969213.743243117     
   29402145.602809314     
   26563881.675675731     
   28418473.439969473     
   32042778.225599024     
   28760142.708774369     
   27738839.398486402     
   32503311.551583327     
   31687201.980203718     
   26210318.838663802     
   29074255.254086837     
   33797627.038076766     
   36860039.083690166     
   32485919.852357324     
   33230792.275342669     
   37798885.150528938     
   30082485.372456308     
   35071765.002821214     
   32107391.985409390     
   28969355.993249226     
   29236340.394865263     
   32359147.200633977     
   29294214.347279321     
   31392516.715485003     
   33324150.344752803     
   27881789.504993957     
   31262245.332130600     
   30432111.503748227     
   32707819.330786008     
   25658367.065200273     
   27503791.767713010     
   30810431.623466611     
   30572978.256345849     
   31226420.326838922     
   33501402.155024659     
   29026113.806853209     
   30322569.805402890     
   28724361.781592835     
   28138632.647201374     
   34181503.229529478     
   32387588.218149096     
   27349561.608301025     
   29479880.235581417     
   34663486.392934933     
   30373027.501636546     
   31259195.915831733     
   33870344.364159785     
   26693361.014556613     
   38488584.995685846     
   25543872.161198780     
   32732360.003666826     
   29328502.490985297     
   29368701.730520420     
   36751101.771519423     
   34450402.513461359     
   27444240.669618551     
   30858397.463221848     
   32634189.014030848     
   38410308.642755441     
   26147655.273174066     
   30067214.398466863     
   28380908.663817819     
   29924820.800238829     
   32704680.886457592     
   32671280.060194228     
   29690623.243695673     
   26787225.096679911     
   27170868.017131805     
   27843977.567827512     
   31442795.285490531     
   27904346.598049413     
   26957212.827420499     
   33305810.703106530     
   30967335.770673927     
   34808100.389571041     
   27443157.098324120     
   31709962.120324250     
   27572026.428728789     
   35095384.720688961     
   30995700.196261272     
   26479544.953365933     
   35747618.753087148     
   26877812.806994114     
   27171564.662735566     
   25989029.150383446     
   30077098.627627846     
   27697832.121552106     
   28892619.011897419     
   30736089.676444199     
   34279592.565184876     
   31798037.508126322     
   30647492.084394205     
   26375506.472868778     
   28834376.213321153     
   32449494.561237369     
   27269126.317636464     
   26132660.644493178     
   30122320.503593914     
   31311024.896279689     
   27969125.392451972     
   31622128.473791499     
   30003746.720262729     
   30251037.739786293     
   28559813.513501480     
   29994478.700430352     
   31625995.462526742     
   31409293.357279204     
   35384888.703007005     
   30666282.016005564     
   31679799.527374290     
   33799723.708195448     
   27288367.328314122     
   28115904.926593408     
   24721985.673884030     
   32109643.518476531     
   28686379.251261830     
   28808342.055975784     
   27962984.563836005     
   30000091.333706263     
   28559665.472420443     
   29395967.875360899     
   26170910.514993813     
   30907847.048928726     
   27060268.021690991     
   28604930.941040862     
   29683175.620455693     
   30686251.477544606     
   27549747.015848033     
   28232867.177365527     
   36166588.973453008     
   26076745.530540317     
   28984055.407648392     
   32897319.291793134     
   39646649.113093235     
   27840682.323376667     
   33081163.020799737     
   31970887.836279634     
   25588513.073154591     
   28930883.142941132     
   28405473.723230362     
   34690847.510039806     
   27052468.916707531     
   39439063.646042377     
   29689900.810553595     
   30051264.183461629     
   31116551.995829806     
   26229987.049752977     
   30023595.502573676     
   30023600.763462361     
   30463259.911010802     
   30906086.767766386     
   26111853.890987303     
   29629835.833594114     
   31060687.475936398     
   33066998.929767631     
   30632563.148074664     
   26646468.104428936     
   26840663.838466771     
   30018632.221356101     
   30650901.578951400     
   28795425.832934018     
   28166160.130329240     
   31280689.536654875     
   29777924.480684515     
   30776899.165921520     
   35877237.790269777     
   36904418.388084769     
   29865557.946853440     
   28137971.013757836     
   31852729.815818410     
   29910192.338135660     
   31936974.645729788     
   33552840.456699397     
   32290082.540429767     
   29070103.456252795     
   30812762.749045495     
   30012843.197376475     
   32388241.212918580     
   30744110.992159668     
   25591923.435470410     
   32613944.080621134     
   27836419.839476272     
   31601134.725557663     
   27261478.803235706     
   30530979.459220111     
   29691938.175642863     
   33463638.146317411     
   31508202.403330866     
   33261249.308880500     
   29971110.653645992     
   26941786.612790406     
   25978485.686225086     
   29516668.444706630     
   25918992.612016942     
   25167192.043373540     
   28735296.214322381     
   28286488.474122740     
   26534768.010288209     
   32347163.619459447     
   32004900.539981052     
   32136917.351502065     
   28931325.487199053     
   26835384.549169596     
   31770841.904693205     
   25909772.147012934     
   29196468.949541926     
   35339642.656632528     
   35473141.469588801     
   27758709.669973239     
   30921291.103750195     
   29463380.261258226     
   36037861.698966026     
   30933140.460240807     
   25869537.007459007     
   36829824.079925902     
   30993740.955095828     
   24357986.597421262     
   29457512.471860908     
   25459487.173540644     
   36589217.818287164     
   27713624.462893240     
   26717638.859886885     
   32872958.120027680     
   28813877.866420709     
   27826978.497200243     
   30645370.653051067     
   29883398.776786264     
   32413323.744010508     
   26070906.475402232     
   29882237.752403989     
   33943404.333707757     
   31654111.945378404     
   30269623.398992948     
   30013272.372633211     
   29598381.129443262     
   27439272.922184546     
   25880378.383796252     
   34533996.928674951     
   30374172.630962297     
   30199426.857462704     
   32612964.633289147     
   27822867.509365506     
   29880180.336345308     
   27517724.067427058     
   29430667.087932758     
   29188337.774525814     
   27051563.831678640     
   34342963.310492173     
   28118296.780512918     
   28911733.427415285     
   27872844.768423408     
   30818221.861649394     
   27913845.907833517     
   31233985.893765341     
   33337581.121638119     
   31591126.055240616     
   29292368.262608457     
   27663539.058618389     
   27955057.804222379     
   27391736.652157973     
   27485277.956716832     
   28821868.732048798     
   30979421.910665061     
   26534795.193873554     
   30119047.617216181     
   29650499.732730385     
   27028357.025028583     
   37406720.638131358     
   35729752.126544870     
   32598532.836392831     
   32487007.654554844     
   32377258.211587317     
   30246255.692729592     
   31529439.909343269     
   29359665.314672701     
   33172407.973972734     
   33138375.518747896     
   37156826.547198743     
   28993984.501284309     
   27735862.546507407     
   30267313.224041551     
   31269377.327128340     
   32898436.694964793     
   28465787.273800492     
   31249757.779858869     
   33611204.074650951     
   30866583.148145542     
   32766941.054951802     
   32232015.304602396     
   35456574.900067553     
   27873335.668012004     
   29694889.262904450     
   26325784.342477482     
   30345890.029451597     
   31892874.068109263     
   28262220.625483867     
   33199337.623513222     
   27457156.044301666     
   27904127.995787486     
   30143890.811280351     
   27471047.359949015     
   29328985.451108612     
   35448761.989358880     
   35679583.480102591     
   29561715.002169587     
   34539955.591358326     
   28419230.941172380     
   27196785.421867326     
   28530036.250365153     
   30502563.089615788     
   34311595.303919554     
   29870969.180495139     
   29818484.876815092     
   35171774.481001697     
   34615034.365271099     
   35861067.390254907     
   31653953.883601960     
   32864269.753274273     
   39384676.717682429     
   26297430.702310059     
   32038709.043752246     
   31873234.934613675     
   29476201.009803500     
   29597232.750914492     
   35877339.593130149     
   33103937.073149607     
   29430064.503801960     
   30230294.472542312     
   31909794.159353986     
   30620560.242016606     
   32770115.671024382     
   30077643.373959191     
   28631595.606431458     
   32386097.328070376     
   31333550.540138271     
   27980449.352650657     
   29006489.634362973     
   32991551.828531504     
   31931947.376545556     
   27047042.434614956     
   28974961.412419666     
   28989065.641585428     
   32678671.427948568     
   28042657.900550947     
   28794241.015973553     
   33821818.224596277     
   31708428.137833096     
   31743450.462568965     
   29790816.706791602     
   32445047.522683803     
   27616424.506142009     
   29943656.926185165     
   32035331.538514938     
   29653659.426786628     
   42321866.695314996     
   28240832.257329781     
   30097822.131823167     
   34702731.361621775     
   29180711.635947138     
   28621427.926391847     
   32096754.563836239     
   33932809.464587294     
   29154476.724293943     
   32272293.765358977     
   30190467.630562890     
   29466144.975768209     
   29388164.746134624     
   31351404.113489304     
   35074916.929781184     
   27823748.920478947     
   28539245.375320207     
   32337653.515916944     
   27601214.390632391     
   34533639.122007981     
   35720170.305561870     
   25892923.638047110     
   33550293.786371607     
   34759838.475801371     
   32458524.841842629     
   36786672.292157479     
   27621595.156030919     
   33573220.612082340     
   29817607.023160230     
   35859940.580985509     
   41609263.941682704     
   30096666.736935027     
   30419383.145268887     
   28542326.964500759     
   28152899.040336452     
   32083173.447093178     
   32386268.807384040     
   29321586.744065423     
   38200667.766785368     
   29584363.084365726     
   31472900.155350924     
   35787976.262229629     
   34394738.904271871     
   37486303.924505480     
   34922416.074353538     
   32812257.149964970     
   30626845.606123604     
   31547434.684291229     
   32566095.997094288     
   29179017.440363549     
   31840529.800505485     
   37490027.026374944     
   30767307.719693977     
   29935386.394807290     
   38458253.773343518     
   27053002.045029681     
   30764053.878753476     
   33283501.918356642     
   31778089.095320936     
   28892335.435779769     
   31720263.798703868     
   30543493.369590227     
   29252437.657672402     
   29842822.736496821     
   34341780.691788703     
   31667152.755228929     
   30795006.060098991     
   35453255.319022074     
   31612960.659804266     
   28557070.644489277     
   38233567.941613287     
   33661224.899781302     
   35945092.057609640     
   26967516.972630303     
   34011387.380667202     
   29673412.075208392     
   29018625.588660903     
   27570649.781027347     
   31494507.265578106     
   29663957.965315446     
   29079206.029561132     
   31516118.685428645     
   33928234.743327312     
   33135328.170988020     
   27416428.687035680     
   34201197.130524114     
   32066310.101942450     
   28879681.914213791     
   28102576.880096257     
   32407215.586268853     
   27350994.738254640     
   33527495.457847167     
   36983306.328918092     
   32633894.734920707     
   30700119.603882398     
   33873480.426657662     
   32206474.024208885     
   32228203.418418586     
   33542160.933404051     
   37772195.846662186     
   27272151.363713831     
   31130813.192453250     
   31141397.895203080     
   31136532.030852288     
   31679054.330909722     
   30264467.197267696     
   29203126.907503504     
   35887363.884650625     
   28675719.031247213     
   33779306.421569377     
   30097713.914509226     
   31977431.943358347     
   35893843.638678849     
   31269243.570538573     
   36645323.926035464     
   32951788.996552542     
   29763215.518391181     
   34498015.759275734     
   34891395.225553989     
   29031054.399833944     
   31825003.792612035     
   25915705.800248228     
   34780979.400183976     
   29158780.181875862     
   28195458.539724179     
   26495513.824041463     
   36668074.051936314     
   31531578.911254227     
   30745739.932031780     
   28141580.815590467     
   33670814.091307342     
   33715459.437648997     
   34159960.813650280     
   32056435.761600621     
   26746284.132205725     
   32207814.694049712     
   29387209.734309547     
   28318813.234545663     
   28224578.088288717     
   36942485.585249215     
   33058916.403887052     
   34494413.599680640     
   29211995.347259227     
   30723758.856301736     
   30948784.213355750     
   34617699.258074135     
   30639919.702822052     
   31488532.926031131     
   35122484.974935830     
   30797585.662405595     
   32297641.512350429     
   27651413.626175802     
   28603170.306087088     
   30306798.486703351     
   32347818.824014548     
   33299454.053927511     
   30663523.833142817     
   28552478.411988046     
   31090636.137966540     
   31944884.664967246     
   28799525.458085503     
   28434231.503745664     
   28670261.108824216     
   33313902.808510549     
   28152224.430570584     
   28801066.053750321     
   30651916.217242591     
   34044719.990550838     
   28829946.156354096     
   29931799.307326458     
   37884335.233117618     
   33566146.461104035     
   25875310.829236619     
   35324444.051000029     
   30731745.152421858     
   25924011.550473277     
   30449116.073521513     
   30449097.217676133     
   32240555.808224790     
   31422594.266561575     
   30930238.200942285     
   28328705.047126662     
   31078028.182950657     
   28809272.925382860     
   27158243.752559606     
   29428013.230722476     
   34095006.437843315     
   30963276.112470262     
   30160692.763803717     
   30011078.478645291     
   30043437.265285973     
   30603258.517645985     
   30698095.709724404     
   29514242.712565184     
   33229717.604540929     
   29484332.771646045     
   24630862.788864717     
   33649266.433126763     
   26971337.648317821     
   30990255.373704653     
   29444530.099855233     
   30800706.594320919     
