tried moves    experiment_1   _      experiment_2    _       Bragg          _                                                                                                                                                                                                                                                                                                                                                                                                                                                   
        0     3362   0.841E-02   0.474E+01  -0.422E-02   0.328E+01  -0.924E-03   0.162E+01
  OPTIMIZATION STUFF
        3362  -1.8526810771460513        8.9934476359486215     
   2.3581816007961658       -4.2108626779422167     
        0     4582  -0.104E-01   0.454E+01  -0.353E-02   0.329E+01  -0.338E-02   0.163E+01
  OPTIMIZATION STUFF
        4582  -1.8416562566134091        9.0702054326973194     
   2.3829619521037269       -4.2246182087171356     
        0     4203   0.202E-02   0.466E+01   0.142E-02   0.307E+01   0.276E-02   0.161E+01
  OPTIMIZATION STUFF
        4203  -1.8552143070393909        8.8867110640458176     
   2.3334290087770340       -4.1886433158164245     
        0     4133   0.639E-02   0.466E+01  -0.298E-02   0.316E+01   0.188E-02   0.159E+01
  OPTIMIZATION STUFF
        4133  -1.9203412140199423        9.0357798416514736     
   2.3125893417093937       -4.2329305557293360     
        0     4138  -0.709E-02   0.460E+01  -0.473E-02   0.331E+01  -0.269E-02   0.180E+01
  OPTIMIZATION STUFF
        4138  -1.8899059254333697        9.2282364888044359     
   2.3783380924116475       -4.2682440178450172     
        0     4143  -0.236E-02   0.463E+01  -0.155E-02   0.322E+01   0.234E-02   0.157E+01
  OPTIMIZATION STUFF
        4143  -1.8963405650682366        8.8451824620425779     
   2.2910859703030044       -4.1874265353712410     
        0     4199   0.145E-02   0.454E+01   0.365E-02   0.327E+01  -0.204E-02   0.179E+01
  OPTIMIZATION STUFF
        4199  -1.8815701451875937        8.8359375119032748     
   2.3012238701703955       -4.1827940153579890     
        0     4445   0.657E-02   0.452E+01   0.222E-02   0.325E+01  -0.542E-02   0.157E+01
  OPTIMIZATION STUFF
        4445  -1.7758559928790458        8.3261007837252308     
   2.2742990736226423       -4.0501550665016879     
        0     3767  -0.530E-02   0.465E+01   0.389E-02   0.312E+01   0.133E-01   0.173E+01
  OPTIMIZATION STUFF
        3767  -1.8175296521219027        8.6951779929095423     
   2.3220172171125646       -4.1395468692344668     
        0     4170  -0.517E-02   0.457E+01  -0.113E-01   0.307E+01  -0.245E-02   0.181E+01
  OPTIMIZATION STUFF
        4170  -1.8648014760318947        8.6481830779173148     
   2.2739170022027149       -4.1387184782346100     
        0     4162   0.583E-02   0.454E+01   0.362E-02   0.317E+01  -0.719E-02   0.179E+01
  OPTIMIZATION STUFF
        4162  -1.9106499036036921        8.9996180013019060     
   2.3127980774726331       -4.2234479810763252     
        0     4155  -0.602E-02   0.445E+01   0.274E-03   0.336E+01   0.665E-02   0.188E+01
  OPTIMIZATION STUFF
        4155  -1.8620504484911167        8.8146012962602445     
   2.3124379826352697       -4.1744884311263863     
        0     4151   0.176E-02   0.454E+01   0.387E-03   0.343E+01  -0.182E-02   0.186E+01
  OPTIMIZATION STUFF
        4151  -1.8080204526366122        8.6221193705538823     
   2.3136943215130175       -4.1217147741496296     
        0     4158   0.442E-02   0.458E+01   0.562E-03   0.308E+01   0.117E-03   0.170E+01
  OPTIMIZATION STUFF
        4158  -1.8607139340793977        8.8081923322384323     
   2.3121280214904196       -4.1728419555698171     
        0     4146  -0.276E-02   0.476E+01  -0.107E-01   0.330E+01  -0.370E-02   0.159E+01
  OPTIMIZATION STUFF
        4146  -1.8925014666503728        9.2723056759354439     
   2.3855280075198513       -4.2780294741702241     
        0     4147   0.365E-02   0.457E+01   0.670E-02   0.320E+01   0.692E-03   0.164E+01
  OPTIMIZATION STUFF
        4147  -1.9320414258011993        9.2653391891188068     
   2.3521384138921069       -4.2841798396933060     
        0     4123   0.880E-03   0.457E+01  -0.274E-02   0.309E+01   0.764E-03   0.155E+01
  OPTIMIZATION STUFF
        4123  -1.8333298669759643        8.6703642554060441     
   2.3041844227969119       -4.1375142897728763     
        0     4149  -0.665E-02   0.453E+01   0.295E-02   0.329E+01  -0.712E-03   0.192E+01
  OPTIMIZATION STUFF
        4149  -1.8527628371306180        8.6626371673618063     
   2.2868990001111786       -4.1396618372417961     
        0     2918  -0.429E-02   0.445E+01  -0.499E-02   0.310E+01  -0.618E-02   0.152E+01
  OPTIMIZATION STUFF
        2918  -1.7960513765272090        8.0770537849256403     
   2.2025560691615453       -3.9986074456887541     
        0     2902   0.644E-02   0.456E+01   0.600E-02   0.313E+01   0.189E-02   0.143E+01
  OPTIMIZATION STUFF
        2902  -1.8306662624398278        8.3078032836360265     
   2.2263118198492813       -4.0569780822891088     
        0     4116   0.343E-02   0.471E+01  -0.696E-03   0.317E+01   0.634E-02   0.163E+01
  OPTIMIZATION STUFF
        4116  -1.8957576814172499        9.0005796167158874     
   2.3252273931947776       -4.2209850746120274     
        0     4164   0.234E-02   0.470E+01  -0.117E-02   0.312E+01   0.327E-03   0.168E+01
  OPTIMIZATION STUFF
        4164  -1.8691562555473837        8.6117574737290354     
   2.2623024479669200       -4.1314587035143040     
        0     2906  -0.108E-01   0.455E+01   0.505E-03   0.310E+01  -0.408E-02   0.174E+01
  OPTIMIZATION STUFF
        2906  -1.8706117443157124        8.7309129992872947     
   2.2872963737380911       -4.1579081180538040     
        0     2921   0.130E-01   0.448E+01  -0.649E-02   0.294E+01  -0.158E-02   0.157E+01
  OPTIMIZATION STUFF
        2921  -1.8051173434960397        8.1168547176465431     
   2.2041792336051858       -4.0092965771012254     
        0     2888  -0.164E-01   0.458E+01  -0.462E-02   0.297E+01   0.343E-02   0.151E+01
  OPTIMIZATION STUFF
        2888  -1.8493456025691073        8.7038758968353260     
   2.2986510694521756       -4.1479966720212831     
        0     2842   0.107E-01   0.452E+01  -0.434E-02   0.304E+01  -0.536E-02   0.165E+01
  OPTIMIZATION STUFF
        2842  -1.9071996211692701        8.8545676435216425     
   2.2841097277787323       -4.1913093489480024     
        0     4121   0.226E-02   0.481E+01   0.126E-01   0.315E+01   0.480E-02   0.171E+01
  OPTIMIZATION STUFF
        4121  -1.9040574821565928        9.3002344845242799     
   2.3821837857662822       -4.2862412679228754     
        0     4174  -0.349E-02   0.468E+01   0.733E-03   0.305E+01  -0.145E-02   0.150E+01
  OPTIMIZATION STUFF
        4174  -1.8736724911592919        8.9798526535415881     
   2.3386329445670864       -4.2123054357263783     
        0     4118   0.808E-02   0.463E+01  -0.143E-02   0.290E+01   0.313E-02   0.168E+01
  OPTIMIZATION STUFF
        4118  -1.8733139748561756        8.8175363189465266     
   2.3039598673924604       -4.1772738422486357     
        0     4119  -0.935E-02   0.463E+01  -0.890E-02   0.303E+01  -0.325E-02   0.180E+01
  OPTIMIZATION STUFF
        4119  -1.8488004715217856        9.0988705883419936     
   2.3834444413165619       -4.2322449128383477     
        0     2879  -0.567E-02   0.447E+01  -0.337E-03   0.299E+01  -0.992E-02   0.155E+01
  OPTIMIZATION STUFF
        2879  -1.7369470953490520        7.9256119631246813     
   2.2155420896663580       -3.9524891850154100     
        0     2881   0.795E-02   0.436E+01  -0.344E-03   0.303E+01   0.117E-01   0.155E+01
  OPTIMIZATION STUFF
        2881  -1.7637749832235283        7.8304376831492357     
   2.1724491919729854       -3.9362241751965135     
        0     4527   0.411E-02   0.461E+01   0.991E-03   0.296E+01   0.303E-02   0.159E+01
  OPTIMIZATION STUFF
        4527  -1.8319861799199300        8.6132820245088890     
   2.2928385597532310       -4.1248247396731612     
        0     4508  -0.163E-03   0.467E+01   0.553E-02   0.300E+01  -0.430E-02   0.152E+01
  OPTIMIZATION STUFF
        4508  -1.8472547996918165        8.8974474158530832     
   2.3420284201667219       -4.1892832198585381     
        0     4498  -0.103E-01   0.452E+01   0.645E-03   0.290E+01  -0.453E-02   0.158E+01
  OPTIMIZATION STUFF
        4498  -1.7902661782967482        8.3500691632929822     
   2.2682628097598694       -4.0585289880566178     
        0     4514   0.423E-02   0.446E+01  -0.122E-02   0.302E+01  -0.192E-03   0.153E+01
  OPTIMIZATION STUFF
        4514  -1.7151916112277494        8.0908163484547995     
   2.2691262823449816       -3.9843178935727313     
        0     4207   0.513E-02   0.453E+01  -0.243E-02   0.292E+01  -0.318E-03   0.156E+01
  OPTIMIZATION STUFF
        4207  -1.7829596063563593        8.1134744171328652     
   2.2213800798680179       -4.0043396862243767     
        0     4139  -0.386E-02   0.456E+01   0.424E-02   0.296E+01   0.724E-02   0.156E+01
  OPTIMIZATION STUFF
        4139  -1.8806011774241915        8.8594786675459698     
   2.3071232908140638       -4.1877244682382555     
        0     4183  -0.348E-02   0.451E+01  -0.510E-02   0.291E+01  -0.225E-02   0.164E+01
  OPTIMIZATION STUFF
        4183  -1.8217447555711228        8.5711876102590008     
   2.2918188531836696       -4.1135636087547924     
        0     4164   0.343E-02   0.445E+01  -0.191E-02   0.291E+01   0.242E-03   0.164E+01
  OPTIMIZATION STUFF
        4164  -1.8354419457341904        8.4365547956568889     
   2.2511569602087675       -4.0865989059429584     
        0     4161   0.374E-03   0.438E+01   0.503E-02   0.289E+01  -0.493E-03   0.155E+01
  OPTIMIZATION STUFF
        4161  -1.7864421392562735        8.3222038968465633     
   2.2651331925376996       -4.0515753317939733     
        0     4123   0.162E-02   0.444E+01   0.177E-02   0.274E+01  -0.445E-02   0.167E+01
  OPTIMIZATION STUFF
        4123  -1.8145493285917009        8.3455271403067250     
   2.2478740788607650       -4.0624234074524654     
        0     4148   0.311E-02   0.441E+01  -0.135E-02   0.295E+01   0.784E-03   0.137E+01
  OPTIMIZATION STUFF
        4148  -1.7916830855419890        8.2189401323211193     
   2.2380375004239443       -4.0297205859659329     
        0     4178  -0.289E-02   0.442E+01  -0.143E-02   0.278E+01  -0.344E-02   0.152E+01
  OPTIMIZATION STUFF
        4178  -1.7948423587035454        8.2883637464910009     
   2.2509785991640379       -4.0458209578675834     
        0     4170  -0.162E-02   0.463E+01  -0.132E-02   0.297E+01   0.388E-02   0.146E+01
  OPTIMIZATION STUFF
        4170  -1.8478542109864371        8.9103708181440879     
   2.3443134673255153       -4.1921676783119519     
        0     4172   0.182E-02   0.463E+01  -0.774E-02   0.289E+01  -0.147E-02   0.168E+01
  OPTIMIZATION STUFF
        4172  -1.7996836279504325        8.6998593430567777     
   2.3368778706521973       -4.1365614986026298     
        0     4170  -0.386E-02   0.461E+01   0.101E-01   0.286E+01   0.436E-03   0.154E+01
  OPTIMIZATION STUFF
        4170  -1.8469334986992794        8.6764135945134999     
   2.2946133107554179       -4.1415468094546970     
        0     4165   0.797E-03   0.456E+01  -0.401E-02   0.313E+01   0.650E-02   0.160E+01
  OPTIMIZATION STUFF
        4165  -1.7858518918691957        8.5501695636082999     
   2.3153623007891260       -4.1012141926583219     
        0     4146   0.789E-02   0.471E+01   0.487E-02   0.296E+01  -0.228E-02   0.170E+01
  OPTIMIZATION STUFF
        4146  -1.8617631622575799        9.0655352504101199     
   2.3662994692284354       -4.2280626314860150     
        0     4166  -0.255E-02   0.466E+01  -0.503E-03   0.290E+01  -0.209E-02   0.182E+01
  OPTIMIZATION STUFF
        4166  -1.8455371151463982        8.9967054030201261     
   2.3644657239294538       -4.2100028390758517     
