   1604.3127832894693     
   1533.0712709809025     
   1562.8465297543610     
   1564.1752310288462     
   1521.4454259341248     
   1510.5896173525080     
   1523.2882481858819     
   1542.4475600372807     
   1572.5119213273097     
   1505.0831581569266     
   1514.8098952694520     
   1523.6977213281743     
   1520.8996058724706     
   1541.7665164143361     
   1473.8795287304456     
   1512.6487886729910     
   1513.5034690866444     
   1509.2861033794002     
   1454.5743901319183     
   1485.6682085620239     
   1521.6666229557418     
   1536.7924477161419     
   1490.5792144316974     
   1512.3494953442819     
   1461.2163695517397     
   1459.2846921154905     
   1545.5131018512077     
   1525.8443485314062     
   1567.2332328631076     
   1478.7572386490838     
   1433.8547176664124     
   1501.4007146710117     
   1526.4289662782087     
   1516.2572991965367     
   1463.5986860663243     
   1472.7333106155402     
   1491.2028707224956     
   1512.9230209824877     
   1467.6659574087075     
   1480.9511476789482     
   1501.6127542554382     
   1500.0434319481915     
   1497.7491058095716     
   1472.5354676611635     
   1478.3693465711699     
   1438.8742353699511     
   1485.0602112164629     
   1489.7287297821299     
   1536.0454988882091     
   1507.1675401371026     
