   598502.42990234250     
   346782.13812600257     
   439961.94152989850     
   435115.77246046846     
   389265.47343147278     
   437565.15204636712     
   381591.46120704117     
   331269.15891718387     
   339765.72266915214     
   402979.83258807083     
   403203.78346229525     
   362895.06265841448     
   347750.78635760734     
   318476.48072560289     
   380326.22954740236     
   368115.79274881468     
   437493.68589169299     
   431449.28525092365     
   357710.75402851129     
   342136.47817421716     
   355414.91681055614     
   437682.27342159225     
   411361.43908369308     
   455777.40947343875     
   346269.59265443613     
   394709.93683362601     
   339960.81115458469     
   360847.82017068804     
   284015.11875845352     
   358152.17306956387     
   349751.13274151605     
   423435.83457498875     
   352482.51874508423     
   359183.60755487665     
   421312.56088421948     
   338535.48237919639     
   405206.37777979323     
   338024.62011097028     
   341272.64029378857     
   330132.64620147157     
   411491.95474113931     
   403927.81364243745     
   380048.33155559015     
   408928.46228362492     
   364395.23967619188     
   396957.26258295204     
   317696.25861796521     
   387283.25711684854     
   383158.10911368363     
   368950.55812798347     
