tried moves    experiment_1   _      experiment_2    _                                                                                                                                                                                                                                                                                                                                                                                                                                                                          
        0    94804   0.622E-01   0.936E+03   0.133E+02   0.247E+06
  OPTIMIZATION STUFF
       94804  -33.427608466008238        16749.234744890258     
   125.02731596388652       -158.45492442989476     
        0    84218   0.227E-01   0.109E+04   0.836E+01   0.288E+06
  OPTIMIZATION STUFF
       84218  -46.809032576092953        44793.230659896442     
   206.40287093252050       -253.21190350861346     
        0    94987  -0.255E-01   0.173E+04  -0.616E+01   0.514E+06
  OPTIMIZATION STUFF
       94987  -275.04224445529138        5690952.2353286715     
   2369.6632670262811       -2644.7055114815726     
        0   405951  -0.327E-02   0.659E+06   0.411E+00   0.225E+09
  OPTIMIZATION STUFF
      405951  -4178.6739637025212        4635572605.7729902     
   67956.686865076539       -72135.360828779056     
        0    86382  -0.139E-02   0.981E+03   0.134E+02   0.642E+06
  OPTIMIZATION STUFF
       86382  -293.07278800799884        146626822.71578977     
   12105.409165192186       -12398.481953200186     
        0    83856  -0.117E-01   0.717E+03   0.464E+02   0.175E+07
  OPTIMIZATION STUFF
       83856  -61149.604315822544        188931370366.43552     
   430339.51277851989       -491489.11709434242     
        0    85129   0.976E-02   0.634E+03   0.405E+03   0.668E+07
  OPTIMIZATION STUFF
       85129  -259418.17913284412        3178615263245.0854     
   1763892.7041009283       -2023310.8832337724     
        0    87651  -0.105E-02   0.518E+03   0.195E+04   0.194E+08
  OPTIMIZATION STUFF
       87651  -659661.21038451162        56669736160953.477     
   7498972.1461322624       -8158633.3565167738     
        0    86519   0.152E-01   0.639E+03   0.155E+05   0.190E+09
  OPTIMIZATION STUFF
       86519  -5352065.5869961167        2424928721611188.0     
   48951855.077858694       -54303920.664854810     
        0   211049  -0.452E-02   0.766E+03   0.232E+05   0.121E+10
  OPTIMIZATION STUFF
      211049  -7909770.8493389394        26250643461230956.     
   161827312.23851523       -169737083.08785418     
        0   178501   0.789E-02   0.644E+03   0.220E+06   0.580E+10
  OPTIMIZATION STUFF
      178501  -112560288.35315101        1.5554155393984238E+018
   1242073154.4012532       -1354633442.7544043     
        0    81972  -0.245E-01   0.828E+03   0.138E+07   0.379E+11
  OPTIMIZATION STUFF
       81972  -1137721279.6230812        1.1133824395886377E+020
   10490177989.374470       -11627899268.997551     
        0    87538   0.759E-02   0.947E+03   0.102E+08   0.261E+12
  OPTIMIZATION STUFF
       87538  -3818632712.4962416        1.3011979740978757E+021
   35869430136.328194       -39688062848.824432     
        0    83432  -0.443E-01   0.325E+03  -0.368E+07   0.547E+12
  OPTIMIZATION STUFF
       83432  -38869279160.485703        8.7353295958984777E+022
   292988865140.85992       -331858144301.34564     
        0    79459   0.506E-01   0.112E+04   0.379E+09   0.880E+13
  OPTIMIZATION STUFF
       79459  -220253934.92889428        3.5042700719719920E+020
   18718399915.627071       -18938653850.555965     
        0   308553  -0.952E-03   0.537E+03   0.417E+09   0.232E+14
  OPTIMIZATION STUFF
      308553  -118092836143.24077        7.7953891643069874E+024
   2789523838643.1890       -2907616674786.4297     
        0   294545  -0.285E-02   0.404E+06   0.164E+10   0.800E+17
  OPTIMIZATION STUFF
      294545  -2318102934696.2637        7.9177957261320546E+026
   28042930863184.719       -30361033797880.984     
        0    85518  -0.508E-02   0.218E+03   0.295E+11   0.274E+15
  OPTIMIZATION STUFF
       85518  -23395305134558.777        3.2192192555306370E+028
   177890000429949.00       -201285305564507.78     
        0    84721  -0.151E-01   0.289E+03   0.762E+11   0.162E+16
  OPTIMIZATION STUFF
       84721  -154632258195063.50        1.0463715349127724E+030
   1011167839499589.5       -1165800097694653.0     
        0    86137  -0.230E-02   0.295E+03   0.262E+12   0.814E+16
