tried moves    experiment_1   _      experiment_2    _ coord. constraints_1 _ coord. constraints_2 _                                                                                                                                                                                                                                                                                                                                                                                                                            
        0    15817   0.169E+02   0.239E+04   0.127E+02   0.236E+04   0.000E+00   0.000E+00   0.000E+00   0.000E+00
  OPTIMIZATION STUFF
       15817  -26193.399526878668        18378854629.087318     
   133014.13627999331       -159207.53580687198     
        0    11115   0.256E+02   0.354E+04   0.181E+02   0.261E+04   0.000E+00   0.000E+00   0.000E+00   0.000E+00
  OPTIMIZATION STUFF
       11115  -59107.605559546260        38440586792.755028     
   186940.84026175801       -246048.44582130428     
        0    12942   0.692E+01   0.375E+04   0.497E+01   0.286E+04   0.000E+00   0.000E+00   0.000E+00   0.000E+00
  OPTIMIZATION STUFF
       12942  -80610.090556930751        54285699720.549126     
   218604.00961773907       -299214.10017466982     
        0    11551   0.327E+01   0.412E+04   0.136E+02   0.341E+04   0.000E+00   0.000E+00   0.000E+00   0.000E+00
  OPTIMIZATION STUFF
       11551  -94276.786136118724        65427161785.060349     
   237779.41328236318       -332056.19941848191     
        0    12208  -0.481E+01   0.440E+04  -0.889E+01   0.393E+04   0.000E+00   0.000E+00   0.000E+00   0.000E+00
  OPTIMIZATION STUFF
       12208  -113186.71914039779        79009814399.188110     
   257290.84905884395       -370477.56819924177     
        0    11659   0.101E+02   0.452E+04   0.146E+02   0.443E+04   0.000E+00   0.000E+00   0.000E+00   0.000E+00
  OPTIMIZATION STUFF
       11659  -128788.95239103650        82633578986.964005     
   256996.07920935942       -385785.03160039592     
        0    15607   0.653E+01   0.758E+04   0.651E+01   0.737E+04   0.000E+00   0.000E+00   0.000E+00   0.000E+00
  OPTIMIZATION STUFF
       15607  -134237.84460160296        78905661945.028366     
   246750.60895921668       -380988.45356081962     
        0    14100   0.456E+02   0.694E+04   0.408E+02   0.669E+04   0.000E+00   0.000E+00   0.000E+00   0.000E+00
  OPTIMIZATION STUFF
       14100  -138503.03259880401        71584599155.982834     
   228913.75912539085       -367416.79172419489     
        0    12251   0.172E+02   0.110E+05   0.586E+01   0.900E+04   0.000E+00   0.000E+00   0.000E+00   0.000E+00
  OPTIMIZATION STUFF
       12251  -136429.62250735020        63509574146.505684     
   211888.01818179246       -348317.64068914263     
        0    18012   0.149E+03   0.247E+05   0.145E+03   0.193E+05   0.000E+00   0.000E+00   0.000E+00   0.000E+00
  OPTIMIZATION STUFF
       18012  -137883.63891014855        61561097235.803398     
   206274.57273425430       -344158.21164440282     
        0    20001  -0.146E+03   0.157E+05  -0.134E+03   0.188E+05   0.000E+00   0.000E+00   0.000E+00   0.000E+00
  OPTIMIZATION STUFF
       20001  -141543.30501093459        59718196028.977791     
   199207.65255270523       -340750.95756363985     
        0    17831   0.766E+02   0.139E+05   0.870E+02   0.134E+05   0.000E+00   0.000E+00   0.000E+00   0.000E+00
  OPTIMIZATION STUFF
       17831  -137877.38566933351        56629172065.407509     
   193956.17697407157       -331833.56264340505     
        0    14219  -0.377E+02   0.379E+05  -0.675E+02   0.357E+05   0.000E+00   0.000E+00   0.000E+00   0.000E+00
  OPTIMIZATION STUFF
       14219  -135125.48144930269        54066681536.177071     
   189229.45277961151       -324354.93422891421     
        0    16155   0.617E+02   0.131E+05   0.563E+02   0.117E+05   0.000E+00   0.000E+00   0.000E+00   0.000E+00
  OPTIMIZATION STUFF
       16155  -135025.03434425557        52702654805.155922     
   185663.39139821971       -320688.42574247532     
        0    17774  -0.131E+03   0.188E+05  -0.109E+03   0.164E+05   0.000E+00   0.000E+00   0.000E+00   0.000E+00
  OPTIMIZATION STUFF
       17774  -137932.31446195388        53605972037.650902     
   185958.72839105877       -323891.04285301268     
        0    15816  -0.286E+02   0.731E+04  -0.324E+02   0.695E+04   0.000E+00   0.000E+00   0.000E+00   0.000E+00
  OPTIMIZATION STUFF
       15816  -136503.89382012404        50867197925.852997     
   179537.97619945841       -316041.87001958245     
        0    14324  -0.173E+02   0.271E+04  -0.139E+02   0.226E+04   0.000E+00   0.000E+00   0.000E+00   0.000E+00
  OPTIMIZATION STUFF
       14324  -139813.53309684058        51854149644.289001     
   179739.60500476146       -319553.13810160203     
        0    15481   0.232E+01   0.466E+04   0.315E+01   0.429E+04   0.000E+00   0.000E+00   0.000E+00   0.000E+00
  OPTIMIZATION STUFF
       15481  -142717.08014191862        53693469762.332375     
   182552.19746170560       -325269.27760362421     
        0    14944   0.215E+01   0.491E+04   0.510E+01   0.423E+04   0.000E+00   0.000E+00   0.000E+00   0.000E+00
  OPTIMIZATION STUFF
       14944  -136306.21569197730        49765896534.541351     
   176597.03309589750       -312903.24878787482     
        0    15727  -0.837E+01   0.222E+04  -0.881E+01   0.216E+04   0.000E+00   0.000E+00   0.000E+00   0.000E+00
  OPTIMIZATION STUFF
       15727  -132586.18221070388        46880467922.228424     
   171176.43590464914       -303762.61811535305     
        0    18436  -0.450E+01   0.152E+04  -0.480E+01   0.141E+04   0.000E+00   0.000E+00   0.000E+00   0.000E+00
  OPTIMIZATION STUFF
       18436  -131084.65063972099        45422605888.546829     
   168045.88734988170       -299130.53798960266     
        0    17440   0.326E+01   0.179E+04   0.458E+01   0.175E+04   0.000E+00   0.000E+00   0.000E+00   0.000E+00
  OPTIMIZATION STUFF
       17440  -133720.99263447305        46210325154.903229     
   168312.27312277150       -302033.26575724455     
        0    19564  -0.444E+00   0.200E+04   0.811E-01   0.185E+04   0.000E+00   0.000E+00   0.000E+00   0.000E+00
  OPTIMIZATION STUFF
       19564  -134371.39719433943        46722852216.293846     
   169313.85009010608       -303685.24728444550     
        0    18895   0.201E+01   0.100E+04   0.222E+00   0.107E+04   0.000E+00   0.000E+00   0.000E+00   0.000E+00
  OPTIMIZATION STUFF
       18895  -133406.18270642273        46540913042.339615     
   169539.68107213182       -302945.86377855454     
        0    18089  -0.392E+01   0.781E+03  -0.291E+01   0.101E+04   0.000E+00   0.000E+00   0.000E+00   0.000E+00
  OPTIMIZATION STUFF
       18089  -132599.85713327595        46069422102.367996     
   168780.03433641908       -301379.89146969502     
        0    18399  -0.256E+00   0.576E+03  -0.186E+01   0.550E+03   0.000E+00   0.000E+00   0.000E+00   0.000E+00
  OPTIMIZATION STUFF
       18399  -135815.50251534829        46752163581.072113     
   168244.80038793333       -304060.30290328164     
        0    16720  -0.657E+00   0.632E+03   0.286E+00   0.531E+03   0.000E+00   0.000E+00   0.000E+00   0.000E+00
  OPTIMIZATION STUFF
       16720  -134021.56577722158        46125797795.176254     
   167821.38630638862       -301842.95208361023     
        0    17998  -0.162E+01   0.603E+03  -0.181E+01   0.554E+03   0.000E+00   0.000E+00   0.000E+00   0.000E+00
  OPTIMIZATION STUFF
       17998  -134777.59867863829        46105753745.389763     
   167154.87620709627       -301932.47488573455     
        0    17473   0.163E+01   0.593E+03   0.171E+01   0.486E+03   0.000E+00   0.000E+00   0.000E+00   0.000E+00
  OPTIMIZATION STUFF
       17473  -136522.76360523427        47829018749.843643     
   170852.43272319235       -307375.19632842659     
        0    19314  -0.185E+01   0.540E+03  -0.160E+01   0.531E+03   0.000E+00   0.000E+00   0.000E+00   0.000E+00
  OPTIMIZATION STUFF
       19314  -136710.71111733458        48670574822.613831     
   173149.52003516073       -309860.23115249531     
        0    15644   0.547E+00   0.429E+03  -0.146E+00   0.393E+03   0.000E+00   0.000E+00   0.000E+00   0.000E+00
  OPTIMIZATION STUFF
       15644  -137647.76853594711        49290789541.896416     
   174194.95216271552       -311842.72069866263     
        0    13440  -0.142E+01   0.286E+03  -0.531E+00   0.238E+03   0.000E+00   0.000E+00   0.000E+00   0.000E+00
  OPTIMIZATION STUFF
       13440  -137257.37949747278        48663577605.850868     
   172696.23440983769       -309953.61390731047     
        0    18375  -0.130E+01   0.304E+03   0.150E+01   0.482E+03   0.000E+00   0.000E+00   0.000E+00   0.000E+00
  OPTIMIZATION STUFF
       18375  -140295.07047170913        51629916923.827049     
   178737.82511031406       -319032.89558202319     
        0    19683   0.215E+01   0.601E+03  -0.110E+01   0.647E+03   0.000E+00   0.000E+00   0.000E+00   0.000E+00
  OPTIMIZATION STUFF
       19683  -140519.28463400941        51355216308.990433     
   177790.73922715063       -318310.02386116004     
        0    17342  -0.172E+01   0.571E+03  -0.126E+01   0.557E+03   0.000E+00   0.000E+00   0.000E+00   0.000E+00
  OPTIMIZATION STUFF
       17342  -141257.51492183315        51570260797.146530     
   177810.50383836895       -319068.01876020210     
        0    19373  -0.137E+00   0.321E+03   0.157E+00   0.306E+03   0.000E+00   0.000E+00   0.000E+00   0.000E+00
  OPTIMIZATION STUFF
       19373  -139960.12654266183        51056955653.549286     
   177392.55517555232       -317352.68171821418     
        0    15587   0.574E+00   0.179E+03  -0.103E+00   0.164E+03   0.000E+00   0.000E+00   0.000E+00   0.000E+00
  OPTIMIZATION STUFF
       15587  -143502.65098127231        52274401363.365845     
   177992.66986230918       -321495.32084358146     
        0    13771   0.503E+00   0.260E+03   0.559E+00   0.221E+03   0.000E+00   0.000E+00   0.000E+00   0.000E+00
  OPTIMIZATION STUFF
       13771  -141502.36229622134        51162464733.449211     
   176464.00822274815       -317966.37051896949     
        0    16081   0.290E+00   0.202E+03   0.347E+00   0.203E+03   0.000E+00   0.000E+00   0.000E+00   0.000E+00
  OPTIMIZATION STUFF
       16081  -138152.84797539437        49269023498.786957     
   173732.01804812643       -311884.86602352082     
        0    12219  -0.156E+01   0.199E+03  -0.169E+01   0.234E+03   0.000E+00   0.000E+00   0.000E+00   0.000E+00
  OPTIMIZATION STUFF
       12219  -137346.38605788990        49257059082.483353     
   174335.96679779081       -311682.35285568074     
        0    14344   0.680E-01   0.209E+03   0.440E+00   0.272E+03   0.000E+00   0.000E+00   0.000E+00   0.000E+00
  OPTIMIZATION STUFF
       14344  -137730.94819376836        48684607407.251701     
   172379.79381846701       -310110.74201223534     
        0    13880  -0.232E+00   0.430E+03  -0.435E+00   0.403E+03   0.000E+00   0.000E+00   0.000E+00   0.000E+00
  OPTIMIZATION STUFF
       13880  -140951.20020042700        50444311221.913795     
   174863.00461782343       -315814.20481825044     
        0     9961   0.969E+00   0.338E+03   0.142E+01   0.428E+03   0.000E+00   0.000E+00   0.000E+00   0.000E+00
  OPTIMIZATION STUFF
        9961  -134372.82744915559        47889090164.413033     
   172722.41721251034       -307095.24466166593     
        0    12584  -0.131E+01   0.331E+03  -0.152E+01   0.316E+03   0.000E+00   0.000E+00   0.000E+00   0.000E+00
  OPTIMIZATION STUFF
       12584  -138640.15407041955        49380879756.727936     
   173665.73477821774       -312305.88884863729     
        0    13909   0.111E+01   0.558E+03   0.152E+01   0.550E+03   0.000E+00   0.000E+00   0.000E+00   0.000E+00
  OPTIMIZATION STUFF
       13909  -140115.57139007407        50210494746.542053     
   174866.00984918457       -314981.58123925864     
        0    16247   0.325E+01   0.335E+03   0.296E+01   0.337E+03   0.000E+00   0.000E+00   0.000E+00   0.000E+00
  OPTIMIZATION STUFF
       16247  -140734.69751597501        50929856634.305809     
   176418.82424898093       -317153.52176495595     
        0    17239  -0.291E+00   0.408E+03  -0.812E+00   0.373E+03   0.000E+00   0.000E+00   0.000E+00   0.000E+00
  OPTIMIZATION STUFF
       17239  -139576.99977817014        50875222653.299324     
   177182.06395181204       -316759.06372998218     
        0    15117  -0.114E+01   0.415E+03  -0.324E+00   0.419E+03   0.000E+00   0.000E+00   0.000E+00   0.000E+00
  OPTIMIZATION STUFF
       15117  -141564.59573111383        52450234128.304932     
   180026.94066108894       -321591.53639220278     
        0    20633  -0.189E+01   0.382E+03  -0.189E+01   0.401E+03   0.000E+00   0.000E+00   0.000E+00   0.000E+00
  OPTIMIZATION STUFF
       20633  -142317.61036640347        53131504767.681305     
   181320.71736919053       -323638.32773559401     
        0    13427  -0.227E+00   0.242E+03  -0.287E+00   0.342E+03   0.000E+00   0.000E+00   0.000E+00   0.000E+00
  OPTIMIZATION STUFF
       13427  -141070.68109046493        52327531967.471306     
   180073.85958029458       -321144.54067075951     
