   141805310.06895250     
   124944955.97842298     
   100427534.71912909     
   82563343.620087862     
   61949822.559592083     
   51653392.352219574     
   35943556.196288623     
   27965610.658967592     
   24702704.377451785     
   26226434.132676918     
   19338510.484702371     
   21413989.474985842     
   19307728.724909667     
   21007642.521522902     
   15787116.479570083     
   14615213.285836071     
   13964895.022626795     
   14119470.313668571     
   13487469.449068028     
   12917240.656207468     
   12437837.784537088     
   12574686.793413784     
   13019987.551849034     
   13062159.967302654     
   13170224.678864397     
   12449868.677119540     
   12910290.371542651     
   12657470.535458282     
   13387634.879066493     
   14070578.670000589     
   14076816.801341416     
   14050617.811219584     
   14504466.143236995     
   14524973.253955875     
   14473241.288466927     
   14473855.822502378     
   14481265.856767349     
   14495860.953975901     
   14506093.699965989     
   14466400.658634815     
   14473681.484153856     
   14464446.842254287     
   14488218.538661242     
   14452713.250249390     
   14236190.555802241     
   14087577.004647195     
   15041303.522538139     
   15019129.804597735     
   14941111.062415145     
   15190979.268358830     
