           1  0.53590297698974609       0.72399616241455078      -0.81977927684783936     
           2  0.78932785987854004       -1.6599774360656738E-002 -0.47010803222656250     
           3  0.79407775402069092        8.6778283119201660E-002  0.66439378261566162     
           4 -0.66226553916931152       0.84275496006011963      -0.89616990089416504     
           5 -0.59019386768341064      -0.98222339153289795       0.38115227222442627     
           6 -0.88230204582214355      -0.22367191314697266       0.69583404064178467     
           7  -8.5440397262573242E-002 -0.12143707275390625       0.12084341049194336     
           8  -9.7242593765258789E-003 -0.31136393547058105      -0.27531003952026367     
           9 -0.36599659919738770       0.32545030117034912       0.30220103263854980     
          10 -0.52441036701202393      -0.59906804561614990      -0.57542741298675537     
          11  0.97335147857666016       0.85953450202941895      -0.83458256721496582     
          12 -0.31645953655242920      -0.12902116775512695       0.62746250629425049     
          13 -0.44197630882263184       0.14567589759826660      -0.36013734340667725     
          14 -0.69437229633331299       0.37828314304351807      -0.67595362663269043     
          15 -0.90592908859252930      -0.57096469402313232       0.44464135169982910     
          16 -0.97081732749938965       -9.5615148544311523E-002  0.46937513351440430     
          17 -0.82546126842498779       0.33515739440917969        5.7129383087158203E-002
          18  0.36685323715209961      -0.31650531291961670        2.1102786064147949E-002
          19   1.1050701141357422E-003 -0.61733555793762207       0.33113229274749756     
          20  0.49694573879241943      -0.70566296577453613       0.89899957180023193     
          21 -0.76281261444091797      -0.21636164188385010       -3.9123058319091797E-002
          22 -0.73439168930053711      -0.58073973655700684       0.92204654216766357     
          23  0.25172162055969238       0.87219488620758057        3.8712024688720703E-003
          24  -8.6262345314025879E-002 -0.19261598587036133       0.50203049182891846     
          25 -0.20344495773315430       0.74011147022247314       -1.0639548301696777E-002
          26  0.52643346786499023      -0.39225375652313232       0.94087958335876465     
          27  0.84522426128387451       0.13723921775817871      -0.22258913516998291     
          28 -0.93107724189758301       0.67427527904510498       -7.6192259788513184E-002
          29 -0.72609066963195801       0.99764144420623779      -0.48162090778350830     
          30  0.91621184349060059       0.99713671207427979      -0.38938570022583008     
          31 -0.51638948917388916      -0.13155329227447510      -0.15259695053100586     
          32  0.63637495040893555       0.59604215621948242      -0.92599463462829590     
          33  0.28097045421600342      -0.25421810150146484       0.22359347343444824     
          34 -0.17412734031677246       0.62513852119445801       0.82521402835845947     
          35  0.56917619705200195      -0.11034166812896729        8.2445740699768066E-002
          36 -0.12474012374877930      -0.57548213005065918      -0.32284033298492432     
          37 -0.58127212524414062       0.78862202167510986        2.4713754653930664E-002
          38  0.23469936847686768       0.80104625225067139      -0.66144144535064697     
          39 -0.63956081867218018       0.10448002815246582       0.43811178207397461     
          40 -0.71203017234802246       0.21306920051574707       0.27094471454620361     
          41  0.62370741367340088       0.89077258110046387       0.44047939777374268     
          42 -0.33292531967163086      -0.75224673748016357      -0.39636135101318359     
          43  0.37646722793579102      -0.11901783943176270       0.22029983997344971     
          44   1.1172294616699219E-003  0.42545342445373535       0.91794967651367188     
          45  0.24391043186187744      -0.62823760509490967       0.77940618991851807     
          46 -0.64665722846984863      -0.27122235298156738      -0.65382218360900879     
          47 -0.53189444541931152       0.17027437686920166       0.89298105239868164     
          48 -0.44369721412658691       0.69980216026306152      -0.92756736278533936     
          49  0.95956742763519287       0.23676669597625732       0.92366087436676025     
          50  0.60335886478424072       0.76925611495971680       0.26845824718475342     
          51   2.6894092559814453E-002 -0.59687876701354980      -0.82480502128601074     
          52  0.49434590339660645      -0.73442661762237549      -0.14187014102935791     
          53  0.88780474662780762      -0.68227875232696533      -0.84266567230224609     
          54  0.18368887901306152       0.97531509399414062       0.35395443439483643     
          55 -0.15789759159088135      -0.19494640827178955       0.73269879817962646     
          56  0.65141499042510986      -0.81408536434173584       0.20184028148651123     
          57 -0.95893299579620361      -0.78816342353820801      -0.76379001140594482     
          58  -1.8049597740173340E-002  -2.8553366661071777E-002  0.88124358654022217     
          59 -0.19090282917022705      -0.82851409912109375       0.76987147331237793     
          60  0.39164257049560547       0.84751510620117188       0.38540780544281006     
          61 -0.32469916343688965      -0.41024720668792725      -0.99615895748138428     
          62  0.43189573287963867       0.26711142063140869       -6.5853476524353027E-002
          63  0.60947144031524658       0.74989259243011475      -0.66802322864532471     
          64  0.62670564651489258      -0.65295875072479248       0.75185370445251465     
          65  -7.4509263038635254E-002 -0.48365712165832520      -0.88273358345031738     
          66  0.81104958057403564      -0.89432418346405029       0.84741640090942383     
          67  0.82812094688415527      -0.37432456016540527      -0.46225965023040771     
          68   2.2964119911193848E-002  0.61098670959472656       0.46432530879974365     
          69 -0.63302290439605713      -0.84999907016754150      -0.93349170684814453     
          70  0.19023859500885010      -0.27782070636749268      -0.53188848495483398     
          71  -6.2618970870971680E-002  0.79058384895324707      -0.17257046699523926     
          72   3.6298036575317383E-002  0.50100302696228027      -0.29209887981414795     
          73 -0.89680016040802002       0.56803655624389648      -0.35693824291229248     
          74 -0.23701870441436768       0.52962148189544678       0.64823460578918457     
          75 -0.17774653434753418      -0.45419180393218994       0.37033700942993164     
          76  0.29647707939147949       0.59720516204833984       -1.1489391326904297E-003
          77 -0.18783330917358398      -0.69086122512817383      -0.85257780551910400     
          78 -0.44761431217193604       0.78592693805694580       0.60389792919158936     
          79 -0.31589317321777344       -1.8844008445739746E-002 -0.73022210597991943     
          80 -0.26063001155853271        9.7615718841552734E-002  0.80589425563812256     
          81  0.95455193519592285       0.72269463539123535       0.92557477951049805     
          82   2.1503210067749023E-002 -0.87794137001037598      -0.55713677406311035     
          83  0.39704763889312744       0.53356909751892090       0.14452266693115234     
          84 -0.15054321289062500       0.74173665046691895       0.17734003067016602     
          85 -0.78611946105957031       0.69340264797210693      -0.79378938674926758     
          86  0.69879257678985596      -0.78675401210784912       0.35648977756500244     
          87 -0.59510064125061035      -0.50342559814453125       0.80925500392913818     
          88 -0.96426558494567871       0.78403854370117188       0.60791349411010742     
          89 -0.31501686573028564      -0.38955116271972656      -0.12608683109283447     
          90 -0.49488520622253418      -0.28205060958862305       0.26035773754119873     
          91   5.2562713623046875E-002 -0.56183409690856934       0.91396820545196533     
          92  0.54069674015045166       0.67126524448394775      -0.23316645622253418     
          93 -0.86177504062652588       0.14066100120544434       0.23496294021606445     
          94 -0.87122619152069092       0.41830956935882568       0.29518342018127441     
          95 -0.64460980892181396       -7.5209140777587891E-004 -0.35846626758575439     
          96 -0.40778315067291260       0.15898597240447998       0.56947124004364014     
          97  0.81120359897613525      -0.76025068759918213        7.7137708663940430E-002
          98 -0.85414361953735352      -0.84983646869659424      -0.59903872013092041     
          99 -0.35912454128265381       0.86354649066925049      -0.91277813911437988     
         100  0.79408800601959229       0.71963834762573242       0.85333967208862305     
         101 -0.50738239288330078       0.79308617115020752      -0.15083372592926025     
         102  0.39703035354614258       0.52193808555603027       0.60138165950775146     
         103   3.3891797065734863E-002 -0.98032522201538086       -3.4652948379516602E-003
         104 -0.61765158176422119       -6.9558978080749512E-002  0.41396772861480713     
         105  0.40709590911865234      -0.19880306720733643       0.77104425430297852     
         106 -0.73472869396209717       0.45500481128692627       -6.8432331085205078E-002
         107  0.74381744861602783      -0.23288440704345703       0.37938642501831055     
         108 -0.50438594818115234      -0.64559316635131836        8.8258147239685059E-002
         109  0.21489930152893066       0.97988474369049072       0.52100217342376709     
         110 -0.62506985664367676       0.80560111999511719      -0.33879196643829346     
         111  0.53683114051818848       0.24184310436248779        7.3123335838317871E-002
         112 -0.49195647239685059      -0.74670445919036865      -0.26217782497406006     
         113  0.13788115978240967      -0.32583546638488770      -0.36490952968597412     
         114  0.11508154869079590       0.38181173801422119      -0.97350049018859863     
         115  0.53892910480499268       -2.9165267944335938E-002  0.39947938919067383     
         116  0.96713125705718994      -0.61754751205444336      -0.32841634750366211     
         117  0.65163481235504150       0.97688615322113037      -0.44014728069305420     
         118 -0.91281020641326904      -0.52054643630981445      -0.98307740688323975     
         119 -0.87931084632873535        6.9254040718078613E-002 -0.98007071018218994     
         120 -0.70562839508056641      -0.78903412818908691      -0.59716212749481201     
         121  0.20029652118682861      -0.45708870887756348        3.8998603820800781E-002
         122  0.30890059471130371       0.81840360164642334      -0.38950300216674805     
         123   4.2645931243896484E-003  -2.7777075767517090E-002 -0.43981039524078369     
         124 -0.72592294216156006       0.60488784313201904      -0.96423530578613281     
         125 -0.52420938014984131       0.98369956016540527      -0.10442054271697998     
         126 -0.78584623336791992       0.78737723827362061       0.49787569046020508     
         127 -0.39904451370239258      -0.68107831478118896       0.30052578449249268     
         128  0.58175110816955566       0.44388771057128906      -0.60668540000915527     
         129  0.16557431221008301        5.4798126220703125E-002  0.16409003734588623     
         130  -2.3836970329284668E-002  0.67335212230682373       0.64411401748657227     
         131 -0.70809543132781982      -0.68586432933807373      -0.38818681240081787     
         132  0.66295003890991211       0.37687146663665771        3.3466339111328125E-002
         133  0.53816890716552734      -0.84211432933807373       0.46043193340301514     
         134 -0.74950683116912842        7.6957941055297852E-003  0.15799605846405029     
         135 -0.47462213039398193       0.31692445278167725       0.82138180732727051     
         136  0.14241659641265869      -0.35866820812225342       0.54314804077148438     
         137  0.65431845188140869       0.23137795925140381      -0.17509102821350098     
         138  0.95834863185882568      -0.35347056388854980       0.74039530754089355     
         139  0.91046786308288574       0.21279168128967285       0.68802571296691895     
         140 -0.58730244636535645      -0.27708864212036133       -3.4551382064819336E-002
         141  0.15770328044891357      -0.26731789112091064        1.9477128982543945E-002
         142   6.4744949340820312E-003  0.69188249111175537       0.14166831970214844     
         143  0.30411052703857422       0.21714496612548828      -0.50442743301391602     
         144 -0.89014959335327148       0.36222481727600098       0.91407907009124756     
         145  0.32135188579559326       0.12939333915710449      -0.21035301685333252     
         146  0.61412525177001953        1.0210275650024414E-003  0.79227840900421143     
         147  0.41393458843231201       0.29640340805053711       0.76238286495208740     
         148 -0.24172627925872803      -0.42454600334167480      -0.71123468875885010     
         149 -0.62449145317077637       -8.3500266075134277E-002 -0.96724736690521240     
         150 -0.74508202075958252      -0.24600136280059814      -0.99969863891601562     
         151  0.36685609817504883       0.91998839378356934       0.95065832138061523     
         152  0.48500239849090576      -0.46530282497406006      -0.43698656558990479     
         153  0.61035561561584473       0.11535477638244629      -0.71496546268463135     
         154 -0.54142320156097412       0.26404607295989990      -0.48802816867828369     
         155   4.8597693443298340E-002 -0.54817175865173340       -5.5679321289062500E-002
         156 -0.41851449012756348      -0.23328459262847900      -0.97817397117614746     
         157 -0.90575397014617920       -5.7812571525573730E-002 -0.47801923751831055     
         158 -0.72423589229583740      -0.55221736431121826      -0.74395775794982910     
         159 -0.58966100215911865       0.24084353446960449      -0.77762234210968018     
         160  0.15171086788177490       0.35722351074218750      -0.52405166625976562     
         161 -0.20093357563018799       0.86708891391754150      -0.73715806007385254     
         162  0.36402261257171631      -0.61611950397491455       0.22172307968139648     
         163  0.48145806789398193       0.40423130989074707       0.94563865661621094     
         164  -3.4326314926147461E-003 -0.65221154689788818      -0.56180429458618164     
         165  0.62014091014862061      -0.49175834655761719       0.16505634784698486     
         166 -0.12869441509246826      -0.94734525680541992      -0.27098083496093750     
         167  0.11174881458282471      -0.51184773445129395       0.48793506622314453     
         168 -0.23228216171264648        1.6207456588745117E-002  0.97513711452484131     
         169 -0.76638293266296387       0.90736174583435059       0.26239740848541260     
         170  0.55987787246704102       0.29109787940979004      -0.79664039611816406     
         171 -0.57908463478088379       0.55736124515533447       0.76861310005187988     
         172 -0.62147498130798340      -0.41502892971038818      -0.43185794353485107     
         173   2.0369172096252441E-002  -6.3456892967224121E-002  0.36538124084472656     
         174 -0.34668111801147461      -0.99182617664337158        7.5852870941162109E-003
         175 -0.75062453746795654       0.36411869525909424      -0.44310510158538818     
         176   9.6103549003601074E-002  0.33376216888427734       0.29026567935943604     
         177  0.46695065498352051       0.24109292030334473      -0.98044800758361816     
         178 -0.68685340881347656      -0.70124161243438721       0.41466379165649414     
         179  0.70213782787322998       0.67074370384216309      -0.25808537006378174     
         180 -0.23463618755340576      -0.35150754451751709       0.67288815975189209     
         181 -0.51548528671264648      -0.28458857536315918       0.87198328971862793     
         182 -0.17586910724639893       0.76753902435302734      -0.96567797660827637     
         183  0.14474737644195557        4.0039420127868652E-002  0.38464570045471191     
         184  0.12566816806793213       0.29370367527008057      -0.12190854549407959     
         185  0.26075017452239990       0.28333258628845215      -0.71536827087402344     
         186 -0.32351827621459961      -0.54967379570007324      -0.58242142200469971     
         187  0.52554476261138916      -0.93653309345245361       0.67299556732177734     
         188 -0.49783468246459961       0.67438185214996338      -0.31675302982330322     
         189 -0.49804615974426270        4.1035652160644531E-002  0.28996801376342773     
         190 -0.60287034511566162       0.68595540523529053       0.96014189720153809     
         191   2.5980114936828613E-002 -0.63397121429443359       0.15966224670410156     
         192  0.14216399192810059      -0.84669685363769531        7.6902508735656738E-002
         193 -0.79509830474853516      -0.80511128902435303      -0.14627635478973389     
         194  -9.9395871162414551E-002  0.80776476860046387       0.81841111183166504     
         195  0.11924195289611816       0.65564692020416260      -0.70484197139739990     
         196  0.90797519683837891      -0.44604146480560303      -0.17444276809692383     
         197 -0.72547054290771484        5.4628729820251465E-002  -4.1054010391235352E-002
         198  0.43907582759857178       0.48369240760803223      -0.46941435337066650     
         199   5.1158666610717773E-002  0.85345900058746338       0.51650440692901611     
         200  0.88212013244628906      -0.36209332942962646       0.57397425174713135     
         201 -0.35499596595764160       -7.2887182235717773E-002 -0.38570475578308105     
         202 -0.14592027664184570       0.19987618923187256       0.97036516666412354     
         203 -0.93575143814086914       0.13766205310821533      -0.34229362010955811     
         204  0.75442194938659668      -0.84010696411132812      -0.86664116382598877     
         205 -0.20936179161071777       0.47458767890930176      -0.58163797855377197     
         206  0.29214572906494141        9.4750046730041504E-002  -2.2678732872009277E-002
         207  0.97126340866088867       0.27421736717224121      -0.35513949394226074     
         208  0.34761643409729004       0.39998710155487061      -0.88068974018096924     
         209 -0.13333380222320557       0.45625436305999756       0.14213049411773682     
         210 -0.51081156730651855      -0.15110707283020020      -0.60300695896148682     
         211  -8.8551282882690430E-002  -5.0965905189514160E-002 -0.22077739238739014     
         212  0.23365092277526855        4.8598527908325195E-002  0.85615313053131104     
         213  0.52045178413391113       0.61807525157928467       0.48367357254028320     
         214  0.30193591117858887       0.61165726184844971      -0.66546547412872314     
         215  0.75807678699493408       0.80252981185913086      -0.79083514213562012     
         216  0.98916661739349365       0.82406246662139893      -0.15124869346618652     
         217 -0.80932772159576416      -0.66652739048004150       0.57212710380554199     
         218  0.45196831226348877      -0.36865878105163574       0.69324612617492676     
         219 -0.91299843788146973       -1.2206077575683594E-002  0.11832749843597412     
         220  0.60045957565307617      -0.94826722145080566      -0.76291286945343018     
         221  0.64022195339202881      -0.32722258567810059      -0.12952983379364014     
         222  -7.3661327362060547E-002  0.16580939292907715      -0.84150540828704834     
         223  0.42884171009063721      -0.76787805557250977      -0.40140545368194580     
         224 -0.78971004486083984      -0.92440140247344971       0.93114972114562988     
         225  0.63948035240173340       0.74798190593719482       0.91502189636230469     
         226  0.80800497531890869      -0.30385053157806396      -0.79093360900878906     
         227  0.23434960842132568      -0.10407114028930664      -0.76311898231506348     
         228 -0.91816723346710205      -0.61289823055267334       -4.2428374290466309E-002
         229 -0.57052206993103027      -0.60321748256683350      -0.74429821968078613     
         230  0.82079935073852539       0.81510365009307861       0.29426407814025879     
         231  0.97041964530944824      -0.37718200683593750       0.31014418601989746     
         232  0.20820271968841553      -0.67951858043670654      -0.65919029712677002     
         233   8.7901234626770020E-002 -0.18870246410369873       0.49175274372100830     
         234 -0.14672350883483887       0.91341364383697510        9.7676515579223633E-002
         235 -0.66901338100433350      -0.19287371635437012       0.72181165218353271     
         236   3.1808495521545410E-002 -0.80319750308990479       0.54786944389343262     
         237 -0.81743514537811279        3.3901095390319824E-002  0.65960657596588135     
         238  0.99076557159423828      -0.23118472099304199      -0.31305611133575439     
         239  -4.2400598526000977E-002  0.23469197750091553      -0.62857007980346680     
         240 -0.51441109180450439      -0.10246050357818604       0.56667256355285645     
         241 -0.25862979888916016      -0.38568425178527832       0.13395440578460693     
         242 -0.37620735168457031       -5.4993748664855957E-002  0.22835493087768555     
         243  0.62900519371032715      -0.43042302131652832      -0.56306970119476318     
         244  0.83816754817962646       0.89258205890655518       0.73489582538604736     
         245  -5.7258963584899902E-002 -0.43516409397125244       0.24793481826782227     
         246  -5.7821989059448242E-002  0.79295575618743896      -0.35152673721313477     
         247 -0.33020508289337158       0.90250527858734131      -0.53771018981933594     
         248 -0.85736131668090820      -0.70486736297607422       0.31265711784362793     
         249  0.71029341220855713       -6.9050908088684082E-002 -0.82491195201873779     
         250 -0.40733659267425537       0.77303671836853027       0.77692151069641113     
         251  0.88510501384735107      -0.61463904380798340      -0.60788094997406006     
         252 -0.13684427738189697      -0.25709617137908936       0.36201620101928711     
         253 -0.63842022418975830      -0.46134150028228760       0.97615921497344971     
         254 -0.33977723121643066       0.76646792888641357      -0.73155403137207031     
         255  0.85461699962615967       0.48262071609497070      -0.18888139724731445     
         256  0.34643518924713135       0.86026370525360107      -0.85891890525817871     
         257  0.85863840579986572        7.2307586669921875E-003  0.88357949256896973     
         258  -7.8430891036987305E-002  0.36891400814056396      -0.46083426475524902     
         259  0.32272791862487793      -0.89127910137176514        4.8537015914916992E-002
         260  0.34568023681640625       0.12209391593933105      -0.95509290695190430     
         261  0.27681970596313477       0.58674502372741699       0.43404960632324219     
         262 -0.55331313610076904        5.1097035408020020E-002 -0.17614829540252686     
         263   5.3132295608520508E-002  0.51909351348876953      -0.61225509643554688     
         264  0.56640112400054932      -0.82002055644989014       0.79681301116943359     
         265 -0.62874591350555420       0.60522162914276123       0.11210250854492188     
         266 -0.72391390800476074        8.1034183502197266E-002 -0.86321127414703369     
         267 -0.33206355571746826      -0.21607184410095215      -0.48171746730804443     
         268  0.10877871513366699       0.50872242450714111       0.26179802417755127     
         269 -0.18482303619384766        1.5881896018981934E-002 -0.63539266586303711     
         270 -0.79492080211639404      -0.11482846736907959      -0.25017392635345459     
         271 -0.13112616539001465      -0.76856005191802979       0.23684620857238770     
         272  0.50378417968750000       -7.3414444923400879E-002  0.61970484256744385     
         273 -0.42932605743408203      -0.69513285160064697       0.95358824729919434     
         274   1.6141057014465332E-002  0.44542932510375977       0.71111202239990234     
         275 -0.87208688259124756      -0.94284570217132568       0.66008901596069336     
         276 -0.99982595443725586      -0.20593702793121338      -0.95054817199707031     
         277 -0.58496320247650146       0.59765648841857910      -0.49481546878814697     
         278 -0.25479459762573242       0.40410637855529785      -0.84823393821716309     
         279  0.48616456985473633       0.91216933727264404      -0.29422807693481445     
         280 -0.71732139587402344      -0.42396533489227295       0.14973998069763184     
         281  0.35214126110076904      -0.66668534278869629        4.2454600334167480E-002
         282 -0.34436762332916260       0.46404695510864258       -9.8534345626831055E-002
         283  0.20474302768707275       0.45863807201385498       0.62112641334533691     
         284  0.53273522853851318       0.85770487785339355       0.59393715858459473     
         285  0.88637149333953857       0.51750779151916504       0.78941273689270020     
         286 -0.17015588283538818       -7.7424526214599609E-002  0.35475218296051025     
         287  -7.9733133316040039E-002 -0.45251703262329102      -0.51259040832519531     
         288  0.58739316463470459      -0.60355269908905029      -0.15987300872802734     
         289 -0.75311410427093506       0.62407851219177246       0.41276454925537109     
         290   1.5418767929077148E-002 -0.18447732925415039      -0.74090743064880371     
         291 -0.24017298221588135       0.61174464225769043      -0.18520092964172363     
         292  -1.4871239662170410E-002  0.68663883209228516       0.92345762252807617     
         293  0.88291919231414795      -0.87595093250274658      -0.74320602416992188     
         294  0.86035060882568359       0.27154135704040527      -0.78583550453186035     
         295 -0.25035834312438965      -0.96453428268432617       0.14185321331024170     
         296  0.99548184871673584      -0.83096098899841309        3.0404448509216309E-002
         297  0.94688880443572998       0.63994586467742920       0.56960344314575195     
         298 -0.74848783016204834      -0.84817254543304443        2.8591752052307129E-002
         299  0.80181884765625000      -0.43676960468292236      -0.31602847576141357     
         300 -0.26165413856506348       -8.0222487449645996E-002 -0.24780654907226562     
         301   9.4918251037597656E-002 -0.75495660305023193      -0.84168124198913574     
         302  0.80316376686096191      -0.69509291648864746       0.88879895210266113     
         303   4.4489502906799316E-002 -0.61232209205627441      -0.27393472194671631     
         304 -0.52612149715423584       0.24832618236541748      -0.23651063442230225     
         305 -0.31976091861724854       -1.0250687599182129E-002  -9.7906947135925293E-002
         306 -0.32449281215667725       0.65480494499206543       0.26847839355468750     
         307  -5.3851246833801270E-002  0.52843487262725830      -0.75202727317810059     
         308  0.90396714210510254       0.63546359539031982      -0.23495042324066162     
         309  0.54830765724182129      -0.89860737323760986      -0.33570849895477295     
         310  0.10153532028198242      -0.84026622772216797       0.82902979850769043     
         311 -0.56369125843048096      -0.35348403453826904      -0.92550659179687500     
         312  0.57102382183074951       0.31884253025054932       0.68480420112609863     
         313 -0.27505052089691162      -0.68497896194458008       0.49956834316253662     
         314  0.68380391597747803       0.12371075153350830        3.0281305313110352E-002
         315  0.26783716678619385      -0.74313259124755859       0.47178447246551514     
         316  0.11811280250549316       0.58318042755126953       -7.4512958526611328E-003
         317  0.84258389472961426       0.57331228256225586      -0.40800976753234863     
         318  0.19195687770843506       0.97439289093017578      -0.16295087337493896     
         319  0.94133877754211426       0.85289525985717773      -0.49486970901489258     
         320 -0.60110068321228027      -0.90878820419311523       0.75035643577575684     
         321  -6.0516834259033203E-002 -0.22381877899169922       -3.2037734985351562E-002
         322 -0.59161794185638428       0.71870052814483643       0.77536857128143311     
         323  0.31311953067779541      -0.95215392112731934      -0.55607163906097412     
         324  0.15046548843383789      -0.74031352996826172      -0.28078734874725342     
         325  0.92400264739990234      -0.64266669750213623       0.73782217502593994     
         326 -0.34258186817169189       0.25886392593383789      -0.95391011238098145     
         327  0.50474405288696289       -1.0989665985107422E-002 -0.44010221958160400     
         328  0.27478003501892090       0.19285750389099121       0.69092023372650146     
         329 -0.20400822162628174      -0.74798989295959473      -0.55676281452178955     
         330 -0.17964828014373779        2.9619097709655762E-002 -0.41012537479400635     
         331 -0.20727002620697021       0.97141110897064209      -0.40294647216796875     
         332 -0.60515308380126953       0.74797391891479492       0.47279298305511475     
         333 -0.24841427803039551      -0.53755736351013184        4.5809268951416016E-002
         334 -0.62036311626434326       0.97357511520385742       0.53968250751495361     
         335  0.44103097915649414       0.54106199741363525       0.76092934608459473     
         336 -0.89146709442138672       0.39401745796203613      -0.82659459114074707     
         337 -0.79688358306884766       0.22056925296783447       0.83638107776641846     
         338  0.49774861335754395       0.77750194072723389      -0.54026532173156738     
         339  0.38008916378021240      -0.58371698856353760      -0.48759436607360840     
         340  0.62846815586090088       0.34204745292663574       0.30418956279754639     
         341  0.24367582798004150       0.75590240955352783       0.15063941478729248     
         342  0.80904293060302734       0.84476912021636963        8.7212443351745605E-002
         343 -0.46905040740966797        5.2897095680236816E-002 -0.59882259368896484     
         344 -0.45069897174835205       0.58600783348083496       0.39681267738342285     
         345 -0.46559941768646240       0.72566616535186768      -0.47898805141448975     
         346 -0.43637204170227051      -0.85547316074371338       0.51895666122436523     
         347  0.93393516540527344       0.63646090030670166      -0.76436650753021240     
         348 -0.76923835277557373      -0.64985024929046631      -0.24212884902954102     
         349 -0.99492621421813965      -0.25569856166839600       -9.4975233078002930E-002
         350  0.93527960777282715      -0.16183662414550781      -0.51077055931091309     
         351 -0.54988694190979004       0.21889090538024902       0.33740580081939697     
         352 -0.94503581523895264      -0.43609952926635742      -0.43187618255615234     
         353  0.47474431991577148      -0.64021313190460205      -0.66239142417907715     
         354 -0.15764224529266357      -0.31968200206756592      -0.44471991062164307     
         355 -0.29091656208038330       0.22121810913085938      -0.45956718921661377     
         356  0.53575468063354492       0.29054474830627441      -0.52904891967773438     
         357 -0.44935023784637451       0.47592759132385254       0.84182047843933105     
         358  0.37332391738891602      -0.95743119716644287      -0.22332239151000977     
         359  0.52953219413757324      -0.93717777729034424      -0.92483603954315186     
         360  0.12303471565246582       0.98075532913208008      -0.43230414390563965     
         361  0.11586403846740723       0.80480635166168213       -7.2264790534973145E-002
         362  -2.7795314788818359E-002  0.99626135826110840       0.77417314052581787     
         363 -0.56120491027832031      -0.84984731674194336       -2.7187347412109375E-002
         364  -3.1992197036743164E-003  0.29866135120391846      -0.27256190776824951     
         365  0.94772100448608398       0.14054703712463379       0.22026824951171875     
         366 -0.73840367794036865      -0.10490131378173828      -0.85355782508850098     
         367 -0.10190677642822266      -0.64845538139343262        4.1551470756530762E-002
         368 -0.16926383972167969       0.69146060943603516       0.36927199363708496     
         369 -0.24883496761322021       0.53555190563201904      -0.39639949798583984     
         370   9.3714833259582520E-002 -0.18817806243896484      -0.25002181529998779     
         371  -1.2294769287109375E-002 -0.45908844470977783        8.2995176315307617E-002
         372  0.67055737972259521        2.1623373031616211E-003 -0.15640509128570557     
         373  0.51059639453887939       0.12845635414123535       0.84770095348358154     
         374   4.1581392288208008E-003  0.33996105194091797       -1.2501358985900879E-002
         375 -0.93388462066650391      -0.35112738609313965       0.96040081977844238     
         376 -0.75950574874877930      -0.90018117427825928       0.30289077758789062     
         377 -0.17626070976257324       0.21527147293090820       0.56263244152069092     
         378  0.70679891109466553       0.65522801876068115       -7.4544191360473633E-002
         379 -0.96590518951416016       0.87222027778625488       0.79635465145111084     
         380 -0.25083184242248535        8.1457972526550293E-002  0.42874395847320557     
         381  0.63984346389770508      -0.69887030124664307       0.52511608600616455     
         382 -0.39491307735443115       0.82906389236450195        2.7209281921386719E-002
         383  0.92655181884765625      -0.54213023185729980       0.91537678241729736     
         384  0.30542969703674316      -0.46915292739868164      -0.80158913135528564     
         385  0.88000929355621338        4.9069166183471680E-002  0.42020869255065918     
         386  0.89804935455322266       -2.6739835739135742E-003 -0.28110301494598389     
         387  0.39235806465148926       0.14202904701232910       0.44733858108520508     
         388 -0.46667075157165527      -0.35706186294555664       0.57772922515869141     
         389 -0.35559582710266113       0.31898176670074463        7.2967886924743652E-002
         390 -0.21370136737823486      -0.65816187858581543      -0.15868127346038818     
         391  0.19840800762176514      -0.35709631443023682      -0.72156608104705811     
         392 -0.64729130268096924       0.23861837387084961       0.74081516265869141     
         393 -0.16909551620483398       0.33301675319671631      -0.24434518814086914     
         394  -9.1068744659423828E-002  0.39106988906860352       0.43048608303070068     
         395 -0.37257981300354004      -0.38729035854339600       0.33643519878387451     
         396  0.23918759822845459       0.21757924556732178       0.34159791469573975     
         397  0.32616007328033447      -0.21456503868103027      -0.10881435871124268     
         398  0.70148205757141113      -0.42956483364105225       0.65761828422546387     
         399 -0.86191439628601074      -0.97569966316223145        4.6917080879211426E-002
         400 -0.74176847934722900      -0.28939986228942871       0.25942611694335938     
         401 -0.83374094963073730       0.94162929058074951      -0.11387598514556885     
         402  0.43084454536437988       -9.9786639213562012E-002 -0.92423164844512939     
         403 -0.36405134201049805       0.26701748371124268      -0.70557188987731934     
         404  0.60133981704711914      -0.27180981636047363      -0.67186927795410156     
         405  0.21921169757843018       0.80874752998352051       0.64023780822753906     
         406 -0.98952138423919678      -0.96256506443023682      -0.10707831382751465     
         407  0.15867233276367188       0.67508995532989502      -0.52611994743347168     
         408  0.80160665512084961       0.25603568553924561       0.86633527278900146     
         409 -0.38653087615966797      -0.93836951255798340      -0.34157180786132812     
         410  0.63753759860992432      -0.49944603443145752      -0.89874494075775146     
         411 -0.76174867153167725      -0.45275688171386719      -0.58933305740356445     
         412  0.39583337306976318       0.14908146858215332      -0.68191790580749512     
         413 -0.12322759628295898       0.42681860923767090      -0.11873960494995117     
         414  0.52912795543670654       0.97511732578277588       0.14071500301361084     
         415 -0.91571199893951416      -0.49409973621368408      -0.73356580734252930     
         416  0.52001285552978516       0.10394823551177979       0.66040778160095215     
         417   5.1677584648132324E-002  0.12051105499267578      -0.73613691329956055     
         418  0.12098205089569092        8.9732527732849121E-002  0.97633123397827148     
         419  0.89052236080169678       0.46338534355163574       0.60249853134155273     
         420  0.62227642536163330      -0.22250664234161377      -0.86569333076477051     
         421 -0.73736703395843506       0.13933002948760986       0.96271073818206787     
         422  0.62102973461151123       -8.5876941680908203E-002 -0.53798925876617432     
         423  0.84525501728057861      -0.35359799861907959      -0.96030688285827637     
         424  -3.9300322532653809E-002   1.5644907951354980E-002  0.19805157184600830     
         425 -0.76932430267333984       0.16912341117858887      -0.71349442005157471     
         426  0.87110173702239990       0.17459547519683838      -0.59960544109344482     
         427 -0.96883642673492432      -0.84365642070770264       0.25463926792144775     
         428 -0.75161898136138916       0.66919350624084473       0.88141930103302002     
         429 -0.67420458793640137      -0.52525389194488525      -0.12686836719512939     
         430 -0.95899236202239990      -0.81437623500823975      -0.30624210834503174     
         431  0.23707091808319092      -0.79134678840637207       0.74661993980407715     
         432 -0.18907535076141357       0.92353034019470215       0.94372439384460449     
         433 -0.50440311431884766      -0.14870584011077881      -0.78507328033447266     
         434  0.28507053852081299       0.40354919433593750       0.80729138851165771     
         435  0.91725575923919678       0.54053103923797607       -1.2077450752258301E-002
         436 -0.24268567562103271       0.77622354030609131       0.88735759258270264     
         437  0.82730102539062500       -4.6289086341857910E-002 -0.65636456012725830     
         438 -0.24568259716033936       0.94046258926391602       0.27118468284606934     
         439 -0.43224287033081055      -0.54887592792510986       0.57306325435638428     
         440  0.38562762737274170      -0.34561908245086670      -0.59590792655944824     
         441 -0.64424276351928711      -0.95813632011413574      -0.76066970825195312     
         442  0.81160068511962891      -0.66118407249450684       0.52455198764801025     
         443 -0.52742815017700195      -0.96736097335815430       0.12118077278137207     
         444 -0.52536690235137939      -0.84169852733612061      -0.45143890380859375     
         445 -0.63006615638732910      -0.20106685161590576      -0.32143890857696533     
         446 -0.53839564323425293       0.26678502559661865       0.14820742607116699     
         447  0.47273039817810059      -0.29589140415191650       0.36365807056427002     
         448  0.16224884986877441       0.51717221736907959       0.90530085563659668     
         449  0.93309569358825684       0.49346566200256348       0.44738292694091797     
         450 -0.40627872943878174       0.35325086116790771      -0.37804841995239258     
         451 -0.89823067188262939       0.17957866191864014       -6.1344981193542480E-002
         452 -0.91319203376770020       0.95615291595458984      -0.51743924617767334     
         453 -0.35243511199951172       0.89748895168304443      -0.32897567749023438     
         454 -0.85323572158813477      -0.68059694766998291      -0.56682384014129639     
         455  0.35595488548278809       0.82517886161804199       0.72850060462951660     
         456 -0.54688322544097900       0.24987876415252686       0.58642959594726562     
         457  -8.5357904434204102E-002  0.83427381515502930      -0.54990649223327637     
         458  0.43862342834472656      -0.87558495998382568      -0.72057890892028809     
         459 -0.74647843837738037      -0.38408517837524414      -0.32547640800476074     
         460 -0.34992969036102295      -0.55372893810272217      -0.80823636054992676     
         461  0.41728413105010986       0.25415575504302979       0.32836306095123291     
         462 -0.57501113414764404      -0.56156921386718750       0.46674847602844238     
         463 -0.88699316978454590       0.71358048915863037       0.12244546413421631     
         464  0.53015780448913574       0.58420467376708984        6.2587618827819824E-002
         465  0.71459376811981201       0.21256721019744873      -0.41699695587158203     
         466  0.27164196968078613      -0.95050966739654541      -0.97420430183410645     
         467 -0.50308954715728760       0.84832954406738281      -0.63610672950744629     
         468 -0.50986790657043457       0.70135033130645752       0.18321359157562256     
         469   1.1027693748474121E-002 -0.96161019802093506       0.57679033279418945     
         470 -0.26631367206573486       0.53139531612396240       0.39296817779541016     
         471  0.28027915954589844       0.33665776252746582      -0.22723364830017090     
         472   9.3278765678405762E-002  0.98386967182159424      -0.81231570243835449     
         473  0.77706742286682129      -0.97087240219116211       0.53756105899810791     
         474 -0.34648954868316650      -0.76230251789093018      -0.14925599098205566     
         475 -0.82359230518341064       0.19090461730957031       0.54596734046936035     
         476 -0.11787819862365723       0.17319655418395996        9.4826340675354004E-002
         477  0.73176348209381104      -0.60270106792449951      -0.42967593669891357     
         478  0.96206104755401611       0.61098778247833252      -0.55114662647247314     
         479  0.72299361228942871      -0.25467360019683838       0.74207055568695068     
         480  0.64832973480224609       0.60053455829620361      -0.41504490375518799     
         481  0.93948757648468018        6.7258834838867188E-002 -0.80232429504394531     
         482  0.21393203735351562      -0.35266935825347900       0.72916102409362793     
         483  0.33218944072723389      -0.60199809074401855       0.59797561168670654     
         484  0.95401656627655029      -0.99996554851531982       0.50068843364715576     
         485  0.74794316291809082       0.89300668239593506      -0.63444912433624268     
         486  0.73465013504028320      -0.17591869831085205       -3.9256453514099121E-002
         487   7.1426868438720703E-002 -0.50742161273956299      -0.46110379695892334     
         488 -0.73738980293273926       0.51843011379241943       0.82703924179077148     
         489  0.98281383514404297       0.98202908039093018        9.3289017677307129E-002
         490 -0.91043233871459961       0.12895572185516357      -0.57309591770172119     
         491  0.27831530570983887      -0.24395799636840820       0.39056849479675293     
         492  0.31117582321166992       0.61544704437255859      -0.37045156955718994     
         493 -0.21740233898162842       0.73337662220001221      -0.28724133968353271     
         494  0.85766434669494629      -0.93966531753540039       0.24380707740783691     
         495  0.37392079830169678      -0.99480724334716797       0.47209692001342773     
         496  -2.9019713401794434E-002 -0.33990371227264404      -0.62785685062408447     
         497  0.91146063804626465       0.51145637035369873      -0.66657829284667969     
         498 -0.36087548732757568       0.90531170368194580       0.68448615074157715     
         499  0.92140924930572510      -0.24346792697906494      -0.65958058834075928     
         500 -0.38928401470184326        8.2174658775329590E-002 -0.88866019248962402     
         501 -0.49382197856903076      -0.49221205711364746       0.27933311462402344     
         502 -0.89413630962371826       0.52411603927612305      -0.59959101676940918     
         503 -0.56580889225006104      -0.63819658756256104       0.61253452301025391     
         504 -0.81538164615631104      -0.89709722995758057       0.45803606510162354     
         505  0.59948587417602539      -0.15567004680633545       0.47713637351989746     
         506 -0.15083932876586914      -0.80617511272430420       0.93016469478607178     
         507  0.96095967292785645      -0.90362155437469482      -0.54058361053466797     
         508  0.21973478794097900      -0.56490015983581543      -0.39435780048370361     
         509 -0.92178523540496826       0.41319549083709717      -0.20198976993560791     
         510 -0.97575676441192627       -7.4306726455688477E-002  0.84500193595886230     
         511  0.84228408336639404      -0.14911055564880371       0.13162791728973389     
         512  0.56957876682281494      -0.59661412239074707        2.7856230735778809E-002
         513  0.61303055286407471       0.82638502120971680       -7.6848864555358887E-002
         514  0.54146385192871094      -0.78973984718322754      -0.55288124084472656     
         515  0.18761432170867920        2.9005408287048340E-002 -0.31598401069641113     
         516  0.35603487491607666      -0.36643922328948975       0.49885201454162598     
         517  0.72133064270019531       0.92716217041015625      -0.19147968292236328     
         518  0.75596714019775391      -0.43782842159271240      -0.10950005054473877     
         519 -0.74453926086425781      -0.97880375385284424       0.76181709766387939     
         520  0.11017715930938721      -0.73309612274169922       0.96332848072052002     
         521  0.45671021938323975      -0.30097544193267822      -0.91315233707427979     
         522 -0.85244476795196533      -0.95561802387237549      -0.23830342292785645     
         523 -0.39656293392181396      -0.80303144454956055      -0.60805010795593262     
         524  0.14259803295135498       0.10214149951934814       0.53399610519409180     
         525  -7.8601837158203125E-003 -0.90656101703643799       0.99382078647613525     
         526  0.20188355445861816       0.21281599998474121       0.10383677482604980     
         527  0.11004638671875000       0.18714606761932373       0.67459249496459961     
         528  0.53357481956481934       0.43045604228973389      -0.16478395462036133     
         529  0.51058661937713623       0.29727077484130859       0.49596071243286133     
         530  -3.7353515625000000E-002  0.92770612239837646      -0.71018433570861816     
         531  0.50207304954528809      -0.33282780647277832       0.10774958133697510     
         532  0.78848636150360107       0.50830197334289551      -0.91831076145172119     
         533  0.93088865280151367      -0.86165285110473633       0.68021237850189209     
         534  0.78700399398803711       0.28788888454437256       0.53403472900390625     
         535 -0.15578901767730713       -3.8242936134338379E-002  0.57831585407257080     
         536  0.98939812183380127       0.79281640052795410        3.1006574630737305E-002
         537  0.66524291038513184      -0.71093118190765381      -0.69546627998352051     
         538  -9.4336271286010742E-003 -0.73713505268096924      -0.18755745887756348     
         539 -0.17650187015533447       0.86185348033905029       0.56509578227996826     
         540 -0.68410050868988037       0.40623462200164795       0.22005188465118408     
         541  0.35091650485992432       0.32854819297790527        9.7147941589355469E-002
         542   7.3752999305725098E-002 -0.93378818035125732       0.19770956039428711     
         543   5.2727460861206055E-003  0.24451410770416260       0.49056375026702881     
         544  0.29137277603149414      -0.70818829536437988       0.91009247303009033     
         545 -0.10784971714019775      -0.49185013771057129       0.88173055648803711     
         546 -0.84981739521026611      -0.26955020427703857      -0.38425600528717041     
         547 -0.49469399452209473      -0.48958861827850342       -8.1685662269592285E-002
         548  0.60196709632873535      -0.16014969348907471      -0.18559122085571289     
         549 -0.41983032226562500       0.44191920757293701      -0.93914532661437988     
         550 -0.81783449649810791       -9.3611836433410645E-002  0.33762919902801514     
         551  0.69945275783538818       0.60233891010284424       0.63709390163421631     
         552  0.33010411262512207       -4.5783042907714844E-002 -0.14521622657775879     
         553 -0.91613042354583740      -0.52857327461242676       0.83115959167480469     
         554   2.5843381881713867E-002  0.97723400592803955      -0.17703545093536377     
         555  0.35974633693695068       0.35144901275634766       0.44482946395874023     
         556 -0.25015187263488770        3.6640167236328125E-002   8.2176446914672852E-002
         557 -0.19214010238647461      -0.86490571498870850       0.57399523258209229     
         558 -0.18624985218048096      -0.63341867923736572       0.87888598442077637     
         559 -0.62641274929046631      -0.68337631225585938      -0.93676424026489258     
         560   7.4528813362121582E-002 -0.35339832305908203       0.97469437122344971     
         561  0.99350392818450928      -0.46779453754425049      -0.60407674312591553     
         562  0.83517765998840332      -0.82584702968597412      -0.36535441875457764     
         563  0.51415693759918213      -0.80260038375854492        9.3835592269897461E-002
         564 -0.48408913612365723      -0.38735032081604004        9.8027586936950684E-002
         565 -0.14491474628448486      -0.60509967803955078       0.68269133567810059     
         566 -0.53972244262695312      -0.99809503555297852       0.89020824432373047     
         567  0.72521424293518066      -0.90763783454895020      -0.11351263523101807     
         568  0.76035642623901367       0.39779722690582275       0.39738786220550537     
         569 -0.78081190586090088       0.71357560157775879       0.72112452983856201     
         570  0.49839603900909424      -0.27599239349365234      -0.22515952587127686     
         571  0.70193982124328613       0.54930484294891357       0.36629378795623779     
         572   3.8899302482604980E-002 -0.57014596462249756       0.73702478408813477     
         573 -0.70747244358062744       0.21988379955291748       -2.1273493766784668E-002
         574  0.90519261360168457      -0.82229948043823242       0.48660826683044434     
         575  0.73631906509399414       0.40680932998657227      -0.73557639122009277     
         576  0.25768148899078369       0.69881522655487061      -0.98335254192352295     
         577   9.9485039710998535E-002  0.12153863906860352      -0.10161077976226807     
         578  0.68975996971130371        5.8101534843444824E-002  0.43337666988372803     
         579 -0.56852686405181885       0.57673382759094238      -0.87427496910095215     
         580  -9.3662858009338379E-002  0.90311801433563232       0.33516907691955566     
         581 -0.10764074325561523      -0.10212159156799316      -0.95518898963928223     
         582  0.76807463169097900       0.48133909702301025      -0.53675663471221924     
         583 -0.50117862224578857        6.1684131622314453E-002  0.10799491405487061     
         584 -0.76973128318786621      -0.26753735542297363      -0.78124785423278809     
         585  0.58334481716156006      -0.28532671928405762       0.63348686695098877     
         586  0.50483429431915283      -0.63410925865173340      -0.87966978549957275     
         587 -0.21465933322906494       0.93188524246215820      -0.88997113704681396     
         588  0.25187718868255615      -0.86417067050933838       0.23479449748992920     
         589 -0.21052753925323486       0.65523803234100342      -0.63667154312133789     
         590 -0.44046151638031006       -4.2327642440795898E-003  0.79929554462432861     
         591  -8.8783264160156250E-002  -2.7074217796325684E-002  -4.5610785484313965E-002
         592  0.10320115089416504      -0.33972382545471191      -0.85262787342071533     
         593 -0.67779624462127686       0.43230736255645752       0.97554433345794678     
         594  0.10823667049407959      -0.34498131275177002       0.19925272464752197     
         595  0.25641191005706787      -0.60335612297058105      -0.18871474266052246     
         596  0.25057578086853027       -7.9313397407531738E-002   8.2121372222900391E-002
         597  0.26335382461547852       0.57146477699279785       0.23545372486114502     
         598 -0.45934104919433594       0.45032358169555664      -0.73108541965484619     
         599  0.34399354457855225       0.54369866847991943       0.94360232353210449     
         600 -0.51329565048217773       0.88082087039947510       0.46116280555725098     
         601 -0.60571372509002686      -0.48221540451049805      -0.28265190124511719     
         602 -0.33003258705139160      -0.18057262897491455        8.2913160324096680E-002
         603 -0.35691821575164795      -0.26109158992767334      -0.66950249671936035     
         604  0.43171656131744385       0.84456229209899902       0.12520039081573486     
         605  0.37507259845733643      -0.13345062732696533      -0.29658854007720947     
         606 -0.63420021533966064        3.2908916473388672E-003  0.62403559684753418     
         607  -4.3924212455749512E-002  0.30647516250610352       0.20969879627227783     
         608  0.55382311344146729      -0.64263904094696045       0.34933614730834961     
         609  0.58322882652282715      -0.97662305831909180       -3.0658364295959473E-002
         610  0.17358016967773438       0.30970561504364014       0.47320866584777832     
         611  0.74228787422180176      -0.20195746421813965      -0.48174226284027100     
         612 -0.76541125774383545      -0.77945601940155029       0.73255622386932373     
         613 -0.21209347248077393      -0.26727533340454102      -0.20063030719757080     
         614  0.68128025531768799      -0.51531898975372314       0.39160728454589844     
         615  0.31631290912628174       0.77604925632476807      -0.23148703575134277     
         616 -0.99180936813354492       0.75975227355957031       0.43462181091308594     
         617 -0.26595997810363770      -0.91605806350708008      -0.87365567684173584     
         618  -7.3992371559143066E-002   1.6942501068115234E-002  0.71534729003906250     
         619 -0.44708740711212158       0.43885290622711182       0.63987922668457031     
         620 -0.72550833225250244       0.93431258201599121      -0.64772903919219971     
         621  0.70812070369720459      -0.53363466262817383       0.96055805683135986     
         622  0.61805534362792969      -0.10613846778869629       0.27710616588592529     
         623  0.99344110488891602       0.55263173580169678       0.90535998344421387     
         624  0.46500432491302490       0.50221168994903564       0.37154543399810791     
         625  0.65263998508453369      -0.81775832176208496       0.99094295501708984     
         626 -0.31913685798645020      -0.94471895694732666       0.88051426410675049     
         627  0.43163764476776123      -0.96010565757751465       0.81378078460693359     
         628 -0.40030860900878906       0.52047693729400635       0.16095936298370361     
         629 -0.40392422676086426      -0.38670253753662109       0.80720829963684082     
         630 -0.15495216846466064       0.64889144897460938      -0.79189813137054443     
         631  0.96028089523315430       0.30375504493713379       0.42207074165344238     
         632  0.54062819480895996       0.62001204490661621       0.27352046966552734     
         633 -0.60093176364898682       0.36489009857177734       -3.4279108047485352E-002
         634 -0.19025933742523193       0.34277236461639404       0.73791360855102539     
         635 -0.53707647323608398      -0.41304910182952881      -0.73399841785430908     
         636 -0.77584338188171387       0.83376145362854004      -0.49279749393463135     
         637 -0.78098416328430176       0.79015195369720459      -0.19534218311309814     
         638  0.60916793346405029       0.53948628902435303       0.77339315414428711     
         639  0.66061735153198242       0.97602462768554688       0.99137485027313232     
         640  0.48336923122406006       0.61725306510925293       0.98813915252685547     
         641  -1.6055703163146973E-002  0.36573350429534912      -0.83564281463623047     
         642  0.18517839908599854       0.84492874145507812      -0.84063804149627686     
         643   1.2734651565551758E-002  0.25692689418792725       0.94322204589843750     
         644 -0.64384686946868896      -0.10582375526428223       0.22319495677947998     
         645 -0.59580481052398682      -0.90478777885437012      -0.26277410984039307     
         646 -0.34639513492584229      -0.56226515769958496      -0.12801647186279297     
         647  0.84111285209655762       0.16463470458984375       -1.2197613716125488E-002
         648  0.53821885585784912        6.5862655639648438E-002  -3.0971050262451172E-002
         649 -0.61691486835479736       0.81798720359802246       0.24802243709564209     
         650  0.37761402130126953      -0.33571732044219971       0.84887993335723877     
         651  0.99096882343292236       0.27400958538055420      -0.92052400112152100     
         652  0.58545148372650146      -0.32225155830383301      -0.43560767173767090     
         653   4.5476913452148438E-002  0.18317461013793945      -0.47084891796112061     
         654 -0.62266743183135986       0.14445662498474121      -0.63771331310272217     
         655  0.84269487857818604      -0.60761952400207520      -0.11896884441375732     
         656  0.76726567745208740      -0.76554667949676514      -0.20803403854370117     
         657 -0.17749285697937012      -0.92751169204711914       0.34800612926483154     
         658  0.37811422348022461      -0.52908861637115479       0.82429981231689453     
         659  0.36245620250701904       -4.5923352241516113E-002 -0.66492629051208496     
         660 -0.75052070617675781      -0.71137058734893799       0.17989802360534668     
         661 -0.38656902313232422       0.25345671176910400      -0.13631618022918701     
         662 -0.92042255401611328      -0.51124453544616699       0.10074591636657715     
         663  0.22736370563507080       0.82509791851043701       0.40908575057983398     
         664 -0.35141980648040771       0.60268259048461914      -0.78656148910522461     
         665 -0.60634660720825195       0.64689826965332031      -0.11308646202087402     
         666 -0.70861601829528809      -0.39068281650543213       0.62755417823791504     
         667  0.34607899188995361       0.38046431541442871      -0.36787402629852295     
         668 -0.36725556850433350      -0.61557185649871826       0.78646063804626465     
         669  0.67656683921813965      -0.41617774963378906      -0.74020206928253174     
         670  0.98709034919738770      -0.40744912624359131      -0.87550902366638184     
         671   3.6316633224487305E-002  0.13232302665710449      -0.30304431915283203     
         672  -3.9676189422607422E-002 -0.38058388233184814       0.54440569877624512     
         673 -0.22487783432006836      -0.23307120800018311      -0.76744830608367920     
         674  0.57693183422088623       0.87206947803497314       0.78321599960327148     
         675  0.20164322853088379      -0.36671125888824463      -0.16868019104003906     
         676 -0.67594361305236816       0.53381979465484619      -0.63222360610961914     
         677  0.53466427326202393       -4.2064905166625977E-002 -0.76364648342132568     
         678  0.58457207679748535      -0.34477341175079346       0.25481545925140381     
         679  0.85530054569244385       -8.2447886466979980E-002 -0.11588311195373535     
         680  0.12954425811767578       0.43619692325592041      -0.77641248703002930     
         681   4.4602155685424805E-002 -0.10371243953704834       0.68021595478057861     
         682 -0.48319029808044434      -0.56794083118438721      -0.96010029315948486     
         683 -0.44735956192016602       0.99593603610992432      -0.81548094749450684     
         684 -0.97930288314819336       0.30797886848449707      -0.53131961822509766     
         685  0.99171864986419678       0.64006400108337402       0.22712421417236328     
         686  0.49503743648529053       0.96879470348358154       0.34091925621032715     
         687  0.82915520668029785       0.34904146194458008       -5.5965542793273926E-002
         688 -0.88082444667816162      -0.39978897571563721       0.69245088100433350     
         689  0.64793872833251953       0.21896266937255859       0.99164748191833496     
         690 -0.12640690803527832       0.25226724147796631       0.34113919734954834     
         691 -0.99490809440612793       0.48764967918395996      -0.93522727489471436     
         692 -0.14562821388244629      -0.57055354118347168       0.51066374778747559     
         693  0.17121481895446777      -0.87609922885894775      -0.64849781990051270     
         694  0.19062936305999756       0.87530267238616943       0.98667597770690918     
         695 -0.81562674045562744       0.66462683677673340      -0.48799967765808105     
         696 -0.43849873542785645      -0.16260504722595215       0.73418498039245605     
         697  0.88853216171264648       -6.5067172050476074E-002 -0.95011270046234131     
         698  0.82042598724365234       0.85260760784149170       0.51965069770812988     
         699 -0.87011015415191650      -0.25758814811706543       0.43939566612243652     
         700 -0.28648674488067627       0.60361170768737793      -0.96996617317199707     
         701   9.3023538589477539E-002 -0.10980796813964844        7.8961014747619629E-002
         702   1.9320249557495117E-002  0.77156376838684082       0.29361701011657715     
         703 -0.53372085094451904       0.47307157516479492       0.49374878406524658     
         704  0.50108790397644043      -0.73642778396606445       0.62980604171752930     
         705 -0.78475332260131836       0.42584335803985596       0.47216069698333740     
         706  0.73333203792572021        5.2511096000671387E-002  0.23179328441619873     
         707 -0.80426537990570068       0.31800532341003418      -0.13664650917053223     
         708   8.1688165664672852E-002 -0.19113790988922119       0.88517546653747559     
         709 -0.98205780982971191       0.84567725658416748       0.23929607868194580     
         710  0.75842666625976562      -0.80949532985687256       0.56886184215545654     
         711 -0.90975201129913330       0.91747522354125977       0.52047479152679443     
         712  0.69667232036590576       -7.2598457336425781E-002 -0.31815183162689209     
         713 -0.27176284790039062      -0.67240679264068604       0.15480971336364746     
         714  0.55988037586212158       0.45591235160827637       0.58263623714447021     
         715  -8.4020495414733887E-002 -0.89407813549041748      -0.76186394691467285     
         716  0.17088162899017334       0.47029936313629150      -0.13756549358367920     
         717  0.36722040176391602       0.67665219306945801      -0.84427118301391602     
         718 -0.65636003017425537        4.7640800476074219E-003  0.83675909042358398     
         719  0.70905828475952148       0.98749804496765137        7.0162415504455566E-002
         720  0.16938900947570801      -0.72929644584655762       0.33390104770660400     
         721  0.47119545936584473       0.14295887947082520      -0.51712691783905029     
         722 -0.26218223571777344       0.21661078929901123       0.15298342704772949     
         723 -0.37797117233276367      -0.54996919631958008      -0.28491640090942383     
         724  0.27504754066467285      -0.41845393180847168       0.96377491950988770     
         725 -0.76022446155548096      -0.44055497646331787       0.45116388797760010     
         726  0.51400232315063477       0.86490523815155029       0.98312842845916748     
         727 -0.99386096000671387       -7.6038837432861328E-003 -0.63151061534881592     
         728 -0.78550708293914795       0.72449624538421631      -0.63504862785339355     
         729  0.70312702655792236       -7.3552489280700684E-002  0.66051614284515381     
         730  0.44342029094696045      -0.20612990856170654      -0.75617015361785889     
         731  0.61465299129486084      -0.42819035053253174      -0.26798510551452637     
         732 -0.60635399818420410      -0.25380873680114746       0.12883579730987549     
         733 -0.80890429019927979      -0.84581768512725830      -0.44150567054748535     
         734  0.27682399749755859      -0.76426148414611816      -0.53829360008239746     
         735  0.87741661071777344      -0.98876106739044189      -0.85786843299865723     
         736  0.37219095230102539       0.15748047828674316       0.14512729644775391     
         737  0.89689862728118896       0.97595691680908203      -0.66750144958496094     
         738 -0.33404016494750977      -0.10019612312316895       0.37620294094085693     
         739 -0.87257194519042969      -0.45676934719085693      -0.13004624843597412     
         740 -0.39738881587982178       0.85738563537597656       0.21547043323516846     
         741  0.75873625278472900       0.37000513076782227       0.74483489990234375     
         742  0.12915611267089844       -8.6322784423828125E-002 -0.94863057136535645     
         743 -0.91911041736602783       0.99865925312042236       0.23482668399810791     
         744  -2.3313879966735840E-002 -0.82828283309936523      -0.32353127002716064     
         745 -0.77817213535308838      -0.22061049938201904      -0.57662034034729004     
         746  0.26594257354736328      -0.98775482177734375       0.80628669261932373     
         747 -0.94053137302398682       0.12270534038543701       0.41415488719940186     
         748  0.20994114875793457      -0.65308988094329834       -3.8081645965576172E-002
         749  -2.5030374526977539E-002 -0.84460783004760742       0.72392153739929199     
         750 -0.28019487857818604        7.5559139251708984E-002  0.24609386920928955     
         751  -7.7605128288269043E-002 -0.28133606910705566      -0.84047985076904297     
         752  0.22037553787231445       0.68426156044006348       0.76111531257629395     
         753 -0.45988702774047852       0.41559195518493652      -0.52141582965850830     
         754 -0.11115419864654541      -0.43490731716156006      -0.14327454566955566     
         755  0.91486513614654541        4.4809460639953613E-002   7.5983762741088867E-002
         756  0.50708353519439697       0.32306420803070068      -0.34634780883789062     
         757  0.86489391326904297      -0.26650309562683105       0.87320566177368164     
         758 -0.20054256916046143      -0.91852891445159912      -0.65419852733612061     
         759  0.88140463829040527      -0.85907888412475586       0.99469888210296631     
         760 -0.90043497085571289        1.8995046615600586E-002 -0.12983143329620361     
         761  0.74538767337799072      -0.55901002883911133      -0.78744256496429443     
         762  0.68317055702209473       0.10870611667633057      -0.87226891517639160     
         763  0.29653871059417725      -0.10310518741607666       0.95397865772247314     
         764 -0.80044972896575928       0.82952487468719482       -3.0398368835449219E-003
         765 -0.64240491390228271       0.49405670166015625       0.36457777023315430     
         766 -0.45783400535583496      -0.44331228733062744      -0.55386340618133545     
         767  0.68502640724182129       0.39418208599090576      -0.22275424003601074     
         768  0.36028873920440674       0.71409869194030762       0.48551070690155029     
         769 -0.49273312091827393       0.12457799911499023       0.70218861103057861     
         770  0.90876841545104980      -0.54683101177215576      -0.75116229057312012     
         771 -0.64187753200531006      -0.26438581943511963       0.43394553661346436     
         772 -0.97808969020843506       0.65119743347167969      -0.92309570312500000     
         773  0.23196828365325928       0.21051073074340820       0.92441511154174805     
         774 -0.20497369766235352      -0.14306461811065674      -0.62694823741912842     
         775  0.39637672901153564       0.86062991619110107      -0.69184255599975586     
         776 -0.86971855163574219       -9.8367333412170410E-002  0.96378672122955322     
         777  0.69532954692840576       0.69492542743682861       0.44875907897949219     
         778  0.85622251033782959      -0.20346546173095703       0.61810588836669922     
         779  0.45915961265563965      -0.49692070484161377       0.56306564807891846     
         780  0.36230754852294922      -0.82506155967712402      -0.85201191902160645     
         781  0.92038929462432861       -4.6505093574523926E-002  0.27657878398895264     
         782 -0.89526712894439697        6.7081570625305176E-002 -0.73808836936950684     
         783 -0.76280713081359863       0.55498087406158447       0.24753797054290771     
         784  0.35367608070373535       0.21688795089721680      -0.34317338466644287     
         785 -0.67364096641540527      -0.60453104972839355        6.9090604782104492E-002
         786   3.6163926124572754E-002  0.66566729545593262      -0.38675940036773682     
         787 -0.58982992172241211      -0.77471804618835449      -0.74730682373046875     
         788  0.20551860332489014        5.3619980812072754E-002 -0.54900610446929932     
         789 -0.89990592002868652      -0.31880187988281250      -0.63473021984100342     
         790  0.68103790283203125       0.58997452259063721       0.16358864307403564     
         791 -0.54330706596374512       0.50554156303405762      -0.19385540485382080     
         792 -0.26021575927734375      -0.18947601318359375      -0.91805982589721680     
         793  -9.4562649726867676E-002  0.14873957633972168      -0.15070521831512451     
         794 -0.73894178867340088      -0.41673004627227783       0.83005666732788086     
         795  0.90767657756805420      -0.48673868179321289        8.8600277900695801E-002
         796  0.16218304634094238      -0.64992046356201172       0.58322918415069580     
         797 -0.36057281494140625      -0.10148990154266357       0.90621030330657959     
         798  0.24594140052795410      -0.62009429931640625      -0.94362473487854004     
         799 -0.75994229316711426      -0.17669153213500977       0.54873311519622803     
         800   9.9931240081787109E-002  0.89070940017700195      -0.60947954654693604     
         801  0.19706273078918457       -2.8827190399169922E-002  0.67673587799072266     
         802 -0.78346443176269531      -0.64033448696136475      -0.88290393352508545     
         803  0.96876156330108643       0.23044729232788086      -0.13751757144927979     
         804 -0.35905575752258301      -0.77105164527893066       0.73592031002044678     
         805 -0.45176160335540771      -0.36883163452148438      -0.28214740753173828     
         806 -0.69811511039733887       0.35938882827758789      -0.84627807140350342     
         807 -0.83501815795898438       0.81072318553924561       0.94886422157287598     
         808  0.38907372951507568      -0.33674168586730957      -0.37964165210723877     
         809 -0.49274706840515137       0.80961179733276367      -0.81968247890472412     
         810 -0.18398833274841309      -0.85969197750091553      -0.40000522136688232     
         811  0.79838228225708008       0.65732300281524658      -0.54613411426544189     
         812 -0.52719700336456299        4.0161609649658203E-003 -0.86565685272216797     
         813   3.4226298332214355E-002 -0.22589647769927979       0.30054056644439697     
         814  0.84186244010925293       0.97182190418243408       0.37662386894226074     
         815  0.76785290241241455       0.23125433921813965       0.16261410713195801     
         816  -4.4450759887695312E-003  0.88665711879730225      -0.92555546760559082     
         817 -0.78015232086181641       0.10400199890136719      -0.24103796482086182     
         818  0.34421682357788086      -0.14913487434387207      -0.49007201194763184     
         819  0.43921315670013428      -0.53092098236083984       -6.3961982727050781E-002
         820  0.65329754352569580      -0.97956717014312744       0.76156568527221680     
         821 -0.90036749839782715      -0.99423885345458984      -0.74046540260314941     
         822  0.39605724811553955      -0.46613132953643799       0.28632831573486328     
         823  0.85902678966522217       0.64989697933197021       0.42137694358825684     
         824  0.20925164222717285      -0.49425590038299561       0.35331535339355469     
         825  0.93823921680450439       0.43453800678253174      -0.41307818889617920     
         826 -0.88540339469909668       0.78409636020660400      -0.38349401950836182     
         827  0.75474834442138672      -0.35260355472564697       0.27213680744171143     
         828  0.99563753604888916      -0.67196357250213623       0.10050106048583984     
         829  0.79807543754577637      -0.28735351562500000      -0.17965042591094971     
         830  0.57169890403747559      -0.17005598545074463       0.78310072422027588     
         831 -0.41194725036621094      -0.75062191486358643      -0.76336181163787842     
         832 -0.47121250629425049       0.65156352519989014      -0.62733113765716553     
         833 -0.78677952289581299       0.43327915668487549       0.65174436569213867     
         834  0.53014278411865234       -8.2576274871826172E-003 -0.26563584804534912     
         835  0.50072944164276123       0.11678230762481689       0.30954658985137939     
         836  0.46222913265228271       0.97241449356079102      -0.56675505638122559     
         837   8.6364507675170898E-002  0.55105829238891602      -0.94640231132507324     
         838  0.40701496601104736      -0.52791810035705566      -0.97403681278228760     
         839 -0.49628210067749023      -0.81280207633972168       0.26264119148254395     
         840 -0.56217014789581299       0.90985059738159180       0.75118315219879150     
         841 -0.19658088684082031       0.28267729282379150      -0.61854815483093262     
         842 -0.20539915561676025       0.80673182010650635      -0.42959427833557129     
         843  0.21705424785614014      -0.51012837886810303      -0.64114475250244141     
         844  0.84769988059997559       0.75631964206695557       -4.2732596397399902E-002
         845 -0.14330875873565674       0.50189137458801270      -0.26498878002166748     
         846  0.33795654773712158       0.52644920349121094      -0.18971383571624756     
         847  0.27081537246704102      -0.27019953727722168      -0.85176432132720947     
         848  0.99297285079956055      -0.71265327930450439       0.99431633949279785     
         849 -0.34032595157623291      -0.83236253261566162       0.35453116893768311     
         850 -0.35385799407958984       0.56436777114868164      -0.54513883590698242     
         851  0.67396962642669678       0.42835164070129395       0.98575139045715332     
         852  0.82273828983306885       0.71676135063171387      -0.97785520553588867     
         853  0.85314738750457764      -0.46398997306823730       0.78978455066680908     
         854 -0.29731106758117676       0.39831876754760742       0.92580330371856689     
         855 -0.82587540149688721       -8.8840007781982422E-002 -0.68754267692565918     
         856 -0.87587499618530273       0.54617309570312500        1.6281127929687500E-002
         857 -0.80293178558349609      -0.75659525394439697       0.93706798553466797     
         858 -0.78877222537994385       0.26575505733489990      -0.94002592563629150     
         859 -0.22907733917236328      -0.27533662319183350       -1.3504147529602051E-002
         860 -0.29320597648620605       0.72891891002655029       0.51918983459472656     
         861 -0.73047626018524170       0.88203799724578857       0.68101346492767334     
         862  0.53658521175384521       0.56134617328643799      -0.71327066421508789     
         863 -0.55471599102020264       -9.9778771400451660E-002 -0.44956910610198975     
         864  0.47582745552062988      -0.12656843662261963       0.90404462814331055     
         865 -0.92078983783721924      -0.90742242336273193       0.81630718708038330     
         866  0.73502516746520996      -0.88512051105499268      -0.63666784763336182     
         867  0.39952242374420166      -0.19762611389160156       0.49587428569793701     
         868  0.96958255767822266      -0.26706254482269287        9.2215657234191895E-002
         869 -0.83681046962738037      -0.99971079826354980      -0.91667735576629639     
         870 -0.41824495792388916       0.67509150505065918       -7.6051712036132812E-002
         871 -0.39938592910766602      -0.21559607982635498      -0.32058048248291016     
         872  0.63764607906341553       0.95809054374694824       0.25792670249938965     
         873 -0.66838490962982178       0.90760660171508789      -0.19432675838470459     
         874 -0.33537030220031738       0.94358634948730469       0.46074485778808594     
         875 -0.22494053840637207       0.31788969039916992       -2.6618242263793945E-002
         876  0.14296853542327881       0.52358865737915039      -0.42677521705627441     
         877 -0.80695807933807373      -0.45099842548370361      -0.86439287662506104     
         878  0.19750750064849854       0.85221397876739502       0.80351281166076660     
         879  0.54950165748596191        3.1947255134582520E-002  0.97394406795501709     
         880  0.73174250125885010       0.79529929161071777      -0.40076863765716553     
         881  0.82320797443389893       0.46044194698333740       0.10448181629180908     
         882  0.71110093593597412      -0.66403114795684814       -7.9236030578613281E-003
         883  0.14413142204284668      -0.90015959739685059       0.66341757774353027     
         884  0.61428713798522949      -0.59342360496520996      -0.54432415962219238     
         885  0.97052085399627686       0.32556259632110596       0.25121438503265381     
         886 -0.98191225528717041      -0.27512514591217041       0.55740416049957275     
         887  0.37979054450988770       -2.8867959976196289E-002  0.37796795368194580     
         888 -0.71705210208892822       0.57217705249786377       0.56949138641357422     
         889  0.13082921504974365      -0.80605328083038330      -0.10898709297180176     
         890 -0.68722522258758545       0.95927906036376953        1.9078254699707031E-002
         891  0.70319306850433350      -0.30248618125915527       0.93811357021331787     
         892 -0.65915417671203613       0.86682319641113281       0.92007493972778320     
         893 -0.25010371208190918       0.15307629108428955      -0.74011254310607910     
         894  0.24238908290863037      -0.98480653762817383      -0.31333148479461670     
         895  0.71237266063690186      -0.64899933338165283       0.26008856296539307     
         896  0.36218690872192383      -0.58439874649047852      -0.30909669399261475     
         897  0.55634069442749023      -0.16849541664123535      -0.35985612869262695     
         898 -0.44097864627838135       0.96908199787139893       0.32847297191619873     
         899 -0.67334151268005371      -0.56986558437347412      -0.51812827587127686     
         900 -0.75205612182617188       0.56196105480194092      -0.21232342720031738     
         901 -0.86755299568176270       0.29094243049621582      -0.32464909553527832     
         902   5.1121592521667480E-002 -0.85279071331024170       0.36495339870452881     
         903  -5.7000517845153809E-002  0.53314125537872314       0.27686476707458496     
         904 -0.27720332145690918      -0.34952068328857422       0.50629782676696777     
         905   2.6367902755737305E-002  0.86675584316253662        6.7887425422668457E-002
         906  0.25538635253906250        7.0351958274841309E-002 -0.74146723747253418     
         907 -0.36502134799957275      -0.83496022224426270        6.4102053642272949E-002
         908 -0.50988614559173584       0.51491808891296387        1.1813998222351074E-002
         909  0.89334022998809814      -0.60605978965759277       0.23168349266052246     
         910  0.62941241264343262      -0.37006425857543945       0.48195719718933105     
         911  0.48836171627044678      -0.78086912631988525      -0.95182430744171143     
         912  -3.0948400497436523E-002   8.2418918609619141E-002 -0.57541060447692871     
         913 -0.35156631469726562      -0.37689018249511719      -0.43865108489990234     
         914 -0.87698900699615479       0.55665087699890137      -0.83877253532409668     
         915 -0.26432299613952637      -0.54988646507263184      -0.94633185863494873     
         916 -0.27037715911865234       0.40130448341369629       0.51653528213500977     
         917  0.30351591110229492      -0.97025847434997559       0.64605700969696045     
         918  0.43623900413513184       0.38473296165466309      -0.74377954006195068     
         919 -0.13442778587341309      -0.55904805660247803      -0.71913969516754150     
         920 -0.60693514347076416       0.47778844833374023      -0.36856329441070557     
         921  0.50213658809661865       0.17054736614227295      -0.19325566291809082     
         922  -4.3490767478942871E-002  0.59366989135742188       -8.3949327468872070E-002
         923 -0.39840340614318848       0.60530829429626465       0.63699603080749512     
         924 -0.91513931751251221       0.50134944915771484       0.77608478069305420     
         925  -6.8033933639526367E-002 -0.78879880905151367       -4.4867277145385742E-002
         926   5.4301619529724121E-002  0.69116961956024170      -0.22973394393920898     
         927  0.53192317485809326      -0.58730578422546387      -0.32157111167907715     
         928 -0.14244270324707031      -0.15837872028350830      -0.46374404430389404     
         929 -0.23724603652954102       0.93746721744537354      -0.13556349277496338     
         930   1.0692596435546875E-002  0.58703613281250000       0.78894400596618652     
         931 -0.14011311531066895      -0.24661588668823242       0.92720568180084229     
         932 -0.99180722236633301      -0.50585484504699707       0.56663417816162109     
         933  0.27080583572387695       0.36533713340759277       0.23236310482025146     
         934  0.39969527721405029      -0.94603955745697021       0.23385536670684814     
         935  0.72231090068817139       0.20757210254669189       0.33289051055908203     
         936 -0.17341852188110352       0.72008824348449707       0.69599592685699463     
         937 -0.21329939365386963      -0.61465728282928467      -0.46326053142547607     
         938 -0.67264497280120850      -0.56971418857574463       0.29967439174652100     
         939 -0.25252246856689453       0.51236867904663086        4.0148138999938965E-002
         940  0.91331529617309570       0.50126945972442627       0.28273499011993408     
         941  0.94340658187866211      -0.63140213489532471       0.38332831859588623     
         942 -0.14980840682983398       0.20647168159484863      -0.36258327960968018     
         943 -0.99839365482330322       -9.3218326568603516E-002  0.63534772396087646     
         944  0.31512463092803955       -6.5595507621765137E-002  0.57098722457885742     
         945   3.8228511810302734E-002  0.13646614551544189       0.83153331279754639     
         946  0.81470024585723877       0.73205459117889404       0.67121922969818115     
         947  0.34157288074493408       -4.5764923095703125E-002  0.75932800769805908     
         948  0.85726118087768555       0.85415124893188477       0.93341898918151855     
         949  0.72428977489471436       -6.4569473266601562E-002 -0.98643910884857178     
         950 -0.73459923267364502       0.15631937980651855      -0.50883650779724121     
         951 -0.94194209575653076      -0.22465741634368896      -0.79236912727355957     
         952  0.15744876861572266       0.65482497215270996       0.58403992652893066     
         953 -0.20300674438476562      -0.91619241237640381       -1.4466881752014160E-002
         954  0.70517599582672119       0.11886310577392578       0.86773753166198730     
         955 -0.98577439785003662      -0.18604695796966553       0.31644666194915771     
         956 -0.72025418281555176       0.52459406852722168      -0.80881726741790771     
         957  -4.3711662292480469E-002 -0.84998762607574463       0.10192286968231201     
         958 -0.72355234622955322       0.25514245033264160       0.42973971366882324     
         959  0.47546672821044922      -0.37552118301391602      -0.75596165657043457     
         960  0.36471533775329590        5.2155375480651855E-002 -0.38871610164642334     
         961  0.36879181861877441       0.72755527496337891       0.89401280879974365     
         962  0.39164268970489502       0.91719424724578857      -0.10756742954254150     
         963   5.3720831871032715E-002  -3.0704617500305176E-002 -0.67781102657318115     
         964 -0.74565196037292480      -0.55264747142791748       0.73515331745147705     
         965 -0.90581452846527100       0.88908588886260986      -0.25879156589508057     
         966 -0.62619829177856445      -0.70870316028594971      -0.17786705493927002     
         967   9.3923687934875488E-002  0.74815452098846436      -0.93205893039703369     
         968 -0.48447096347808838        3.4946084022521973E-002  0.46209657192230225     
         969 -0.12864303588867188       -9.7458004951477051E-002 -0.78055286407470703     
         970 -0.88192963600158691      -0.20424973964691162       0.10665071010589600     
         971  0.70438838005065918       0.65013265609741211      -0.78080213069915771     
         972 -0.97609019279479980      -0.71918869018554688       0.61400198936462402     
         973 -0.89449024200439453      -0.81018090248107910      -0.93387627601623535     
         974 -0.97662603855133057      -0.78932845592498779      -0.13494789600372314     
         975   9.2196822166442871E-002  0.86267173290252686      -0.29097664356231689     
         976 -0.33452749252319336        6.1954498291015625E-002 -0.51179838180541992     
         977  0.60132133960723877       0.88688814640045166      -0.82561695575714111     
         978  0.53692626953125000       0.65887343883514404       0.66739213466644287     
         979  0.73660552501678467      -0.40389978885650635        8.4063649177551270E-002
         980   5.9792041778564453E-002  0.74615788459777832       0.77488839626312256     
         981 -0.20131218433380127      -0.37203741073608398      -0.88731586933135986     
         982 -0.86109471321105957      -0.35956490039825439        3.5539865493774414E-002
         983 -0.93116617202758789      -0.55524289608001709       0.28000080585479736     
         984  0.67983019351959229        9.6606016159057617E-002 -0.52677404880523682     
         985 -0.96703588962554932       0.79996275901794434      -0.62611854076385498     
         986  0.16854000091552734      -0.10345649719238281      -0.55525088310241699     
         987  -1.4045715332031250E-002   2.7129650115966797E-002 -0.90323877334594727     
         988 -0.97986733913421631       0.30019915103912354        8.3742141723632812E-002
         989 -0.38172173500061035      -0.98833668231964111      -0.65675210952758789     
         990  0.90421211719512939      -0.73878717422485352      -0.50185286998748779     
         991  0.11490988731384277       0.32767963409423828       0.79498422145843506     
         992 -0.17444932460784912      -0.82843589782714844      -0.16059827804565430     
         993  0.50447392463684082       0.41630935668945312       0.11049723625183105     
         994 -0.44678151607513428       -9.5586061477661133E-002   1.1564493179321289E-002
         995  0.44924318790435791       0.76987671852111816       -7.2497010231018066E-002
         996   3.0764341354370117E-003 -0.35681807994842529       0.70720016956329346     
         997 -0.38756930828094482      -0.51802909374237061       0.13862204551696777     
         998  -9.5431923866271973E-002 -0.32426595687866211       0.11403274536132812     
         999  0.29756307601928711      -0.63047838211059570      -0.78971469402313232     
        1000 -0.10211431980133057       0.60302793979644775      -0.93803715705871582     
