611
 geo2_700K_sdq.dat    mutli by 1 
  0.46824702735654544  0.21116964694952206  0.004729780701667616
  0.4982822278633143  0.2161797287197329  0.00627824443833747
  0.5283159105160029  0.20060237363375988  0.0059379477382211585
  0.558347983826805  0.22293929327337011  0.005234248833167602
  0.5883783563128171  0.22448521642241082  0.0050254138333102145
  0.6184069364963166  0.25016466167392154  0.005233782374708147
  0.6484336329050404  0.24064349474354374  0.004504306630603915
  0.6784583540724642  0.24836204080008883  0.004975533934497774
  0.7084810085380802  0.2691134826143108  0.00587723426341784
  0.7385015048476758  0.29290131268144065  0.0054616685123816955
  0.7685197515536137  0.25640458042657555  0.006357731988548088
  0.7985356572151081  0.3170281929734592  0.004715433440534505
  0.8285491303985049  0.3212069108621774  0.005591776153604481
  0.8585600796775593  0.3554268452331996  0.00500524748194949
  0.8885684136337156  0.34650007282279516  0.005423950502170376
  0.9185740408563848  0.37897129170388916  0.0053677132071656
  0.948576869943222  0.39377296177782567  0.0049154850242290405
  0.978576809500407  0.43962047076184724  0.0046538106047433764
  1.0085737681429205  0.4273391083839449  0.005620746282008124
  1.038567654494825  0.46927708309107335  0.005257356904782947
  1.0685583771895408  0.4986903454375498  0.005533257522135593
  1.0985458448701255  0.545161656551527  0.005452406307788266
  1.1285299661895516  0.5519776617850792  0.0052519074523043364
  1.1585106498109856  0.6206138037313313  0.005051309290736474
  1.1884878044080667  0.6595653886012253  0.00576530063768205
  1.2184613386651821  0.7439189419673801  0.005092374442274733
  1.2484311612777486  0.7657307290386031  0.005104584416361533
  1.278397180952489  0.8309268346683096  0.005118352075370003
  1.308359306407711  0.917232340542841  0.005694684085509168
  1.3383174463735845  1.0251269943894716  0.005976218126917677
  1.3682715095924187  1.021295862264107  0.0073529277086626845
  1.3982214048189423  1.15614672349087  0.005014374812105012
  1.4281670408205815  1.2200439349372776  0.006039827063672958
  1.4581083263777348  1.2871925988571797  0.004891191152433839
  1.4880451702840547  1.2924636196962918  0.006335292153027536
  1.5179774813467213  1.3356008551444598  0.0055349417559065195
  1.5479051683867255  1.340001144981512  0.005928229379770108
  1.5778281402391416  1.362559389826786  0.00519440823048908
  1.607746305753409  1.3012360835709529  0.005289777403208093
  1.6376595737936057  1.288432811895433  0.005545151000040295
  1.667567853238731  1.2447918106193312  0.005270009389046727
  1.6974710529829773  1.21581102373971  0.005933337702233226
  1.727369081936013  1.1284673815307862  0.006578891444927728
  1.7572618490232566  1.1117373425073598  0.006237375239138157
  1.7871492631861565  1.0658666663304004  0.00628808207891064
  1.8170312333824645  1.0610359427883116  0.005087534406699326
  1.8469076685865176  0.9677956704929366  0.005455818013769542
  1.876778477789513  0.9364492978819353  0.005674133162103276
  1.906643569999786  0.9072048279001167  0.0047736346862518155
  1.9365028542430853  0.9007572415776649  0.005647551587021834
  1.9663562395628538  0.8061857970733365  0.00692670747111118
  1.996203635020502  0.8369901107759947  0.005366453946585185
  2.0260449496956867  0.8053045701601198  0.005321269202105579
  2.0558800926865892  0.8149564919973051  0.0055794204372429275
  2.0857089731101883  0.7586236454778261  0.004951579675249193
  2.1155315001025423  0.7726733070355526  0.004614005122694731
  2.145347582819062  0.747661163119245  0.005278468832615223
  2.1751571304347888  0.7750164417403307  0.00533594884972743
  2.20496005214467  0.7181721938853948  0.005728691009294641
  2.234756257163838  0.7416162367803427  0.005524180387737636
  2.2645456547278857  0.7404986959828816  0.0047648453368716965
  2.29432815409314  0.7581568169068535  0.005300468466254526
  2.3241036645369446  0.7132515355370567  0.005613121463196683
  2.353872095357931  0.7406753033410589  0.005788561642551598
  2.3836333558762943  0.7411817109099559  0.005270689264193504
  2.4133873554340757  0.7682738309105656  0.005306877004493225
  2.443134003395431  0.7306789249320664  0.0049467496266442324
  2.4728732091469134  0.743107682923929  0.005008644941229799
  2.502604882097743  0.7756482438499165  0.004949191207121667
  2.5323289316800883  0.8000713124529175  0.005720509115327695
  2.562045267349341  0.7443851573364504  0.006476540863395982
  2.5917537985843864  0.8146784816187773  0.005697198935130284
  2.621454434887888  0.8178279860525731  0.005580308496741208
  2.6511470857865556  0.8436205447923966  0.0054605023642252185
  2.6808316608314255  0.8060739744168118  0.004929637599552094
  2.710508069598135  0.8208384173524969  0.005135493882214784
  2.740176221687195  0.8180432777025127  0.0052532026105716785
  2.7698360267242714  0.8437071129928675  0.005408142830808067
  2.799487394360452  0.7941093643363446  0.004943868507394026
  2.8291302342725286  0.8156010801738142  0.0055902409386092144
  2.8587644561632715  0.7972510401504421  0.005287442405034591
  2.8883899697617004  0.8099104157317525  0.00632270450873988
  2.918006684823364  0.7581737949336681  0.005834760180077389
  2.9476145111306113  0.7849095840197238  0.0047667186776686014
  2.9772133584928686  0.7733786782103231  0.0052339481920801526
  3.0068031367469135  0.8014063610138206  0.004741625587262247
  3.036383755757151  0.7453208440085346  0.006447060770325086
  3.0659551254158846  0.7540447724788352  0.005027266809306927
  3.0955171556435945  0.7555407362534189  0.005790712031011709
  3.1250697563892094  0.764606395781825  0.005032017189847717
  3.1546128376303817  0.6953402715769637  0.006233232560213929
  3.1841463093737628  0.7655004595719384  0.005563022507801647
  3.2136700816552772  0.7424648421068349  0.005743219075282366
  3.243184064540393  0.7713226397746851  0.00531255171243512
  3.2726881681244007  0.7312563311837817  0.006085788121100427
  3.302182302532684  0.755196313028484  0.006044114374443589
  3.331666377920993  0.7499247820822017  0.005185502048760533
  3.361140304475723  0.784017566729186  0.005842786079724807
  3.39060399241418  0.7511637468398584  0.004908796230687646
  3.420057351984862  0.7748712212705963  0.005691965556188021
  3.449500293467728  0.7816270923248616  0.005545393994588843
  3.478932727174473  0.7998268269655505  0.005605704072700989
  3.508354563448798  0.7781862223765575  0.005239357839452011
  3.5377657126666877  0.8122242099141019  0.004677246769571703
  3.56716608523668  0.8158180579210357  0.004569819940989665
  3.596555591600143  0.8458985516098996  0.005212532108578201
  3.6259341422315434  0.8261659725798602  0.005568435309654018
  3.6553016476387197  0.846053712601126  0.005297173474107112
  3.6846580183631588  0.8619165461357395  0.005483981482260393
  3.714003164980262  0.9000211361987572  0.006136222998461276
  3.743336998099626  0.857189945885663  0.0048081553504586
  3.7726594283653068  0.912769799785816  0.005949985980756054
  3.8019703664560986  0.9329258897353292  0.004841979552545849
  3.8312697230857964  0.9747748855608434  0.005426801232388455
  3.8605574090034827  0.9383500818470067  0.004971870063381671
  3.8898333349937855  0.9970701419177163  0.005207306289068718
  3.9190974118771567  1.007628807513212  0.005611388799342267
  3.9483495505101445  1.0630065211842572  0.0047807687357172175
  3.9775896617856588  1.0333767125186752  0.00542167683743633
  4.0068176566332525  1.0887113066139866  0.0053482694201804695
  4.036033446019382  1.1053525249330927  0.005153667432968492
  4.065236940947689  1.1652221797914182  0.0051371415160157375
  4.094428052459262  1.1254366953642136  0.004901612316400115
  4.123606691632911  1.19553008355371  0.005020876151996922
  4.152772769585443  1.1980303752377397  0.005775745410950155
  4.181926197471927  1.2471946812667156  0.005449939801076048
  4.2110668864859635  1.2302031404209044  0.006159541318617961
  4.240194747859962  1.2859871239143772  0.006265941041266681
  4.269309692865403  1.3327656319150576  0.0052391278912102
  4.298411632813117  1.3723197126561473  0.006592583241442501
  4.327500479053548  1.3172619256752482  0.008114681748245905
  4.356576142977024  1.4241205440965083  0.005182402576186781
  4.3856385360140315  1.432870684085229  0.005152731290183153
  4.414687569635479  1.4832988410927508  0.004762352119366651
  4.443723155352975  1.4513806087819492  0.005579820136288616
  4.47274520471909  1.483083533004816  0.00506537138278355
  4.5017536293276255  1.4954224153857136  0.005843857645238568
  4.530748340813893  1.5438409955325845  0.005887051424927356
  4.55972925085497  1.479183312435999  0.005456361113629779
  4.588696271169979  1.5275202890951807  0.005703898112105263
  4.617649313520356  1.5259687660227428  0.005976118445019556
  4.646588289710106  1.5540560215130876  0.005823563080112667
  4.6755131115860955  1.493128110608348  0.006801496032584026
  4.704423691038297  1.5324231130604589  0.005739903585582456
  4.733319940000074  1.5314215604243175  0.005767624649925098
  4.762201770448439  1.5671340771364717  0.005861840698656825
  4.791069094404328  1.5011626607351944  0.005366934863944001
  4.819921823932867  1.5074981767387363  0.005795836708333865
  4.848759871143635  1.5042854741691694  0.005164629495126751
  4.877583148190944  1.5252285324891393  0.005797939044195563
  4.90639156727409  1.39799018736007  0.0072195213144093055
  4.9351850406376325  1.4575130491702268  0.006137832635895422
  4.9639634805716595  1.4333320423483373  0.006072700703398768
  4.99272679941205  1.4401651412290355  0.0055360690134468515
  5.021474909540749  1.3490776472258856  0.004902516437438821
  5.050207723386025  1.353170973427257  0.005271706074742331
  5.078925153422746  1.3015629032684837  0.005782836522251733
  5.10762711217264  1.2754925778303157  0.006084807192793103
  5.136313512204561  1.1788430184001781  0.004904089463250138
  5.164984266134761  1.1872952094734832  0.005407152362772443
  5.1936392866271515  1.1493759515383437  0.005126700242482503
  5.222278486393568  1.1358162080371648  0.005987992663284635
  5.250901778194046  1.0690704890801597  0.006720395965395115
  5.279509074837072  1.0518342984124258  0.00504026281299435
  5.308100289179857  1.0178441864645504  0.005000902556823218
  5.336675334128608  1.0034688660469266  0.005300854961477058
  5.365234122638779  0.9373976491880305  0.005147612420370565
  5.39377656771535  0.9249130984328557  0.004734861412227363
  5.4223025824130815  0.9082328783981373  0.004959665463244902
  5.450812079836788  0.9106860412400336  0.005391100612798109
  5.479304973141593  0.8337729695725565  0.00474689138609885
  5.507781175533201  0.8526434352209383  0.00651993886337654
  5.536240600268168  0.8268302964249693  0.004861848878558844
  5.564683160654143  0.8502743945330223  0.005234389632020055
  5.59310877005016  0.7893419942208995  0.005677147956709805
  5.62151734186688  0.8166425057180001  0.0057928991936010725
  5.649908789566866  0.7953490666905254  0.005843925636326918
  5.678283026664847  0.8326233657604207  0.0054993255341142
  5.706639966727975  0.7630483461344302  0.005003607605636898
  5.734979523376093  0.8014380387720608  0.005015713067540382
  5.763301610281995  0.7871109971625463  0.004899292173819894
  5.791606141171694  0.8090855159159706  0.00569558295470512
  5.819893029824679  0.7562671704901003  0.005416373907203362
  5.848162190074186  0.801912332590314  0.006127320613451753
  5.876413535807443  0.7780096675102582  0.00567281938268439
  5.904646980965958  0.8118621147243669  0.0052322052446413915
  5.932862439545757  0.7684365189243004  0.005015938456028119
  5.961059825597659  0.7846808568490822  0.0052529927633354016
  5.989239053227541  0.7938619065119933  0.0046789241499942905
  6.017400036596584  0.8138751196317969  0.005283757317689134
  6.045542689921551  0.7563825361321851  0.00585867558100849
  6.073666927475035  0.812371566549914  0.004905475146920683
  6.101772663585738  0.7970559245380137  0.0053601709162531715
  6.129859812638712  0.8299282219983679  0.005111469394004273
  6.157928289075625  0.7930411618498551  0.005395128489196674
  6.1859780073950335  0.8195657245828875  0.005281855401815239
  6.214008882152632  0.8088454827829155  0.005118552061352322
  6.242020827961512  0.8369916895717512  0.005607528333405982
  6.270013759492432  0.7966272528060453  0.005063739662186152
  6.2979875914740635  0.8328709314810764  0.00528547816992524
  6.325942238693269  0.8177681149728008  0.004449030147918473
  6.353877615995335  0.8482238664016256  0.005676116758565397
  6.381793638284271  0.7932816261127522  0.0061001753572563246
  6.4096902205230215  0.8410904344673333  0.005334262506442294
  6.437567277733763  0.8171057544736361  0.0065366840545289665
  6.465424724998144  0.858983143790209  0.005067822583508198
  6.493262477457548  0.8070968430674037  0.0049442401093700876
  6.521080450313354  0.8242220495546092  0.00565999830129761
  6.548878558827194  0.839766684523308  0.005505176199302325
  6.576656718321206  0.8542184969752887  0.004914638252061628
  6.604414844178301  0.799639027251765  0.006407512906137361
  6.632152851842412  0.8624346244731655  0.005052687136252709
  6.659870656818757  0.8529666272314974  0.006280154492537684
  6.687568174674096  0.8998848836530094  0.005218012225718044
  6.715245321036986  0.8573804840206742  0.005193066592607879
  6.7429020115980425  0.8897059967330161  0.00552715779569307
  6.770538162110183  0.9008620430927086  0.005471200562950716
  6.798153688388905  0.9313122735307158  0.006320039829159171
  6.825748506312525  0.8991286958306525  0.005398744582215231
  6.853322531822442  0.9389082230652903  0.0053145495986175705
  6.880875680923394  0.9468033732899654  0.005320372722651469
  6.908407869683706  0.9727469107442136  0.005763529319191194
  6.935919014235562  0.9497462823778807  0.005244923898990401
  6.963409030775239  0.9916381310610475  0.00537145997941534
  6.990877835563382  0.9835117018355953  0.006361985813396267
  7.018325344925249  1.0188997401883704  0.005001193723870891
  7.045751475250964  1.0100199199708535  0.004873421205980659
  7.0731561429957805  1.0146490168833118  0.005605652215382974
  7.100539264680326  1.0469032180682003  0.005409175066978362
  7.127900756890861  1.0708037283657839  0.006009996535040045
  7.155240536279539  1.0184224789146414  0.007670781146571588
  7.182558519564647  1.0972452598952416  0.005639806829784327
  7.209854623530872  1.0969429393168957  0.005410702063103833
  7.23712876502955  1.1220368834224599  0.005076772614698875
  7.2643808609789104  1.093151548172902  0.005201235962262722
  7.291610828364348  1.123490043355217  0.005803242749626414
  7.318818584238658  1.1367813944772225  0.005552851207730649
  7.346004045722296  1.154217733819399  0.00513120961421506
  7.373167130003634  1.125311908398521  0.005261012491362266
  7.400307754339203  1.1617772036702914  0.005528021518715045
  7.427425836053962  1.1567954507207237  0.006050501039728715
  7.4545212925415205  1.1714477234373681  0.0054860242812249695
  7.481594041264427  1.1353229072229867  0.0057178639060927825
  7.5086439997543915  1.1656875231364994  0.005626403258663019
  7.535671085612548  1.1583483719787968  0.005559713820622281
  7.562675216509708  1.1800230484555394  0.005133136627922533
  7.589656310186603  1.1514938506818655  0.0057350630447491144
  7.616614284454147  1.1525699564839644  0.005303269867153759
  7.6435490571936695  1.1742376546642572  0.005397920918504106
  7.670460546357185  1.176476770405473  0.005435277860344622
  7.69734866996763  1.1039217177526361  0.0077191404485336314
  7.724213346119116  1.1726766218511009  0.006104711640281639
  7.751054492977183  1.146983211668435  0.005719428927509828
  7.777872028779041  1.174666130288954  0.005509398593991272
  7.804665871833821  1.123347339229249  0.005072547037579675
  7.831435940522838  1.1477083194946078  0.005329963835994838
  7.858182153299815  1.1376776657150307  0.00523978816041007
  7.884904428691152  1.1626815217989446  0.0050232107132089625
  7.911602685296161  1.1160650192544388  0.005278035753678566
  7.938276841787326  1.1461372526944158  0.004794333449716135
  7.964926816910538  1.1492253424809658  0.004952291184155234
  7.991552529485349  1.1549715624492196  0.005367093803300746
  8.018153898405227  1.1150097242764885  0.005405579731811423
  8.044730842637785  1.1410253915011013  0.00497226614767981
  8.071283281225039  1.133201501278757  0.005401158082583006
  8.097811133283662  1.1590804673772892  0.006585322238483528
  8.124314318005212  1.10753530840325  0.005771372661216953
  8.150792754656393  1.120143579872717  0.004961351958577277
  8.177246362579297  1.1290297241490153  0.0064520712124661594
  8.203675061191644  1.1460037111007946  0.005869939123722944
  8.230078769987035  1.0974689005723324  0.0065965752077193724
  8.256457408535194  1.1365673768891933  0.004670818461285848
  8.282810896482216  1.1297151550393325  0.005165893455247373
  8.309139153550804  1.1493409479688228  0.005486731177166652
  8.33544209954052  1.103196910203624  0.00559641413390739
  8.361719654328029  1.1250838919359685  0.006409087062410205
  8.387971737867346  1.1210229452677938  0.005171134450937674
  8.414198270190067  1.1466031275071404  0.005639260794947337
  8.440399171405627  1.094520488480212  0.005669684946926146
  8.466574361701538  1.126526269865185  0.005319900455918836
  8.492723761343633  1.1208238865390274  0.005686611976323059
  8.518847290676302  1.1377545550829253  0.005814494516574113
  8.544944870122745  1.0880291879243549  0.006002508611902169
  8.571016420185213  1.1255359264291647  0.006259161514817291
  8.597061861445239  1.1102932789305628  0.005659231473931027
  8.623081114563892  1.1339684840978992  0.004860935429325049
  8.649074100282016  1.0883768157088007  0.005292474932728788
  8.675040739420469  1.089270629996985  0.006340627117826878
  8.700980952880363  1.1045208531678414  0.005474141864623852
  8.72689466164331  1.1009299129355496  0.00609825312331923
  8.752781786771662  1.0480470874558656  0.006244947533341496
  8.77864224940874  1.0804507047184468  0.0055974388952202405
  8.804475970779098  1.0812878776003079  0.004882780309626972
  8.830282872188732  1.083778342719433  0.005001521416457252
  8.856062875025353  1.0433791181766752  0.0054219345152782825
  8.881815900758594  1.0634446433139757  0.005023118223868821
  8.907541870940278  1.0468112934434255  0.0054979592536653155
  8.933240707204636  1.0767873049432437  0.0063412666089797416
  8.958912331268557  1.0201451458057242  0.0054439264021169526
  8.984556664931821  1.0425288395599004  0.005293632517634402
  9.010173630077338  1.029416118688802  0.0054544418734716145
  9.035763148671393  1.0426835207469127  0.005652849333450827
  9.061325142763875  0.9868091476711753  0.0057989773949385336
  9.086859534488513  1.0214352216165776  0.006218239752480671
  9.112366246063127  1.0019693895919473  0.006038079814351337
  9.137845199789844  1.0225828329897833  0.0054331186152547836
  9.163296318055357  0.9738810184613358  0.005200855326898783
  9.188719523331145  0.9767513901451067  0.006254557509169701
  9.214114738173711  0.975808181489564  0.005938892752079704
  9.239481885224837  0.9931962859889217  0.005043466852555703
  9.26482088721178  0.9312613432866004  0.005726724671983994
  9.290131666947556  0.9760963316122455  0.00530377982356395
  9.315414147331138  0.949699300040771  0.005906096416274938
  9.340668251347706  0.9745691136459477  0.004852226522120083
  9.365893902068876  0.9205592073901062  0.005072001230294518
  9.391091022652944  0.9492790715919678  0.005046186469443992
  9.41625953634511  0.9316422248591769  0.005443003105353034
  9.44139936647772  0.9524174002797828  0.005020268794404511
  9.466510436470488  0.8962994381427312  0.0063035011304349246
  9.491592669830741  0.9348470764810713  0.005492783847962022
  9.516645990153643  0.9180401034246441  0.005533121126932805
  9.541670321122442  0.9260158666371758  0.005938919041351622
  9.566665586508682  0.8880974988009758  0.0051646552232863545
  9.59163171017245  0.9114297230022694  0.005436512536408713
  9.616568616062604  0.9008851677002031  0.00521161366247848
  9.641476228217  0.9331938375153578  0.005603243259902437
  9.666354470762741  0.8809263788693757  0.005047628960487392
  9.691203267916379  0.8965405660601568  0.004903439135005196
  9.716022543984169  0.8900691625823582  0.005165201689729337
  9.74081222336229  0.9222481576407103  0.005424285271629537
  9.765572230537089  0.8768508792439752  0.004777620274639866
  9.790302490085278  0.9035851951888049  0.005358916495869025
  9.815002926674204  0.8956742737790649  0.005068402479213259
  9.839673465062052  0.9139023746602204  0.005393805233676852
  9.864314030098086  0.8770911077488847  0.0049393415913909205
  9.888924546722865  0.9033602631482347  0.005717851141378415
  9.913504939968497  0.90016953235574  0.004792956640598492
  9.938055134958834  0.9245744570547284  0.005304170663607381
  9.96257505690973  0.8837198554314503  0.004879260936580341
  9.987064631129243  0.9122829949165211  0.006365868370575244
  10.011523783017884  0.9062395629183968  0.004537591133636782
  10.035952438068845  0.9205770071745641  0.004945578662630394
  10.060350521868195  0.8809265544532013  0.004641645058376388
  10.084717960095142  0.9176912208475392  0.004961018597978787
  10.109054678522245  0.9082573408433284  0.005065667450132034
  10.133360603015639  0.9344604201718758  0.0054760227720577715
  10.157635659535261  0.9048117503854944  0.005876143943035012
  10.181879774135082  0.9031779053426323  0.005509855610812433
  10.20609287296332  0.916160264766543  0.0059931637371683135
  10.230274882262682  0.9342453018397304  0.0057075265320533156
  10.25442572837057  0.8929249892964571  0.00558265689336913
  10.278545337719319  0.9353416790181216  0.005424572326860668
  10.30263363683642  0.9264964827850548  0.0052445167601379026
  10.32669055234473  0.9457413506330461  0.0055560003913014905
  10.350716010962715  0.9227693402909272  0.005386361985302355
  10.374709939504665  0.9371260211276179  0.0056282011674969375
  10.398672264880904  0.9376924264603314  0.004598471191321888
  10.422602914098041  0.9638021331069463  0.004994809145520344
  10.446501814259168  0.9193235208194305  0.005409841194543409
  10.470368892564085  0.9476369122183257  0.005559037558604393
  10.494204076309542  0.9477375341769938  0.005640163707972177
  10.518007292889422  0.9658093775808635  0.005858111958905015
  10.54177846979501  0.9218836039085361  0.0054593533353513215
  10.565517534615175  0.9567679837916565  0.0054613349039704774
  10.58922441503661  0.9503358064860077  0.005678658081223992
  10.612899038844043  0.9842124683785904  0.00534554821667821
  10.636541333920464  0.9483355914886161  0.005472177634210574
  10.660151228247347  0.9599288449879322  0.0057196526243494
  10.683728649904856  0.9650424166577876  0.005149081043724251
  10.707273527072076  0.9943911939403226  0.005768232558293789
  10.730785788027227  0.9511059255137614  0.004809875926237184
  10.754265361147887  0.9934712107944573  0.005236278605495173
  10.7777121749112  0.9812236836704863  0.0053551746786961
  10.801126157894108  1.0167975574744113  0.004926921748960353
  10.82450723877356  0.9686954532417932  0.005688025690657855
  10.847855346326728  1.0072208845993194  0.004835114216283687
  10.871170409431222  0.9979300334906712  0.004395075635775052
  10.894452357065324  1.0362182964271196  0.005664128651501736
  10.91770111830818  0.9871560218773803  0.0052380763886777
  10.94091662234003  1.0193454858474598  0.005780999888759721
  10.964098798442425  1.0207085824678777  0.005890235130848408
  10.987247575998436  1.0402272118692522  0.005844472212897309
  11.01036288449287  1.0013886652921553  0.005881441195729006
  11.033444653512493  1.039503258205928  0.00507016158759982
  11.056492812746226  1.0327438228363728  0.006034203134865831
  11.079507291985388  1.055596074463649  0.005215862563923509
  11.102488021123875  1.0337150908820787  0.005480378068948343
  11.12543493015841  1.0388430035269207  0.005785586692026405
  11.148347949188722  1.0536176644707873  0.005143707360455296
  11.171227008417782  1.0797947131837653  0.005403459841488236
  11.194072038152008  1.0188990335560342  0.005847912611757758
  11.216882968801478  1.0800082225310346  0.005273199321741912
  11.239659730880145  1.0653262126805614  0.005128416307976485
  11.262402255006034  1.0944424199476828  0.005272429437515848
  11.28511047190148  1.052258482141769  0.0057609988325327925
  11.307784312393313  1.082686767659776  0.005574924170500659
  11.330423707413079  1.0809785083121146  0.005413826333248796
  11.35302858799726  1.1126529437618264  0.004891733227650135
  11.375598885287467  1.0701959328817867  0.005616316454227398
  11.398134530530662  1.1066897560997182  0.006547696581658505
  11.420635455079358  1.0991919245045325  0.005031846021234167
  11.44310159039184  1.114432972541562  0.005806939998141009
  11.465532868032364  1.0813330346521015  0.005825044928232667
  11.487929219671363  1.1148843726767197  0.005218201198047479
  11.510290577085671  1.100241274517636  0.005671548135387442
  11.532616872158716  1.1358630696930936  0.005593787182101389
  11.554908036880724  1.0857009222075187  0.005788022138273576
  11.57716400334895  1.1003209169674764  0.005000615020907355
  11.599384703767855  1.106390678721682  0.005488875739446741
  11.621570070449335  1.1271775804847741  0.005205650987232727
  11.643720035812915  1.0831360411584305  0.0050609075574648615
  11.665834532385952  1.1200016688387113  0.0067647001196675305
  11.687913492803869  1.1110736848367897  0.005244703932209899
  11.709956849810311  1.1275051860243483  0.00574077386801325
  11.731964536257397  1.0940780568161652  0.005746290744428032
  11.75393648510589  1.120572791186247  0.005023642371502197
  11.775872629425429  1.1094689606937405  0.005354831015842104
  11.79777290239471  1.1293307439210376  0.00524814667167891
  11.819637237301713  1.0947868749938081  0.00500246302295495
  11.84146556754387  1.1147767181917565  0.005998763218546639
  11.863257826628308  1.1039402326228571  0.005112664032984619
  11.885013948172023  1.1295261781332415  0.005715644801775824
  11.906733865902106  1.0792663308879558  0.006344251332148877
  11.928417513655907  1.1089546525213434  0.005129721759993498
  11.95006482538128  1.0916852116723605  0.0050221142214137305
  11.971675735136762  1.1230452310217205  0.005431855765324186
  11.99325017709177  1.0683964311994512  0.005103455057851556
  12.014788085526813  1.0861361542691053  0.005179632589219452
  12.03628939483369  1.0804316755004864  0.004912955733653728
  12.057754039515679  1.1092492411275334  0.005552296172208449
  12.079181954187758  1.0415929732950557  0.0065498433180999575
  12.100573073576772  1.0869065626268961  0.004930499170671055
  12.121927332521665  1.074591479824765  0.00551269946075045
  12.143244665973667  1.0873870515832782  0.004661868873073337
  12.164525008996476  1.0472526325197389  0.005584407037920487
  12.185768296766485  1.0715531035285855  0.005408509941874283
  12.206974464572944  1.0564522352595607  0.004885755921433776
  12.228143447818196  1.0830628117087173  0.0056103736567152335
  12.249275182017847  1.029084196322442  0.005143702900913563
  12.270369602800967  1.0605111530493012  0.004492697995716855
  12.291426645910295  1.045253659921301  0.004868596211001388
  12.31244624720242  1.0558085791220702  0.005173293462562602
  12.333428342647995  1.0188442000808084  0.005175002885876436
  12.35437286833192  1.0409605761730778  0.0062184468662054865
  12.375279760453536  1.0199111266120036  0.004713730415162673
  12.396148955326824  1.0418551842468493  0.00436371683676847
  12.416980389380594  1.011812314499161  0.005449038930428839
  12.437773999158692  1.011540552453697  0.00488808156884037
  12.458529721320168  1.0149511464830456  0.006068233496201226
  12.479247492639503  1.0253668055133043  0.004905304684063125
  12.499927250006763  0.9856082199085354  0.004997506771699863
  12.520568930427823  1.009670112287755  0.005210435787579907
  12.541172471024549  0.9901635345510594  0.005306383628751298
  12.561737809034982  1.0216644748510029  0.005912434457772862
  12.582264881813531  0.9776269574693014  0.004823544095225938
  12.602753626831179  0.9896194024068482  0.0057918928987757265
  12.623203981675651  0.988519437612167  0.005683155627745452
  12.643615884051618  1.0099036681350786  0.00541539138966487
  12.663989271780892  0.9650772649890883  0.005188876292720893
  12.684324082802593  0.9796506266710819  0.005947818461137343
  12.704620255173369  0.9744085710054173  0.004764518063984739
  12.72487772706755  0.9885327633401274  0.00536627746098783
  12.745096436777366  0.9462782192643242  0.005414835533541562
  12.765276322713124  0.9759599077133326  0.0047881570304313245
  12.785417323403392  0.9597854945801404  0.005066607198388388
  12.805519377495184  0.9760275082893193  0.00442621090828851
  12.825582423754163  0.952389823131748  0.004932672331921718
  12.845606401064808  0.9524219464289888  0.00500513540561753
  12.86559124843061  0.94680241249447  0.005784360573237508
  12.885536904974257  0.9702160897610409  0.005037085399726711
  12.905443309937823  0.9314619034396963  0.0053293392513666694
  12.925310402682946  0.9478228168711281  0.005341263529428107
  12.945138122691018  0.9374335309463208  0.005063030896376794
  12.96492640956336  0.9562441411256912  0.005677711402584609
  12.984675203021425  0.9306639724406618  0.005235202592805494
  13.004384442906957  0.9456015554312509  0.0058053412983698986
  13.024054069182194  0.9411483148121343  0.0051174881295198305
  13.043684021930046  0.9530312422440388  0.005476677737893341
  13.063274241354272  0.9213867108600066  0.0052513489398642345
  13.082824667779665  0.9473348344248846  0.005139522159447374
  13.10233524165224  0.9401607691962602  0.005394819464898067
  13.121805903539398  0.9408543230990788  0.004953372973290931
  13.141236594130127  0.9185149914577753  0.004703130037764392
  13.160627254235182  0.9322829935773712  0.004698093423202975
  13.17997782478724  0.9320925905815248  0.004290141245887448
  13.199288246841117  0.9387356155538896  0.004818377850694542
  13.21855846157391  0.9174553043428141  0.004997182244471212
  13.237788410285201  0.9161112557871806  0.0050170681903953076
  13.256978034397244  0.9254608497665711  0.004495843294465623
  13.276127275455103  0.9503879083472535  0.0048294215199671765
  13.295236075126875  0.8963246783565888  0.004726629848283391
  13.31430437520384  0.9318608183057598  0.0049667135553160624
  13.333332117600651  0.9200990742454395  0.005202914263303678
  13.352319244355504  0.9437323425414723  0.0046338643444865804
  13.37126569763032  0.8979994455128568  0.005352305740152129
  13.390171419710914  0.928257083564073  0.005519915962306087
  13.409036353007176  0.9177926449131452  0.005397831348422501
  13.427860440053252  0.9512737689907926  0.005214531082182743
  13.446643623507702  0.8973149899945551  0.005088124291948734
  13.4653858461537  0.9293577211690092  0.004654978493106216
  13.484087050899184  0.9284187033414169  0.005007877475858162
  13.502747180777032  0.9476425557156558  0.004548125272176557
  13.521366178945263  0.9069161139517543  0.00449230901185759
  13.539943988687176  0.9283700362986956  0.004941834046842497
  13.558480553411538  0.9278328332919099  0.0055574268682582716
  13.576975816652762  0.9510104640023452  0.00474206382869441
  13.595429722071064  0.9058225900254315  0.005000542641110505
  13.613842213452653  0.9130221004285585  0.005106741961219038
  13.632213234709884  0.9297798418628921  0.005028265604664103
  13.65054272988144  0.9485324581454527  0.004668024167216594
  13.668830643132504  0.9018841475954948  0.005198809645286976
  13.687076918754912  0.9459451985814952  0.005321026009158762
  13.705281501167354  0.9277560221303577  0.005321361742479349
  13.723444334915508  0.9552369059322431  0.00514576138028427
  13.741565364672237  0.9170389696016685  0.004565621178925382
  13.759644535237738  0.935041910540718  0.005425426441952896
  13.777681791539726  0.935923293674174  0.005293039501073032
  13.795677078633585  0.959481776238028  0.005352235666296662
  13.813630341702556  0.925145773500639  0.005272901047504218
  13.831541526057881  0.9469943182746341  0.005850745130183114
  13.849410577138988  0.9384431834158542  0.0050676075333449064
  13.867237440513648  0.9616202334807447  0.005283250564931231
  13.885022061878145  0.9160942110120969  0.0054986430482157865
  13.902764387057436  0.9513839363105183  0.0057973486273507156
  13.920464362005323  0.9406840907221642  0.004818982909260391
  13.938121932804615  0.9701418509954811  0.005229007618380162
  13.955737045667282  0.9291813667435384  0.00563275572992418
  13.973309646934643  0.9474095888886492  0.00528352464442032
  13.990839683077503  0.9522132983323017  0.004797829762537127
  14.00832710069633  0.9784506180575245  0.005119012102627909
  14.025771846521424  0.9094682367322581  0.0058543676854351965
  14.043173867413056  0.9697889352192312  0.004993254696953364
  14.060533110361657  0.9581599858097762  0.005010545239252
  14.077849522487965  0.9843010489928874  0.005296369021433037
  14.095123051043176  0.9358213543927089  0.004579502011186709
  14.11235364340914  0.9721061716420375  0.005844023509203742
  14.12954124709847  0.95297326272039  0.004670000425582911
  14.146685809754752  0.9918401497865988  0.005350356464504948
  14.163787279152679  0.9426179358703145  0.005521963183611951
  14.1808456031982  0.9774531446756122  0.0057724687145365135
  14.197860729928706  0.9730225026089435  0.004850202294861189
  14.214832607513173  1.0015556726754562  0.00542127300984364
  14.231761184252314  0.9454195291747671  0.005283112052600425
  14.24864640857875  0.9804849512789567  0.004873970898510779
  14.265488229057162  0.9667783348262807  0.0052566860399194375
  14.28228659438444  0.9948622728980482  0.005207734842021812
  14.299041453389849  0.9633827854898861  0.005370715775955601
  14.31575275503519  0.9611387370445367  0.005115647963847482
  14.332420448414934  0.9744775621272074  0.005288440043295049
  14.349044482756398  0.9938665354572059  0.004924280591380791
  14.365624807419888  0.9256238720748791  0.006468760435615352
  14.38216137189886  0.9985362613005518  0.006228770429829679
  14.398654125820078  0.9854716137882182  0.0048852645795107565
  14.415103018943746  1.015687153034064  0.004939896446024562
  14.431508001163687  0.9583003621395888  0.005121751009105536
  14.447869022507476  0.9835098088123638  0.0054024944758839484
  14.464186033136604  0.9813386791043179  0.005014898693424309
  14.480458983346633  1.0183498093295085  0.006181749909671289
  14.49668782356733  0.9615138966406352  0.004684059958622958
  14.512872504362832  1.0017474089952612  0.005817472836569759
  14.529012976431796  0.9908946050521393  0.0052065999279770556
  14.54510919060755  1.0095097735648262  0.0054509622626980996
  14.561161097858227  0.9618608792222562  0.005262997671456656
  14.577168649286936  0.994165975781197  0.005291297112117738
  14.5931317961319  0.9984908747658553  0.006384320307730541
  14.609050489766608  1.017396178588719  0.005902602169720306
  14.62492468169995  0.9734325094746676  0.0054011883579908005
  14.64075432357639  0.9930266660341601  0.00564732643828702
  14.656539367176096  0.9995718458813824  0.005754374256986922
  14.672279764415086  1.0222208406844464  0.006246918942409714
  14.687975467345376  0.9552478363526243  0.006059589574885181
  14.703626428155138  1.012808423450802  0.005072201296200545
  14.71923259916883  0.9949641092127745  0.005394210096488793
  14.734793932847346  1.0261915008644518  0.005687208764922561
  14.750310381788168  0.9751107436994142  0.0052021994895531335
  14.765781898725502  1.0154843978018302  0.005193540078953841
  14.78120843653042  0.9947344321080315  0.0056259010755800665
  14.796589948211016  1.025286590232317  0.004915437539437119
  14.811926386912539  0.9851116969020468  0.005211519518626664
  14.82721770591753  1.0121145398924933  0.0057859489942371405
  14.842463858645988  1.0051838941277635  0.0054200975287542075
  14.857664798655485  1.0285141012964842  0.006665126311143067
  14.872820479641318  0.974496578506939  0.005758629339366482
  14.887930855436663  1.0147912968499189  0.0054592434606917295
  14.90299588001268  0.9931938303163222  0.005409954761260669
  14.918015507478708  1.0295919947170502  0.005988984754255714
  14.932989692082344  0.9782068685169358  0.004754429042629286
  14.947918388209633  1.000923493767448  0.005729997662314544
  14.962801550385175  0.9932280639767773  0.005522918181990834
  14.977639133272271  1.0311324796500134  0.005082962192036455
  14.992431091673081  0.9725096949624225  0.005054763074746158
  15.00717738052873  1.0185627909196735  0.005009603373418609
  15.02187795491946  1.00505082094897  0.004722151469172911
  15.036532770064781  1.0241130110923762  0.004541771314763037
  15.051141781323578  0.9809540257400684  0.004770640590283773
  15.065704944194271  1.0081149620654666  0.004898860452680449
  15.080222214314938  0.9957570034158706  0.0059383339894683385
  15.094693547463462  1.0292437657538873  0.005959934444918011
  15.109118899557647  0.9761076009444234  0.005370639260943528
  15.123498226655371  1.0037374032517266  0.005480139406255004
  15.137831484954711  0.9958401077594324  0.004845299268396005
  15.152118630794073  1.0045999802459384  0.005454964742731432
  15.16635962065234  0.9693938383007142  0.005301157888746615
  15.180554411148979  0.9916221289396304  0.0042843404899856
  15.194702959044202  0.9787153835081742  0.004991553712146506
  15.208805221239073  1.003335928352339  0.005266913698322183
  15.22286115477566  0.9689421118363474  0.004703288912401439
  15.236870716837153  0.9757817135418424  0.0056311370590734836
  15.250833864747994  0.9837107971815742  0.005313378422099668
  15.264750555974013  1.0011880724757256  0.005264155496748873
  15.278620748122554  0.9855308311439884  0.0050349880823953265
