   59477985.903544478     
   99732259.785466641     
   190864398.55786648     
   184340338.52963150     
   269733211.47887641     
   287164889.97775614     
   414125567.78370208     
   968560688.62496436     
   475655801.84456617     
   256864681.94567075     
   131654592.35496876     
   109211546.53527629     
   56798038.627354816     
   67384128.203878254     
   52851087.990495101     
   53255312.958825000     
   60842325.829755262     
   40522769.385048814     
   37542104.471595578     
   34038507.315633595     
   30991092.601151187     
   29621453.080369540     
   30319943.801676977     
   29220128.344965741     
   28365422.631902773     
   26758778.955443449     
   22244090.827310730     
   35283082.715587802     
   27725542.114252169     
   25039842.283768859     
   27368624.930610958     
   28050150.296075668     
   26695926.494484983     
   27059125.186471924     
   26997466.284985524     
   25593567.175209038     
   26817926.464239836     
   25723128.991170678     
   22658077.374902248     
   28509084.589281946     
   24032925.051806845     
   22664295.326708406     
   27900943.930434436     
   26932502.263166200     
   23521229.384133235     
   28720805.996746674     
   27036343.057550803     
   26226328.028753687     
   25498651.651939664     
   27355402.281031370     
   24958169.681385577     
   26567399.449621145     
   25457032.850206047     
   23619625.334418487     
   24396984.806243673     
   28091408.991653040     
   23856211.015976645     
   27439667.855060175     
   22846779.339076713     
   32732203.134421449     
   26380919.513900328     
   24032942.999971047     
   24019237.468704082     
   24201955.027466845     
   24394090.605056897     
   22634036.649391938     
   27360275.010696597     
   26058307.321359497     
   22664838.892401144     
   28953216.265462484     
   26505078.966536250     
   24738927.144726835     
   24098853.536630448     
   24681617.191516068     
   26402669.869548321     
   25558882.758718219     
   25664843.589195929     
   27225436.771864444     
   25412132.945022460     
   30126160.095994305     
   26149154.754431821     
   22784330.464301050     
   28604138.439699400     
   23687241.197687857     
   24232821.374117289     
   24407357.192349400     
   24722096.013691418     
   25158776.944993939     
   24423020.062445387     
   25824230.330362078     
   26928705.789465670     
   27859016.668900572     
   27747646.133987155     
   31855481.135221682     
   26842136.755860981     
   26108775.112446707     
   27145909.947727390     
   26277552.813776303     
   29328006.754274532     
   28349785.327112276     
   26222986.159497466     
   30607822.698296625     
   26524875.517162036     
   25144655.273909703     
   24383596.399163630     
   31142004.113911305     
   29276366.702261668     
   22994205.616454862     
   30918141.640746586     
   31203451.916754849     
   23741806.279989455     
   30614347.876665764     
   27945300.596062887     
   25951903.904328775     
   28865328.701694194     
   23926012.516258337     
   27118716.115454752     
   25360937.120993510     
   23490040.658923257     
   24256054.181801286     
   28487455.819684237     
   28347402.365530044     
   29381641.712942388     
   28184514.920724854     
   25067066.141028248     
   26707749.709962219     
   28225843.967894297     
   24084088.331861608     
   27676430.921217512     
   25797576.998209279     
   24357553.114896875     
   23039303.362854358     
   26180701.275635444     
   28393685.414298974     
   26232064.548849400     
   27122809.042108089     
   25518596.118415959     
   27218107.732588187     
   25169805.676515806     
   26545589.745675523     
   28783596.163683552     
   25625523.616350159     
   27764013.705183137     
   24446833.982972629     
   27742941.398580659     
   25849518.021656960     
   28746824.707617033     
   24499778.381343782     
   25669511.510781925     
   25047097.780576799     
   27328754.530472048     
   25741580.904752173     
   33240675.737545379     
   27410174.017335873     
   29138032.224636655     
   27812155.500146810     
   28193088.537527557     
   27525327.257439353     
   25458395.833698966     
   30050881.718803857     
   25506233.293449223     
   25647739.799978543     
   28509539.417440403     
   26698305.210010387     
   25403390.134182379     
   25016308.896690398     
   24324473.003998525     
   28496295.446822099     
   31473133.946223482     
   29759207.066863649     
   25284190.673026364     
   26039471.317243658     
   25848472.212989107     
   29298956.959790763     
   30451540.544811558     
   23892865.998644136     
   27427768.684952065     
   28160470.851911757     
   25185227.730880160     
   26837096.925830051     
   34480644.922530033     
   25350804.903352622     
   29126552.504907575     
   30725339.044538416     
   30493302.839485943     
   29761035.630330466     
   27041673.295696933     
   27889567.455847222     
   25166643.637952399     
   30813912.875540163     
   25086758.457387146     
   26202521.654638529     
   28273730.011625156     
   26990059.284701023     
   27647888.884810396     
   28874476.848732483     
   26401201.202314813     
   28214615.875399668     
   27533079.234938353     
   25001745.033337008     
   26209051.275207106     
   31603205.777585018     
   28320253.398889277     
   32379462.722297587     
   26144542.818541441     
   26726123.173064116     
   29309249.111084290     
   29310128.268506214     
   29850104.684953466     
   27867423.086704720     
   27273356.574689757     
   26697322.833116844     
   24042897.436415214     
   27192945.331707027     
   33152924.821828108     
   30535457.564849913     
   25150432.067168009     
   28184941.220487569     
   24266258.795886222     
   26482832.083217923     
   26949473.132536117     
   29067362.742709458     
   27176639.841027007     
   28011436.178218212     
   26305204.271405589     
   25520954.854951344     
   26552208.071606148     
   26899126.410127744     
   23698530.067534756     
   25322404.001792565     
   26706306.074017629     
   31451365.605713036     
   33572042.851596959     
   29476547.108866628     
   30750232.749296051     
   26949294.185413323     
   30425298.398405403     
   27562182.621921141     
   29547793.938574504     
   35718835.662146419     
   28641205.958566204     
   27108900.971243482     
   25362056.560051464     
   28749653.914243340     
   28064926.029656939     
   27347657.536090102     
   26508488.842430532     
   25778508.232873496     
   28235702.858281869     
   31297519.799131047     
   29193329.552874178     
   33765018.569277637     
   27642521.401268642     
   27561767.040328421     
   27035197.379890233     
   28532418.729863141     
   30804175.364785932     
   30929876.166687127     
   30439476.637270633     
   28203900.337840892     
   26950850.208136674     
   30061240.538413264     
   28768968.645415872     
   26302909.208853893     
   29811635.375215460     
   26545085.705387015     
   29711425.254646745     
   27978237.000845235     
   28657351.001224704     
   26870545.741052363     
   25521352.096834373     
   29061951.887695186     
   29091476.474009611     
   23728418.399078093     
   29116200.722209163     
   28250273.214843549     
   25069923.138081461     
   28391326.871053036     
   29521930.008097891     
   28524956.472687561     
   42973013.343732253     
   31556775.207956064     
   26077011.965110105     
   27276590.640872099     
   27083158.419140637     
   31498086.558931679     
   28042417.641294777     
   30012990.726744659     
   29110362.737559777     
   27261778.262204655     
   27860365.236909449     
   26794563.762895919     
   31573697.432135440     
   27012871.019626763     
   25888925.543127432     
   30652577.794548742     
   28080360.807692628     
   32676573.244297005     
   26583246.825335853     
   29356535.826551490     
   26743925.845823072     
   27979240.717245389     
   32891544.505281340     
   25994114.493472889     
   30163633.055899665     
   24497708.629405770     
   25798541.210107196     
   30780739.680162668     
   28658935.852864999     
   26525527.565278448     
   26593470.940862510     
   26164056.354737952     
   29501712.381834224     
   29294940.256524038     
   29966906.400227088     
   24399217.099606607     
   28810540.468239710     
   24264772.561793271     
   26487996.364556227     
   29877327.369062141     
   25880435.448852479     
   30865698.336273309     
   28255067.861580595     
   29470623.186013646     
   28639883.407284576     
   31536168.030497734     
   26263552.999268580     
   27447444.137831744     
   31447331.652614448     
   26318557.317382414     
   25591146.746966239     
   28023832.498833742     
   30002128.265815631     
   30761950.510792635     
   26776067.656456716     
   28488608.236859608     
   26203798.687502407     
   29791851.589689329     
   28746008.786443144     
   29621625.065612078     
   29481548.291233897     
   26116256.004610620     
   32244776.630429175     
   36654380.949353412     
   27263306.324294787     
   31010703.465852700     
   31167602.619876899     
   30885708.911772773     
   27322072.764569592     
   25923660.900600493     
   24875390.947368234     
   28295276.518951401     
   31513874.340676557     
   32444032.380662303     
   28535713.819302045     
   29828549.198718052     
   29684952.736748595     
   26511136.770389542     
   27202312.100323122     
   28143115.283878978     
   27910166.996133510     
   27633716.777026352     
   31304263.286327910     
   27929301.679205779     
   25132822.931728333     
   32438553.919116605     
   28547670.564644396     
   28281995.849610623     
   31169711.163126960     
   25394045.333849531     
   28229675.223640539     
   28366659.656006541     
   25217061.486824270     
   26865243.068947569     
   28407751.635177545     
   27895744.811330684     
   24129029.784451049     
   25877084.788957629     
   26805988.465123318     
   31009977.120101236     
   32331287.724065039     
   28538571.192862034     
   26690619.958375551     
   25914034.100560840     
   28284800.751381788     
   29076188.770325396     
   26606102.010194454     
   26553041.372692715     
   26202527.445392400     
   28627913.859780375     
   29860738.347109701     
   29845597.220381051     
   33354447.925424118     
   32114134.038984608     
   30662146.387002382     
   30569741.213016074     
   26002227.769003402     
   31422956.761261120     
   31930234.516694665     
   27637689.859143492     
   29311472.231825601     
   30323781.480618469     
   28964318.695139073     
   28472375.128998518     
   30241067.420536883     
   29040856.209929422     
   31581718.262639213     
   31862596.302397888     
   33147470.296304118     
   28141302.379428077     
   32821754.376772899     
   31546449.389454897     
   29322902.062521830     
   28572411.076718614     
   29437932.419164155     
   25980520.879362211     
   27240509.038384091     
   33373100.668812498     
   27456310.511033796     
   28809631.258912250     
   28693728.911216307     
   27975355.185012467     
   24922262.042939819     
   25439956.698067442     
   25954291.385578822     
   33757224.450468659     
   27266586.318894330     
   32677110.720115300     
   31009403.513282377     
   31586883.390641630     
   28970902.737620879     
   30096100.093676243     
   27927090.172958974     
   25526750.305396151     
   29057737.023611363     
   31206530.936817333     
   28394700.445099253     
   29716450.249687307     
   26632258.034034669     
   26098182.333762076     
   25377691.026774786     
   30513022.161659189     
   29424760.155032743     
   29755165.765044674     
   27327630.339041188     
   27664399.758108463     
   31219708.366521817     
   26367588.670982573     
   27762104.308836978     
   27515553.417964496     
