   8151629.4965205584     
   9385275.1539119761     
   9599675.0511413980     
   7118466.9833495151     
   8160340.4213785296     
   6574563.4744228637     
   7329479.8516744571     
   8439142.2695912626     
   6915757.3261417942     
   8599575.6500730701     
   8330857.4023419144     
   7717046.6250112560     
   8055213.4899692442     
   9144036.2354846001     
   6255237.3182284618     
   6846408.0345016448     
   7071842.2282700958     
   8103077.6115868464     
   7632871.8394846944     
   7711231.2301114220     
   7887922.0259134853     
   8853171.5521228835     
   8131433.4088759720     
   7869823.9960970310     
   7598136.2992859334     
   7817603.8477014219     
   8033123.0355457161     
   8863309.9179273732     
   8500425.1162345763     
   8730417.3453942798     
   11000084.324708521     
   8748944.7126264162     
   8982400.1225279216     
   9083283.9739758223     
   7720850.6333123716     
   6996215.1731293024     
   8591821.2388171852     
   9363071.2081937771     
   7795145.1729625789     
   8883987.4102545828     
   9291133.3413054794     
   7120129.4426663266     
   8459141.0068484806     
   7146160.2589747766     
   9210858.4867670313     
   9700988.0544527043     
   7444926.7585602785     
   9245527.3580126800     
   8388717.7737617902     
   6960734.1930187456     
   7109858.3562997840     
   7623341.5077379476     
   8910636.4168501310     
   9506965.0992685109     
   7594475.5013572089     
   7273063.5129015120     
   8723609.9583601337     
   7672545.3110911362     
   9274353.3483108096     
   6813705.9974596864     
   9060993.3260649201     
   9242401.2338318471     
   8395983.1808199920     
   8350493.0356291123     
   7645091.5300987624     
   9794926.5701349359     
   8241457.8096654397     
   7141894.7686166884     
   8827422.3264649902     
   8132438.0258072475     
   8344245.6228430299     
   9017565.5269755460     
   8937627.6544034015     
   9854990.7040315177     
   7730442.6111421939     
   7969157.8820946943     
   8896982.3371608313     
   9526970.3579294086     
   10312964.119430671     
   7991034.6991458284     
   8227914.1306284340     
   7770363.4814546835     
   8876348.8114063982     
   8725184.2176113054     
   8349419.4226796571     
   8559927.4598329868     
   7648090.2806733036     
   8037002.5506332349     
   10120382.684127524     
   7079308.4998557996     
   9013689.0871697310     
   8777695.1215029284     
   8614738.8499935642     
   8665468.5801287349     
   8052009.5450663976     
   7866090.1661723936     
   13484490.147717103     
   8893452.9933210127     
   9162233.1315874700     
   9801538.3431166224     
