tried moves    experiment_1   _ coord. constraints_1 _                                                                                                                                                                                                                                                                                                                                                                                                                                                                          
        0   575901   0.000E+00   0.000E+00
  OPTIMIZATION STUFF
      575901  -47056.610388872126        21441237816.709606     
   138661.14537035779       -185717.75575922991     
        0   575905   0.000E+00   0.000E+00
  OPTIMIZATION STUFF
      575905  -49630.705461031896        22671303197.537857     
   142155.18377104000       -191785.88923207190     
        0   512522   0.000E+00   0.000E+00
  OPTIMIZATION STUFF
      512522  -48680.976482080019        22255667586.586845     
   141017.12702837912       -189698.10351045913     
        0   522131   0.000E+00   0.000E+00
  OPTIMIZATION STUFF
      522131  -48116.277332655685        21974928792.190136     
   140213.23991633992       -188329.51724899560     
        0   540893   0.000E+00   0.000E+00
  OPTIMIZATION STUFF
      540893  -48020.776827930524        21917090271.170414     
   140039.62033657654       -188060.39716450707     
        0   525809   0.000E+00   0.000E+00
  OPTIMIZATION STUFF
      525809  -48662.544919557557        22201813132.123150     
   140832.41762490338       -189494.96254446093     
        0   518478   0.000E+00   0.000E+00
  OPTIMIZATION STUFF
      518478  -48166.804708021533        21976723660.633713     
   140202.29165335718       -188369.09636137873     
        0   523439   0.000E+00   0.000E+00
  OPTIMIZATION STUFF
      523439  -47468.213651814636        21667872387.039112     
   139336.43127245936       -186804.64492427401     
        0   524956   0.000E+00   0.000E+00
  OPTIMIZATION STUFF
      524956  -47201.079320736171        21523170737.480473     
   138907.26708289256       -186108.34640362873     
        0   520568   0.000E+00   0.000E+00
  OPTIMIZATION STUFF
      520568  -46567.658121592081        21252489775.523613     
   138144.64518248301       -184712.30330407509     
        0   533594   0.000E+00   0.000E+00
  OPTIMIZATION STUFF
      533594  -45777.715427260213        20863494267.686600     
   136995.96723242395       -182773.68265968416     
        0   442892   0.000E+00   0.000E+00
  OPTIMIZATION STUFF
      442892  -45932.398500602241        20946195543.132839     
   137245.80252639682       -183178.20102699904     
        0   516482   0.000E+00   0.000E+00
  OPTIMIZATION STUFF
      516482  -47294.257404983437        21578341287.102158     
   139074.06121780339       -186368.31862278684     
        0   505278   0.000E+00   0.000E+00
  OPTIMIZATION STUFF
      505278  -45946.963445671485        20936857875.218063     
   137206.90370874270       -183153.86715441418     
        0   521525   0.000E+00   0.000E+00
  OPTIMIZATION STUFF
      521525  -46595.492614340859        21266437787.454876     
   138185.73680189205       -184781.22941623291     
        0   520320   0.000E+00   0.000E+00
  OPTIMIZATION STUFF
      520320  -45991.203215566835        20960289214.912907     
   137277.45059439784       -183268.65380996469     
        0   523481   0.000E+00   0.000E+00
  OPTIMIZATION STUFF
      523481  -48366.353978300533        22097773912.542553     
   140564.82389057471       -188931.17786887524     
        0   512701   0.000E+00   0.000E+00
  OPTIMIZATION STUFF
      512701  -47604.863701200629        21722858992.931816     
   139487.04579609510       -187091.90949729574     
        0   523133   0.000E+00   0.000E+00
  OPTIMIZATION STUFF
      523133  -47797.654921830275        21841122929.742306     
   139844.58199628594       -187642.23691811622     
        0   524612   0.000E+00   0.000E+00
  OPTIMIZATION STUFF
      524612  -48486.562741677051        22199352770.204449     
   140884.37104129707       -189370.93378297411     
        0   522362   0.000E+00   0.000E+00
  OPTIMIZATION STUFF
      522362  -47888.480496201606        21883847798.963573     
   139966.21461884468       -187854.69511504628     
        0   520394   0.000E+00   0.000E+00
  OPTIMIZATION STUFF
      520394  -47088.693315769880        21443948557.765095     
   138660.02855754236       -185748.72187331226     
        0   477952   0.000E+00   0.000E+00
  OPTIMIZATION STUFF
      477952  -48037.293301728801        21913441514.361691     
   140020.92688810974       -188058.22018983855     
        0   460823   0.000E+00   0.000E+00
  OPTIMIZATION STUFF
      460823  -44982.364515785994        20504455547.730122     
   135944.99781271498       -180927.36232850098     
        0   526691   0.000E+00   0.000E+00
  OPTIMIZATION STUFF
      526691  -48318.285526854459        22075286944.857155     
   140501.35312018360       -188819.63864703805     
        0   505202   0.000E+00   0.000E+00
  OPTIMIZATION STUFF
      505202  -48296.139212490525        22096962840.434460     
   140586.07960108353       -188882.21881357406     
        0   558446   0.000E+00   0.000E+00
  OPTIMIZATION STUFF
      558446  -46672.957690780553        21254091515.878555     
   138114.90338219536       -184787.86107297591     
        0   574315   0.000E+00   0.000E+00
  OPTIMIZATION STUFF
      574315  -49438.861237825397        22574690621.704933     
   141881.95664428925       -191320.81788211464     
        0   569790   0.000E+00   0.000E+00
  OPTIMIZATION STUFF
      569790  -47484.984621921802        21628275274.695896     
   139188.54661987006       -186673.53124179185     
        0   518296   0.000E+00   0.000E+00
  OPTIMIZATION STUFF
      518296  -47143.142221424408        21485639623.994171     
   138791.80006572694       -185934.94228715135     
        0   431541   0.000E+00   0.000E+00
  OPTIMIZATION STUFF
      431541  -47454.166272359995        21619985451.236637     
   139169.27661891415       -186623.44289127414     
        0   471926   0.000E+00   0.000E+00
  OPTIMIZATION STUFF
      471926  -46570.406619414884        21199511107.613979     
   137951.83338729621       -184522.24000671110     
        0   487980   0.000E+00   0.000E+00
  OPTIMIZATION STUFF
      487980  -48031.472517657479        21901408442.900928     
   139979.94888799769       -188011.42140565516     
        0   486622   0.000E+00   0.000E+00
  OPTIMIZATION STUFF
      486622  -47566.421877602530        21646967392.423023     
   139227.88119548812       -186794.30307309065     
        0   466327   0.000E+00   0.000E+00
  OPTIMIZATION STUFF
      466327  -47084.876019574993        21452437880.689545     
   138691.93318614748       -185776.80920572247     
        0   495791   0.000E+00   0.000E+00
  OPTIMIZATION STUFF
      495791  -47270.762009253995        21586589924.826328     
   139111.69966573911       -186382.46167499310     
        0   466912   0.000E+00   0.000E+00
  OPTIMIZATION STUFF
      466912  -46645.834761130369        21280877029.250965     
   138220.99380589146       -184866.82856702182     
        0   447297   0.000E+00   0.000E+00
  OPTIMIZATION STUFF
      447297  -47882.443811109668        21832481547.041245     
   139784.66697645051       -187667.11078756017     
        0   418027   0.000E+00   0.000E+00
  OPTIMIZATION STUFF
      418027  -48018.771173005181        21914337286.962833     
   140030.47847521410       -188049.24964821927     
        0   390368   0.000E+00   0.000E+00
  OPTIMIZATION STUFF
      390368  -47871.678591921547        21805086794.050713     
   139690.33317607368       -187562.01176799522     
        0   540317   0.000E+00   0.000E+00
  OPTIMIZATION STUFF
      540317  -46579.402197450196        21241701628.792492     
   138101.63257442202       -184681.03477187222     
        0   594620   0.000E+00   0.000E+00
  OPTIMIZATION STUFF
      594620  -46157.175325090211        21035958608.233620     
   137497.17733190928       -183654.35265699949     
        0   521379   0.000E+00   0.000E+00
  OPTIMIZATION STUFF
      521379  -46954.718317407736        21425840189.255207     
   138640.16235199705       -185594.88066940478     
        0   494341   0.000E+00   0.000E+00
  OPTIMIZATION STUFF
      494341  -47187.393449641619        21463917582.137016     
   138698.47685380591       -185885.87030344753     
        0   529397   0.000E+00   0.000E+00
  OPTIMIZATION STUFF
      529397  -47131.867743361559        21468067182.765644     
   138732.31139784242       -185864.17914120399     
        0   525815   0.000E+00   0.000E+00
  OPTIMIZATION STUFF
      525815  -47413.568091628818        21643654922.675640     
   139268.11725407979       -186681.68534570860     
        0   509045   0.000E+00   0.000E+00
  OPTIMIZATION STUFF
      509045  -46196.469138554421        21069362520.641800     
   137605.40963120741       -183801.87876976182     
        0   521153   0.000E+00   0.000E+00
  OPTIMIZATION STUFF
      521153  -46076.366699749553        21010445303.819317     
   137431.48742398710       -183507.85412373664     
        0   535384   0.000E+00   0.000E+00
  OPTIMIZATION STUFF
      535384  -46294.618365811541        21102032652.702946     
   137691.10705875963       -183985.72542457117     
        0   541666   0.000E+00   0.000E+00
  OPTIMIZATION STUFF
      541666  -48788.009811250544        22279511033.544796     
   141064.67003542068       -189852.67984667124     
        0   539431   0.000E+00   0.000E+00
  OPTIMIZATION STUFF
      539431  -47420.015776970882        21637542451.252411     
   139243.97493236195       -186663.99070933284     
        0   552461   0.000E+00   0.000E+00
  OPTIMIZATION STUFF
      552461  -47324.552118119173        21602210662.162270     
   139149.55058850063       -186474.10270661980     
        0   596241   0.000E+00   0.000E+00
  OPTIMIZATION STUFF
      596241  -46670.314691555774        21270280729.996918     
   138174.39146451151       -184844.70615606729     
        0   579144   0.000E+00   0.000E+00
  OPTIMIZATION STUFF
      579144  -46999.378674793210        21435049342.792908     
   138658.24081884316       -185657.61949363636     
        0   602290   0.000E+00   0.000E+00
  OPTIMIZATION STUFF
      602290  -48017.244387938816        21895083286.500278     
   139962.23607776934       -187979.48046570815     
        0   602592   0.000E+00   0.000E+00
  OPTIMIZATION STUFF
      602592  -47615.254481532073        21718133791.422337     
   139466.55990624160       -187081.81438777369     
        0   604107   0.000E+00   0.000E+00
  OPTIMIZATION STUFF
      604107  -49219.791209377705        22487743959.593479     
   141651.53057026508       -190871.32177964278     
        0   536588   0.000E+00   0.000E+00
  OPTIMIZATION STUFF
      536588  -47991.101141967934        21887906947.695805     
   139945.56498466540       -187936.66612663332     
        0   522798   0.000E+00   0.000E+00
  OPTIMIZATION STUFF
      522798  -48142.545554093631        21958183463.159550     
   140144.49247377354       -188287.03802786718     
        0   429118   0.000E+00   0.000E+00
  OPTIMIZATION STUFF
      429118  -47292.091581094901        21583637176.325199     
   139093.83613305996       -186385.92771415485     
        0   456243   0.000E+00   0.000E+00
  OPTIMIZATION STUFF
      456243  -49213.257149412260        22415777208.792416     
   141399.54925507450       -190612.80640448676     
        0   468256   0.000E+00   0.000E+00
  OPTIMIZATION STUFF
      468256  -48462.109336288937        22093064735.503525     
   140515.08351127684       -188977.19284756578     
        0   494961   0.000E+00   0.000E+00
  OPTIMIZATION STUFF
      494961  -48571.070678834505        22192341843.011845     
   140830.36936727641       -189401.44004611092     
        0   491419   0.000E+00   0.000E+00
  OPTIMIZATION STUFF
      491419  -47904.587510410434        21803176536.385750     
   139672.21281215237       -187576.80032256281     
        0   504701   0.000E+00   0.000E+00
  OPTIMIZATION STUFF
      504701  -46638.666522625317        21251987439.675106     
   138118.86990801239       -184757.53643063770     
        0   501640   0.000E+00   0.000E+00
  OPTIMIZATION STUFF
      501640  -45998.451609302567        20923166474.614479     
   137139.74232206043       -183138.19393136300     
        0   479157   0.000E+00   0.000E+00
  OPTIMIZATION STUFF
      479157  -47737.452847109176        21797282501.282391     
   139708.33223881968       -187445.78508592886     
        0   468763   0.000E+00   0.000E+00
  OPTIMIZATION STUFF
      468763  -46332.734086437013        21047539785.668808     
   137480.24417255129       -183812.97825898830     
        0   542668   0.000E+00   0.000E+00
  OPTIMIZATION STUFF
      542668  -46578.597384939072        21168468450.919144     
   137836.50719809646       -184415.10458303551     
        0   536529   0.000E+00   0.000E+00
  OPTIMIZATION STUFF
      536529  -46261.702345888669        21102288397.832039     
   137703.09834528939       -183964.80069117807     
        0   535762   0.000E+00   0.000E+00
  OPTIMIZATION STUFF
      535762  -47707.122314164648        21723215622.923466     
   139453.38326274054       -187160.50557690518     
        0   505152   0.000E+00   0.000E+00
  OPTIMIZATION STUFF
      505152  -47286.999653491876        21611907737.337280     
   139197.15299210662       -186484.15264559851     
        0   525828   0.000E+00   0.000E+00
  OPTIMIZATION STUFF
      525828  -46962.182714163915        21405130997.201096     
   138562.92574827719       -185525.10846244110     
        0   500204   0.000E+00   0.000E+00
  OPTIMIZATION STUFF
      500204  -47756.474542022879        21809820044.078079     
   139746.69650261934       -187503.17104464222     
        0   511547   0.000E+00   0.000E+00
  OPTIMIZATION STUFF
      511547  -47898.026646063765        21869505612.408142     
   139911.70306954707       -187809.72971561085     
        0   505491   0.000E+00   0.000E+00
  OPTIMIZATION STUFF
      505491  -47817.500858592881        21830050185.623459     
   139798.20026474565       -187615.70112333854     
        0   520361   0.000E+00   0.000E+00
  OPTIMIZATION STUFF
      520361  -48312.751010448868        22009096469.058216     
   140267.51070315816       -188580.26171360703     
        0   524694   0.000E+00   0.000E+00
  OPTIMIZATION STUFF
      524694  -46050.378206798101        20943187033.327156     
   137195.29766117354       -183245.67586797164     
        0   506587   0.000E+00   0.000E+00
  OPTIMIZATION STUFF
      506587  -46966.790119178309        21384806134.999798     
   138488.00222727185       -185454.79234645015     
        0   494793   0.000E+00   0.000E+00
  OPTIMIZATION STUFF
      494793  -46438.982914984452        21163849937.591667     
   137866.85897420542       -184305.84188918988     
        0   525758   0.000E+00   0.000E+00
  OPTIMIZATION STUFF
      525758  -46962.321688892560        21388673380.365501     
   138503.47909693269       -185465.80078582524     
        0   531031   0.000E+00   0.000E+00
  OPTIMIZATION STUFF
      531031  -47441.578701748680        21607185805.009644     
   139127.57604190274       -186569.15474365142     
        0   533649   0.000E+00   0.000E+00
  OPTIMIZATION STUFF
      533649  -45374.298423817316        20702038487.123936     
   136540.14621960203       -181914.44464341935     
        0   533668   0.000E+00   0.000E+00
  OPTIMIZATION STUFF
      533668  -48291.775992149785        22011430564.732315     
   140283.05291893365       -188574.82891108343     
        0   507703   0.000E+00   0.000E+00
  OPTIMIZATION STUFF
      507703  -47036.900530793144        21446987953.494938     
   138688.56456806816       -185725.46509886131     
        0   447583   0.000E+00   0.000E+00
  OPTIMIZATION STUFF
      447583  -48852.368825239122        22234341439.434006     
   140882.17594712545       -189734.54477236458     
        0   511097   0.000E+00   0.000E+00
  OPTIMIZATION STUFF
      511097  -50004.905414886343        22815573885.393799     
   142530.99073479447       -192535.89614968080     
        0   517249   0.000E+00   0.000E+00
  OPTIMIZATION STUFF
      517249  -47504.515746352015        21691494204.860100     
   139408.80599361251       -186913.32173996454     
        0   502507   0.000E+00   0.000E+00
  OPTIMIZATION STUFF
      502507  -48329.796847545142        22035821843.680538     
   140356.87578581803       -188686.67263336317     
        0   492250   0.000E+00   0.000E+00
  OPTIMIZATION STUFF
      492250  -48480.032337935285        22106628798.025085     
   140557.16012547293       -189037.19246340822     
        0   499435   0.000E+00   0.000E+00
  OPTIMIZATION STUFF
      499435  -47823.509953965993        21791578252.698589     
   139658.47682250262       -187481.98677646861     
        0   413212   0.000E+00   0.000E+00
  OPTIMIZATION STUFF
      413212  -48918.581498005435        22235235669.794319     
   140862.37274026489       -189780.95423827032     
        0   522181   0.000E+00   0.000E+00
  OPTIMIZATION STUFF
      522181  -48058.205167613967        21924370261.800613     
   140052.77283177272       -188110.97799938667     
        0   507211   0.000E+00   0.000E+00
  OPTIMIZATION STUFF
      507211  -48315.660925840421        21997068769.839077     
   140223.62739259849       -188539.28831843892     
        0   500660   0.000E+00   0.000E+00
  OPTIMIZATION STUFF
      500660  -46714.235168727580        21273173679.807270     
   138170.01813855307       -184884.25330728065     
        0   469788   0.000E+00   0.000E+00
  OPTIMIZATION STUFF
      469788  -48082.348216786493        21847458167.597233     
   139769.61743367877       -187851.96565046525     
        0   504432   0.000E+00   0.000E+00
  OPTIMIZATION STUFF
      504432  -45980.146269152348        20965056616.957901     
   137298.51698407109       -183278.66325322344     
        0   510352   0.000E+00   0.000E+00
  OPTIMIZATION STUFF
      510352  -47305.545176304084        21536775445.828209     
   138920.69983051793       -186226.24500682202     
        0   468217   0.000E+00   0.000E+00
  OPTIMIZATION STUFF
      468217  -45931.018466777772        20935739358.865452     
   137208.16630751235       -183139.18477429013     
        0   520289   0.000E+00   0.000E+00
  OPTIMIZATION STUFF
      520289  -46497.450926077800        21154864657.458843     
   137814.55552602501       -184312.00645210280     
        0   528405   0.000E+00   0.000E+00
  OPTIMIZATION STUFF
      528405  -46552.225227632189        21258496011.919506     
   138171.58296218261       -184723.80818981479     
        0   555971   0.000E+00   0.000E+00
  OPTIMIZATION STUFF
      555971  -48749.844865954445        22264655176.417435     
   141025.20271909845       -189775.04758505290     
        0   496093   0.000E+00   0.000E+00
  OPTIMIZATION STUFF
      496093  -47037.119480155859        21441069253.180321     
   138667.15055913516       -185704.27003929100     
        0   529775   0.000E+00   0.000E+00
  OPTIMIZATION STUFF
      529775  -47788.577938799179        21769206635.338783     
   139590.32364002205       -187378.90157882124     
        0   459929   0.000E+00   0.000E+00
  OPTIMIZATION STUFF
      459929  -45715.174937586300        20811014590.369324     
   136825.20736616920       -182540.38230375550     
        0   467925   0.000E+00   0.000E+00
  OPTIMIZATION STUFF
      467925  -46554.948955035332        21245933284.072720     
   138125.19687539554       -184680.14583043088     
        0   470851   0.000E+00   0.000E+00
  OPTIMIZATION STUFF
      470851  -46446.969510109993        21159102937.406807     
   137846.95122030709       -184293.92073041707     
        0   478752   0.000E+00   0.000E+00
  OPTIMIZATION STUFF
      478752  -46305.726521583405        21138723958.019299     
   137820.54871944032       -184126.27524102374     
        0   480995   0.000E+00   0.000E+00
  OPTIMIZATION STUFF
      480995  -47108.873591299271        21447125914.062584     
   138664.63118986602       -185773.50478116528     
        0   469979   0.000E+00   0.000E+00
  OPTIMIZATION STUFF
      469979  -49412.455293777632        22568195796.974911     
   141868.26656731707       -191280.72186109470     
        0   480559   0.000E+00   0.000E+00
  OPTIMIZATION STUFF
      480559  -48478.258164532235        22116521208.197948     
   140592.95748198382       -189071.21564651607     
        0   502028   0.000E+00   0.000E+00
  OPTIMIZATION STUFF
      502028  -48750.370537873147        22263435656.590954     
   141020.69716538428       -189771.06770325743     
        0   509640   0.000E+00   0.000E+00
  OPTIMIZATION STUFF
      509640  -47641.972965270412        21771483817.825714     
   139648.58119509183       -187290.55416036223     
        0   518075   0.000E+00   0.000E+00
  OPTIMIZATION STUFF
      518075  -48068.585924892985        21904579882.891987     
   139978.53739081990       -188047.12331571287     
        0   491367   0.000E+00   0.000E+00
  OPTIMIZATION STUFF
      491367  -46771.038547447824        21330318220.680748     
   138357.46519025959       -185128.50373770742     
        0   578639   0.000E+00   0.000E+00
  OPTIMIZATION STUFF
      578639  -47683.743179004072        21753468480.035843     
   139569.80015918423       -187253.54333818832     
        0   553240   0.000E+00   0.000E+00
  OPTIMIZATION STUFF
      553240  -47861.189519499916        21844561480.867229     
   139835.14586342641       -187696.33538292634     
        0   508943   0.000E+00   0.000E+00
  OPTIMIZATION STUFF
      508943  -46355.798554367815        21175248059.654400     
   137936.17364578907       -184291.97220015689     
        0   460575   0.000E+00   0.000E+00
  OPTIMIZATION STUFF
      460575  -47387.172423088756        21590861774.999958     
   139087.44610763551       -186474.61853072426     
        0   481018   0.000E+00   0.000E+00
  OPTIMIZATION STUFF
      481018  -49300.331668996296        22466180114.349648     
   141547.36808459778       -190847.69975359406     
        0   516911   0.000E+00   0.000E+00
  OPTIMIZATION STUFF
      516911  -47402.310088551276        21626536455.201607     
   139210.47896430225       -186612.78905285354     
        0   501774   0.000E+00   0.000E+00
  OPTIMIZATION STUFF
      501774  -47082.339614116201        21446955763.642975     
   138673.02931754250       -185755.36893165871     
        0   558260   0.000E+00   0.000E+00
  OPTIMIZATION STUFF
      558260  -46684.011619146011        21228839226.813778     
   138019.71701882748       -184703.72863797349     
        0   489684   0.000E+00   0.000E+00
  OPTIMIZATION STUFF
      489684  -45461.158708071671        20730163925.800323     
   136614.22683864165       -182075.38554671331     
        0   556412   0.000E+00   0.000E+00
  OPTIMIZATION STUFF
      556412  -46546.150576673070        21234971498.227646     
   138088.47658194118       -184634.62715861425     
        0   570843   0.000E+00   0.000E+00
  OPTIMIZATION STUFF
      570843  -49661.908898225003        22684387407.639587     
   142190.30280656973       -191852.21170479472     
        0   472963   0.000E+00   0.000E+00
  OPTIMIZATION STUFF
      472963  -47713.444555994720        21809216619.034451     
   139759.23521412269       -187472.67977011739     
        0   456525   0.000E+00   0.000E+00
  OPTIMIZATION STUFF
      456525  -49099.195452753222        22430614984.124725     
   141491.63929369490       -190590.83474644812     
        0   450693   0.000E+00   0.000E+00
  OPTIMIZATION STUFF
      450693  -47202.659378459444        21551133296.475601     
   139007.34600760040       -186210.00538605984     
        0   443530   0.000E+00   0.000E+00
  OPTIMIZATION STUFF
      443530  -49334.260342670146        22525705865.151024     
   141745.67584795193       -191079.93619062207     
        0   460909   0.000E+00   0.000E+00
  OPTIMIZATION STUFF
      460909  -49244.458853482582        22493824832.832142     
   141664.42074515324       -190908.87959863583     
        0   479752   0.000E+00   0.000E+00
  OPTIMIZATION STUFF
      479752  -46323.529912197147        21111660198.748459     
   137716.34171449021       -184039.87162668735     
        0   467363   0.000E+00   0.000E+00
  OPTIMIZATION STUFF
      467363  -47125.738517170175        21472709382.336380     
   138751.12306409518       -185876.86158126534     
        0   519912   0.000E+00   0.000E+00
  OPTIMIZATION STUFF
      519912  -47851.465287175095        21825433274.724491     
   139770.06312009296       -187621.52840726805     
        0   524094   0.000E+00   0.000E+00
  OPTIMIZATION STUFF
      524094  -45525.658545561193        20776028614.834755     
   136760.53169254542       -182286.19023810662     
        0   526588   0.000E+00   0.000E+00
  OPTIMIZATION STUFF
      526588  -45139.421238239498        20545663703.608734     
   136044.46462052583       -181183.88585876534     
        0   516988   0.000E+00   0.000E+00
  OPTIMIZATION STUFF
      516988  -47249.665764120160        21565658369.104717     
   139043.61709292393       -186293.28285704408     
        0   475684   0.000E+00   0.000E+00
  OPTIMIZATION STUFF
      475684  -46341.581763481307        21173138773.733559     
   137933.30480124129       -184274.88656472260     
        0   504430   0.000E+00   0.000E+00
  OPTIMIZATION STUFF
      504430  -48235.227719102702        22019538087.887291     
   140331.39668218797       -188566.62440129067     
        0   526692   0.000E+00   0.000E+00
  OPTIMIZATION STUFF
      526692  -45462.518697721462        20713980183.834122     
   136554.52968500697       -182017.04838272842     
        0   530172   0.000E+00   0.000E+00
  OPTIMIZATION STUFF
      530172  -48676.155462476185        22224036443.333900     
   140906.59435500792       -189582.74981748412     
        0   532836   0.000E+00   0.000E+00
  OPTIMIZATION STUFF
      532836  -48131.381237446520        21953987230.024914     
   140133.35566595304       -188264.73690339958     
        0   527320   0.000E+00   0.000E+00
  OPTIMIZATION STUFF
      527320  -48043.766167575282        21933767001.061047     
   140091.26858407841       -188135.03475165370     
        0   526439   0.000E+00   0.000E+00
  OPTIMIZATION STUFF
      526439  -47739.914902203491        21811081583.079788     
   139756.86783915185       -187496.78274135533     
        0   526832   0.000E+00   0.000E+00
  OPTIMIZATION STUFF
      526832  -46675.201574499879        21331157919.273624     
   138392.85919892482       -185068.06077342469     
        0   507174   0.000E+00   0.000E+00
  OPTIMIZATION STUFF
      507174  -47619.429889296705        21731084326.295132     
   139511.55587733042       -187130.98576662713     
        0   513772   0.000E+00   0.000E+00
  OPTIMIZATION STUFF
      513772  -48116.872933508377        21956750138.016102     
   140148.19541155966       -188265.06834506802     
        0   515536   0.000E+00   0.000E+00
  OPTIMIZATION STUFF
      515536  -47182.536075748481        21512906447.750828     
   138876.61695624472       -186059.15303199319     
        0   511118   0.000E+00   0.000E+00
  OPTIMIZATION STUFF
      511118  -48998.050771569055        22372931773.966393     
   141322.76106329489       -190320.81183486394     
        0   513555   0.000E+00   0.000E+00
  OPTIMIZATION STUFF
      513555  -47937.198070470266        21883154592.786369     
   139947.06011181112       -187884.25818228140     
