 tried moves    experiment_1   _                                                                                                                                                                                                                                                                                                                                                                                                                                                                                                
        0    35782   0.720E+01   0.256E+05
  OPTIMIZATION STUFF
       35782  -749.86306960293416        13881605.888717428     
   3649.5631609225634       -4399.4262305254979     
        0    25905   0.155E+03   0.189E+05
  OPTIMIZATION STUFF
       25905  -554.32283713903337        9282453.4019543584     
   2995.8604096620543       -3550.1832468010875     
        0    24010  -0.907E+02   0.257E+05
  OPTIMIZATION STUFF
       24010  -724.49712231097010        5903765.6840771353     
   2319.2390139526929       -3043.7361362636630     
        0    26776  -0.697E+02   0.216E+05
  OPTIMIZATION STUFF
       26776  -907.69354025594032        8671138.3839774504     
   2801.2909204427679       -3708.9844606987081     
        0    24934  -0.236E+01   0.201E+04
  OPTIMIZATION STUFF
       24934  -189.54236122193510        367421.40189993934     
   575.75610739474826       -765.29846861668329     
        0    25741   0.895E+00   0.174E+04
  OPTIMIZATION STUFF
       25741  -192.22082694213213        313729.10978491430     
   526.09910043127536       -718.31992737340749     
        0    28321  -0.601E+00   0.173E+04
  OPTIMIZATION STUFF
       28321  -164.06115575398923        235293.96445061665     
   456.48428409232440       -620.54543984631368     
        0    27578  -0.113E+01   0.142E+04
  OPTIMIZATION STUFF
       27578  -167.77027640393857        233144.25159093959     
   452.76637015825906       -620.53664656219757     
        0    27882   0.420E+01   0.103E+05
  OPTIMIZATION STUFF
       27882  -646.55005740245110        4750638.2613464091     
   2081.4925617496920       -2728.0426191521428     
        0    27756  -0.931E+01   0.279E+04
  OPTIMIZATION STUFF
       27756  -288.38229425191133        559071.90498072095     
   689.86053470446109       -978.24282895637248     
        0    30092   0.326E+02   0.176E+05
  OPTIMIZATION STUFF
       30092  -724.57422981928812        12736661.183545843     
   3494.5176160705828       -4219.0918458898705     
        0    30551  -0.248E+02   0.170E+05
  OPTIMIZATION STUFF
       30551  -490.97274212442653        5760621.7432814166     
   2349.3759830585309       -2840.3487251829574     
        0    30556  -0.223E+01   0.176E+04
  OPTIMIZATION STUFF
       30556  -192.51231268572448        344388.97109790455     
   554.37169891896394       -746.88401160468845     
        0    29510   0.193E+02   0.383E+04
  OPTIMIZATION STUFF
       29510  -203.09399498112811        369702.64357041073     
   573.11034956020137       -776.20434454132942     
        0    26067  -0.197E+02   0.623E+04
  OPTIMIZATION STUFF
       26067  -362.80712047665077        2011999.8565293176     
   1371.2661484411983       -1734.0732689178490     
        0    24619  -0.381E+01   0.220E+04
  OPTIMIZATION STUFF
       24619  -167.73029573353131        252997.84084974916     
   474.19868066338108       -641.92897639691239     
        0    27155   0.885E+00   0.120E+04
  OPTIMIZATION STUFF
       27155  -136.80453470976732        152341.90340467414     
   365.54948049138056       -502.35401520114789     
        0    28044   0.306E+02   0.467E+04
  OPTIMIZATION STUFF
       28044  -222.15566305904321        710520.35755109612     
   813.12189671776332       -1035.2775597768066     
        0    27839  -0.283E+02   0.254E+05
  OPTIMIZATION STUFF
       27839  -857.46800716075927        9409570.5974475443     
   2945.2197225577756       -3802.6877297185347     
        0    27560  -0.829E+00   0.203E+04
  OPTIMIZATION STUFF
       27560  -182.22139550324647        305105.95356240298     
   521.44157542648281       -703.66297092972923     
        0    27689   0.910E+02   0.207E+05
  OPTIMIZATION STUFF
       27689  -793.55983171574303        11478014.875177357     
   3293.6723681423809       -4087.2321998581237     
        0    27838  -0.836E+02   0.286E+05
  OPTIMIZATION STUFF
       27838  -1021.5466851167828        15355049.525346870     
   3783.0532504147732       -4804.5999355315562     
        0    28082  -0.137E+02   0.286E+04
  OPTIMIZATION STUFF
       28082  -369.12747501392914        795070.58598421654     
   811.67449952185734       -1180.8019745357865     
        0    28059   0.177E-02   0.198E+05
  OPTIMIZATION STUFF
       28059  -1614.6159228552449        18151598.131703962     
   3942.6657927557426       -5557.2817156109877     
        0    27720   0.488E+02   0.191E+05
  OPTIMIZATION STUFF
       27720  -733.74253121921788        8785732.1055469103     
   2871.8206774495729       -3605.5632086687910     
        0    27991  -0.384E+02   0.134E+05
  OPTIMIZATION STUFF
       27991  -876.01364013486466        8261968.4582997896     
   2737.6209672994273       -3613.6346074342919     
        0    27496   0.429E+01   0.929E+04
  OPTIMIZATION STUFF
       27496  -650.24539203887264        4693407.4495547321     
   2066.5401955168800       -2716.7855875557525     
        0    28081  -0.102E+02   0.191E+04
  OPTIMIZATION STUFF
       28081  -173.36515202561890        284729.27769554686     
   504.65215917370341       -678.01731119932231     
        0    27309   0.154E+02   0.142E+05
  OPTIMIZATION STUFF
       27309  -563.85475463258126        6538124.4948459854     
   2494.0313371175225       -3057.8860917501038     
        0    27893  -0.128E+02   0.268E+04
  OPTIMIZATION STUFF
       27893  -258.66299400866149        845429.90448551974     
   882.33970783139694       -1141.0027018400583     
        0    27157  -0.153E+01   0.146E+04
  OPTIMIZATION STUFF
       27157  -126.72260345044238        152845.32047201527     
   369.84686323768813       -496.56946668813049     
        0    28229   0.392E-01   0.104E+04
  OPTIMIZATION STUFF
       28229  -108.03383915545564        111992.37788179882     
   316.73501145142126       -424.76885060687687     
        0    28277  -0.157E+01   0.119E+04
  OPTIMIZATION STUFF
       28277  -109.71987908203316        117622.45861618203     
   324.93692734191671       -434.65680642394989     
        0    27773  -0.377E+00   0.911E+03
  OPTIMIZATION STUFF
       27773  -97.221864793064057        88355.591300048429     
   280.89766874470070       -378.11953353776477     
        0    29980   0.182E+02   0.127E+05
  OPTIMIZATION STUFF
       29980  -303.73774327947308        2563515.8032290982     
   1572.0239141109116       -1875.7616573903847     
        0    28569  -0.112E+02   0.194E+05
  OPTIMIZATION STUFF
       28569  -621.64525147092809        6476329.7862816527     
   2467.7696342254681       -3089.4148856963961     
        0    28781   0.218E+02   0.289E+05
  OPTIMIZATION STUFF
       28781  -1936.9925532828838        26320668.511887625     
   4750.6555716463254       -6687.6481249292092     
        0    26112  -0.357E+02   0.295E+05
  OPTIMIZATION STUFF
       26112  -762.00055874613145        21376355.928561848     
   4560.2314718698690       -5322.2320306160000     
        0    28955   0.219E+02   0.234E+05
  OPTIMIZATION STUFF
       28955  -661.93124511942608        8386622.0578305162     
   2819.3029430277907       -3481.2341881472166     
        0    30375   0.301E+02   0.210E+07
  OPTIMIZATION STUFF
       30375  -14027.084181769271        24251533309.667992     
   155096.01612880180       -169123.10031057108     
        0    26714  -0.473E+02   0.204E+05
  OPTIMIZATION STUFF
       26714  -1006.8124432015076        11616728.991609901     
   3256.2336672641463       -4263.0461104656542     
        0    28970   0.197E+02   0.552E+04
  OPTIMIZATION STUFF
       28970  -419.23711801479624        1372007.0782135534     
   1093.7309162185190       -1512.9680342333154     
        0    26606  -0.322E+02   0.298E+05
  OPTIMIZATION STUFF
       26606  -2519.7556294551596        39189652.974619746     
   5730.6617892219720       -8250.4174186771306     
        0    28265   0.398E-02   0.209E+05
  OPTIMIZATION STUFF
       28265  -930.09415079056510        6820721.4966984717     
   2440.4193015471028       -3370.5134523376678     
        0    27517   0.105E+02   0.129E+05
  OPTIMIZATION STUFF
       27517  -528.90133980246378        4229026.3993846308     
   1987.2820061933307       -2516.1833459957943     
        0    28651  -0.294E+01   0.220E+04
  OPTIMIZATION STUFF
       28651  -199.22893699861734        405408.12529947696     
   604.74453776936093       -803.97347476797825     
        0    25882   0.183E+02   0.159E+05
  OPTIMIZATION STUFF
       25882  -882.61781065338312        8992859.0942019746     
   2865.9806165637974       -3748.5984272171804     
        0    27554   0.119E+02   0.245E+05
  OPTIMIZATION STUFF
       27554  -799.64055105698492        9690570.2089355998     
   3008.5121236320260       -3808.1526746890108     
        0    26986  -0.253E+02   0.277E+05
  OPTIMIZATION STUFF
       26986  -997.60253038564372        13649031.286141211     
   3557.2208924256265       -4554.8234228112706     
        0    27329  -0.291E+01   0.106E+05
  OPTIMIZATION STUFF
       27329  -521.80306322099693        2903431.7347570504     
   1622.0830120466198       -2143.8860752676169     
        0    27227  -0.890E+01   0.226E+04
  OPTIMIZATION STUFF
       27227  -257.59413834635160        423835.22300027532     
   597.89671590490946       -855.49085425126100     
        0    27076   0.106E+02   0.259E+05
  OPTIMIZATION STUFF
       27076  -727.79847632359429        7338748.9553686967     
   2609.4172401572255       -3337.2157164808195     
        0    27364  -0.505E+01   0.171E+04
  OPTIMIZATION STUFF
       27364  -165.93777467267822        241671.63785519416     
   462.74862808210855       -628.68640275478674     
        0    27338  -0.240E+01   0.125E+04
  OPTIMIZATION STUFF
       27338  -125.89700052299780        126335.73535183931     
   332.39386367854564       -458.29086420154346     
        0    27397   0.119E+01   0.117E+04
  OPTIMIZATION STUFF
       27397  -124.87607118371201        134149.24698201040     
   344.31847732547101       -469.19454850918305     
        0    27680  -0.903E+00   0.105E+04
  OPTIMIZATION STUFF
       27680  -105.37018697564574        84552.976026941775     
   271.01678863800896       -376.38697561365473     
        0    27065  -0.411E+00   0.106E+04
  OPTIMIZATION STUFF
       27065  -101.49515019796264        106886.90010402299     
   310.78229452514825       -412.27744472311088     
        0    27360   0.907E+00   0.910E+03
  OPTIMIZATION STUFF
       27360  -98.473700163699291        94366.287163733054     
   290.97975451876874       -389.45345468246802     
        0    27527  -0.398E+00   0.114E+04
  OPTIMIZATION STUFF
       27527  -112.11459659859553        114876.34221065043     
   319.85412212473460       -431.96871872333014     
        0    27146  -0.494E+00   0.115E+04
  OPTIMIZATION STUFF
       27146  -112.00647266597323        118524.95018293890     
   325.54492818022140       -437.55140084619461     
        0    27468   0.247E+00   0.342E+07
  OPTIMIZATION STUFF
       27468  -31540.402313702412        225685487723.01318     
   474015.49631304562       -505555.89862674801     
        0    27045  -0.161E+00   0.101E+04
  OPTIMIZATION STUFF
       27045  -101.75591292871836        91012.979258983236     
   284.00477714824854       -385.76069007696691     
        0    27435   0.768E+02   0.966E+04
  OPTIMIZATION STUFF
       27435  -189.39399240155242        1089958.6572296566     
   1026.6881575589821       -1216.0821499605345     
        0    27465  -0.751E+02   0.114E+05
  OPTIMIZATION STUFF
       27465  -265.88847734585192        1414164.4115602439     
   1159.0805533589753       -1424.9690307048272     
        0    27296  -0.929E+00   0.108E+04
  OPTIMIZATION STUFF
       27296  -110.18513592451644        99144.007440374946     
   294.96312186724424       -405.14825779176067     
        0    27602   0.679E+01   0.179E+05
  OPTIMIZATION STUFF
       27602  -433.96777126422506        4926745.2206186848     
   2176.7905719482169       -2610.7583432124420     
        0    27235  -0.667E+00   0.218E+07
  OPTIMIZATION STUFF
       27235  -18294.975222012639        23402635064.039082     
   151881.29886745446       -170176.27408946710     
        0    27534  -0.169E+01   0.221E+05
  OPTIMIZATION STUFF
       27534  -709.48734312716726        6799383.2084489577     
   2509.1853096954219       -3218.6726528225890     
        0    30509  -0.228E+01   0.115E+05
  OPTIMIZATION STUFF
       30509  -559.83222078186373        5175077.7620256385     
   2204.9185124625546       -2764.7507332444184     
        0    30888   0.893E+00   0.163E+04
  OPTIMIZATION STUFF
       30888  -135.44498739669118        179523.33806812929     
   401.46979146286895       -536.91477885956010     
        0    30717  -0.401E+01   0.178E+05
  OPTIMIZATION STUFF
       30717  -687.62053222517829        5882792.2590139536     
   2325.9342773767958       -3013.5548096019738     
        0    30312   0.946E+00   0.195E+04
  OPTIMIZATION STUFF
       30312  -155.67683668658390        226414.68782545213     
   449.64364817565342       -605.32048486223732     
        0    30056   0.340E+01   0.161E+05
  OPTIMIZATION STUFF
       30056  -550.36352479847847        6741406.4841479035     
   2537.4212253229257       -3087.7847501214042     
        0    29472   0.138E+01   0.124E+05
  OPTIMIZATION STUFF
       29472  -464.35652286739275        4235818.8948064661     
   2005.0416241257863       -2469.3981469931791     
        0    30725   0.900E+01   0.106E+05
  OPTIMIZATION STUFF
       30725  -312.71751878098337        1605455.0256413026     
   1227.8692027609325       -1540.5867215419157     
        0    30769  -0.920E+01   0.456E+04
  OPTIMIZATION STUFF
       30769  -244.73848965297435        1119852.3903360798     
   1029.5413843155898       -1274.2798739685641     
        0    30540   0.512E+01   0.889E+04
  OPTIMIZATION STUFF
       30540  -293.64783609673810        1566343.8420581208     
   1216.5996837143366       -1510.2475198110747     
        0    30740   0.243E+02   0.716E+04
  OPTIMIZATION STUFF
       30740  -206.64997338851012        391738.39240014227     
   590.79114829072239       -797.44112167923254     
        0    30573  -0.279E+02   0.672E+04
  OPTIMIZATION STUFF
       30573  -370.82258536752533        1944799.1801690164     
   1344.3547858918646       -1715.1773712593899     
        0    29781   0.585E+00   0.617E+04
  OPTIMIZATION STUFF
       29781  -491.91570875448843        1579361.0603748769     
   1156.4514671422430       -1648.3671758967314     
        0    29816  -0.316E+01   0.176E+05
  OPTIMIZATION STUFF
       29816  -610.95240583123211        7345345.1253429847     
   2640.4700875321450       -3251.4224933633773     
        0    27712  -0.259E+01   0.151E+04
  OPTIMIZATION STUFF
       27712  -156.47781348293776        205949.22466004008     
   425.98581965558316       -582.46363313852089     
        0    27400  -0.865E+00   0.116E+04
  OPTIMIZATION STUFF
       27400  -140.04112703016330        140031.06837220606     
   347.01520299884231       -487.05633002900561     
        0    28479  -0.384E-01   0.103E+04
  OPTIMIZATION STUFF
       28479  -118.11581489346079        106136.71570402075     
   303.62043734912584       -421.73625224258660     
        0    28689   0.459E+00   0.105E+04
  OPTIMIZATION STUFF
       28689  -121.26322361891509        121502.43890190640     
   326.79912713998391       -448.06235075889902     
        0    28211  -0.174E+01   0.984E+03
  OPTIMIZATION STUFF
       28211  -100.14690145139787        90557.356222849558     
   283.77447797949264       -383.92137943089051     
        0    28566   0.758E+01   0.514E+04
  OPTIMIZATION STUFF
       28566  -211.24367780748653        426720.15953037899     
   618.13935978608072       -829.38303759356722     
        0    28393   0.491E+02   0.133E+05
  OPTIMIZATION STUFF
       28393  -498.07976011173764        3577943.0205079620     
   1824.7902819433789       -2322.8700420551168     
        0    28268   0.622E+02   0.294E+05
  OPTIMIZATION STUFF
       28268  -1820.9151867625603        31881684.553745247     
   5344.7125681707821       -7165.6277549333427     
        0    28517  -0.111E+03   0.211E+05
  OPTIMIZATION STUFF
       28517  -832.88099311080282        10141181.776854454     
   3073.6771183989408       -3906.5581115097439     
        0    28421   0.439E+02   0.802E+04
  OPTIMIZATION STUFF
       28421  -321.75586054004839        1420934.8877762754     
   1147.7839753126057       -1469.5398358526541     
        0    28662   0.828E+01   0.224E+05
  OPTIMIZATION STUFF
       28662  -909.09295426602364        11207270.709689328     
   3221.9281044419972       -4131.0210587080210     
        0    28651  -0.477E+02   0.135E+05
  OPTIMIZATION STUFF
       28651  -713.50927149895585        6783906.0562906321     
   2504.9572003879948       -3218.4664718869508     
        0    28242  -0.385E+01   0.170E+05
  OPTIMIZATION STUFF
       28242  -668.84683476742373        9442975.8943677656     
   2999.2698788187377       -3668.1167135861615     
        0    28499   0.157E+02   0.173E+05
  OPTIMIZATION STUFF
       28499  -1054.2920127129505        9676284.6536742970     
   2926.5599268772839       -3980.8519395902345     
        0    28427  -0.151E+02   0.200E+05
  OPTIMIZATION STUFF
       28427  -739.61543839823287        9989906.5531098247     
   3072.9262204603638       -3812.5416588585967     
        0    28649  -0.342E+01   0.173E+05
  OPTIMIZATION STUFF
       28649  -396.34981127191799        2929981.8374477117     
   1665.1992867379049       -2061.5490980098230     
        0    28613   0.394E+02   0.681E+04
  OPTIMIZATION STUFF
       28613  -370.33927955487854        1537280.3254408364     
   1183.2705284336334       -1553.6098079885119     
        0    28456  -0.357E+02   0.134E+05
  OPTIMIZATION STUFF
       28456  -625.45566831311464        4901004.3270756137     
   2123.6312142296761       -2749.0868825427906     
        0    28687  -0.648E+01   0.233E+04
  OPTIMIZATION STUFF
       28687  -184.55967648208170        311271.71694019507     
   526.50683068410842       -711.06650716619015     
        0    28651   0.102E+01   0.141E+04
  OPTIMIZATION STUFF
       28651  -143.16970964571331        178380.20728752905     
   397.34448722423616       -540.51419686994950     
        0    28715  -0.185E+01   0.134E+04
  OPTIMIZATION STUFF
       28715  -136.57305903925976        158999.44524836191     
   374.62947667398089       -511.20253571324065     
        0    28592   0.148E+01   0.945E+04
  OPTIMIZATION STUFF
       28592  -377.57038737629989        2336138.1478992649     
   1481.0735128533545       -1858.6439002296543     
        0    28569   0.883E+02   0.186E+05
  OPTIMIZATION STUFF
       28569  -633.12178207141221        4337456.3365542414     
   1984.0900044153643       -2617.2117864867764     
        0    28721  -0.828E+02   0.108E+05
  OPTIMIZATION STUFF
       28721  -562.25019458473048        8008904.8878474468     
   2773.5860553689117       -3335.8362499536424     
        0    28699  -0.232E+01   0.137E+05
  OPTIMIZATION STUFF
       28699  -1331.3053644653839        9240160.1227480415     
   2732.7250409241201       -4064.0304053895043     
        0    28523  -0.184E+01   0.182E+05
  OPTIMIZATION STUFF
       28523  -733.18792676023872        9549993.0238443781     
   3002.0707000164739       -3735.2586267767128     
        0    28731   0.949E+01   0.379E+04
  OPTIMIZATION STUFF
       28731  -270.29198336091360        538523.59709472966     
   682.25057041057380       -952.54255377148741     
        0    28432  -0.770E+01   0.305E+07
  OPTIMIZATION STUFF
       28432  -22725.766325380453        103812816217.34770     
   321397.50428755966       -344123.27061294013     
        0    28748  -0.100E+01   0.123E+05
  OPTIMIZATION STUFF
       28748  -407.11229010993918        4770180.7613510061     
   2145.7959699357361       -2552.9082600456754     
        0    28717   0.245E+00   0.176E+04
  OPTIMIZATION STUFF
       28717  -169.63008100216160        304234.55298521335     
   524.84301329484549       -694.47309429700704     
        0    28620   0.393E+02   0.697E+04
  OPTIMIZATION STUFF
       28620  -295.53794344911927        1171683.7012509501     
   1041.3169667458681       -1336.8549101949873     
        0    28617  -0.408E+02   0.929E+04
  OPTIMIZATION STUFF
       28617  -485.67038967588081        4864316.4290868612     
   2151.3811149303460       -2637.0515046062269     
        0    28585  -0.312E+00   0.152E+04
  OPTIMIZATION STUFF
       28585  -140.74136185352262        173780.41483014746     
   392.39302222868753       -533.13438408221009     
        0    28744  -0.154E+00   0.965E+03
  OPTIMIZATION STUFF
       28744  -116.06481847845039        114808.75639135776     
   318.33585142569495       -434.40066990414533     
        0    28779  -0.354E+00   0.116E+04
  OPTIMIZATION STUFF
       28779  -116.60462650124218        130646.24678118448     
   342.12513479674408       -458.72976129798627     
        0    28416   0.259E+02   0.442E+04
  OPTIMIZATION STUFF
       28416  -156.63884964097696        302166.17545317381     
   526.90648718375564       -683.54533682473266     
        0    28641  -0.103E+02   0.229E+05
  OPTIMIZATION STUFF
       28641  -1528.0147070302271        16585727.379034800     
   3775.0362162678821       -5303.0509232981094     
        0    28625  -0.866E+01   0.962E+04
  OPTIMIZATION STUFF
       28625  -498.76823939382615        3946021.4760102727     
   1922.8238919314103       -2421.5921313252366     
        0    28609  -0.540E+01   0.235E+04
  OPTIMIZATION STUFF
       28609  -226.65525155669653        539748.66134752554     
   698.83907896546270       -925.49433052215920     
        0    28607   0.174E+02   0.106E+05
  OPTIMIZATION STUFF
       28607  -484.95029035978723        4107301.2250985540     
   1967.7714402283900       -2452.7217305881773     
        0    28676  -0.117E+02   0.275E+05
  OPTIMIZATION STUFF
       28676  -1103.8936016079494        19113718.545519136     
   4230.2644671282869       -5334.1580687362366     
        0    28074   0.227E+02   0.398E+05
  OPTIMIZATION STUFF
       28074  -2386.6443336006032        55225668.303196408     
   7037.7267017189961       -9424.3710353196002     
        0    27960  -0.262E+02   0.455E+04
  OPTIMIZATION STUFF
       27960  -240.53945715310218        669068.90761238814     
   781.79900048853926       -1022.3384576416414     
        0    30339   0.583E+02   0.142E+05
  OPTIMIZATION STUFF
       30339  -625.70983054114970        4780613.5318793692     
   2095.0180762569889       -2720.7279067981385     
        0    30575  -0.551E+02   0.302E+05
  OPTIMIZATION STUFF
       30575  -1487.8856712727588        25459898.246318482     
   4821.4203794669984       -6309.3060507397568     
        0    30570   0.395E+02   0.330E+05
  OPTIMIZATION STUFF
       30570  -824.66523058231371        16093367.161027228     
   3925.9768744219377       -4750.6421050042518     
        0    30644  -0.253E+02   0.653E+04
  OPTIMIZATION STUFF
       30644  -375.48348605460018        1592829.0571910285     
   1204.9237357157976       -1580.4072217703979     
        0    30184  -0.188E+02   0.194E+05
  OPTIMIZATION STUFF
       30184  -487.01660067274372        6456604.2955509219     
   2493.8763253658126       -2980.8929260385562     
        0    30375   0.609E+01   0.159E+05
  OPTIMIZATION STUFF
       30375  -505.55070801713151        5256638.1959166722     
   2236.3042452984901       -2741.8549533156215     
        0    30223  -0.436E+01   0.179E+05
  OPTIMIZATION STUFF
       30223  -700.50589692489018        5258561.4107544338     
   2183.5413664796665       -2884.0472634045568     
        0    30567  -0.743E+01   0.124E+05
  OPTIMIZATION STUFF
       30567  -1068.6878149129686        9327044.4880087078     
   2860.9353089969113       -3929.6231239098797     
        0    30716   0.619E+01   0.130E+05
  OPTIMIZATION STUFF
       30716  -525.14287058447928        6513780.9114374258     
   2497.6000234048120       -3022.7428939892911     
        0    30131   0.549E+00   0.117E+05
  OPTIMIZATION STUFF
       30131  -585.72837336075497        4316312.4087982541     
   1993.2974392795518       -2579.0258126403069     
        0    26451  -0.136E+01   0.261E+04
  OPTIMIZATION STUFF
       26451  -232.30110936165275        593271.80213040835     
   734.37592329797542       -966.67703265962814     
        0    30336   0.204E+02   0.127E+05
  OPTIMIZATION STUFF
       30336  -527.52041997975311        2732474.9149258533     
   1566.5877318012670       -2094.1081517810198     
        0    30559  -0.208E+02   0.168E+05
  OPTIMIZATION STUFF
       30559  -536.81827967080403        4371916.4743770678     
   2020.8272090874930       -2557.6454887582968     
        0    28633  -0.167E+01   0.140E+04
  OPTIMIZATION STUFF
       28633  -131.85335592838999        160061.85706222133     
   377.72549502600782       -509.57885095439781     
        0    28376   0.119E+02   0.582E+04
  OPTIMIZATION STUFF
       28376  -264.86639166443223        750792.58583323623     
   825.00810929341765       -1089.8745009578499     
        0    25217  -0.114E+02   0.362E+04
  OPTIMIZATION STUFF
       25217  -180.40600734181979        322437.22886086249     
   538.41517565522406       -718.82118299704382     
        0    25014   0.134E+01   0.164E+05
  OPTIMIZATION STUFF
       25014  -572.18635364211650        5784250.4103138549     
   2335.9908362447818       -2908.1771898868983     
        0    26429  -0.327E+01   0.190E+04
  OPTIMIZATION STUFF
       26429  -141.79475555527199        178666.78429400217     
   398.19722700066961       -539.99198255594160     
        0    27960   0.106E+01   0.130E+04
  OPTIMIZATION STUFF
       27960  -135.69992881573307        186976.38871510158     
   410.56292822721656       -546.26285704294969     
        0    29776   0.523E+01   0.755E+04
  OPTIMIZATION STUFF
       29776  -359.98722187130176        2502499.1680759829     
   1540.4247362871595       -1900.4119581584612     
        0    29698   0.476E+01   0.164E+05
  OPTIMIZATION STUFF
       29698  -591.70992083965723        8337111.7473157002     
   2826.1265217423702       -3417.8364425820273     
        0    30364  -0.999E+01   0.240E+04
  OPTIMIZATION STUFF
       30364  -232.97923659820032        408080.94636711286     
   594.81225750755391       -827.79149410575428     
        0    30262   0.193E+01   0.121E+05
  OPTIMIZATION STUFF
       30262  -427.90591949502624        3589867.5219449992     
   1845.7421396300501       -2273.6480591250765     
        0    29756   0.733E+01   0.954E+04
  OPTIMIZATION STUFF
       29756  -301.26454586536647        1893705.1763843442     
   1342.7378187080599       -1644.0023645734263     
        0    30265  -0.893E+01   0.312E+04
  OPTIMIZATION STUFF
       30265  -245.46997525858282        691687.65665493847     
   794.62704956569985       -1040.0970248242827     
        0    30209   0.187E+00   0.186E+04
  OPTIMIZATION STUFF
       30209  -166.68209912006404        277097.48931460851     
   499.31409668417899       -665.99619580424303     
