   257749.64805388244     
   4267600.1104343003     
   2088467.0139988700     
   225070.07923554530     
   166682.07207847189     
   189459.48415906631     
   172602.15997443857     
   138885.00965206744     
   258805.61403155111     
   411.53242974266561     
   980442.79376827436     
   222090.43551744634     
   153796.45496407317     
   724018.00552513648     
   209548.09856593062     
   116309.44410529554     
   140275.48576154475     
   994926.08754084120     
   212347.97731177817     
   189538.62820119507     
   2709726.7509374656     
   384163.78285398154     
   316.07502526622142     
   366.33482889508514     
   1346943.7364891677     
   278739.51338071516     
   402739.02393667120     
   111128.94028765752     
   531761.29087329644     
   174453.89859402899     
   133031.39062305354     
   134102.99807445076     
   89787.543017420423     
   79358.514145098146     
   622708.18905701581     
   303037.17808477808     
   932416.36533234117     
   520.02262261710223     
   635242.07797044271     
   1539699.2507107013     
   285854.83819344500     
   841180.82486869756     
   448.53576730679595     
   561.66419894307387     
   289009.32313939009     
   204936.14486673055     
   678191.81993065472     
   1005001.4903515360     
   322186.89312532224     
   239577.73310583693     
   448.22882810909721     
   287673.18649295525     
   149222.33411291591     
   84976.351892906998     
   116517.12526765918     
   90204.200255335265     
   80307.791399803929     
   105230.49848694174     
   94182.956389264815     
   80888.781912943057     
   87562.785403956543     
   82638.305643858213     
   2190064.8054907904     
   127007.74889269823     
   101595.59414090206     
   287420.76252372848     
   270785.31963145908     
   224519.78429270175     
   155084.51728576564     
   182384.82715360008     
   59630.166163507805     
   87766.002328692397     
   190419.78329426350     
   234222.11180820191     
   507756.85756703618     
   224684.02053472062     
   377889.87252236059     
   1127490.3977899430     
   275135.26993477170     
   292473.95011530683     
   198212.66930268877     
   126449.37517968993     
   102766.75959647940     
   101742.81450867883     
   114745.06205699254     
   65378.132146391748     
   282532.40371206013     
   1665493.5101247202     
   3431118.7355804956     
   256080.89565316067     
   1502861.7119457652     
   1740553.2606528294     
   375352.97261859238     
   266534.27010767284     
   712989.80619443499     
   283604.83355995960     
   185833.18530006599     
   1315183.0542665403     
   299052.58877536457     
   113205.98783757587     
   144276.50530427668     
   89419.328353591307     
   131737.96290449743     
   2635083.8635173147     
   272543.95143958123     
   206767.21967243229     
   154589.68971451468     
   428078.17100432626     
   209208.57075015982     
   180327.91888296246     
   187209.57437768040     
   1311131.0102408205     
   145992.27128390496     
   137188.26007445171     
   132645.18336850434     
   121635.39365393941     
   857928.99656006217     
   561845.39887602010     
   314251.56175561028     
   159567.99974467911     
   656344.48446641164     
   321286.53574723605     
   957817.98765280575     
   226717.41972008476     
   1980802.0167296114     
   310161.92863025918     
   1517494.5439368314     
   741687.69198574056     
   173163.64673189787     
   359209.27363636275     
   227613.27562530033     
   513.26291242031266     
   188884.50182870126     
   207159.43280242797     
   170920.42605811878     
   788067.87494826084     
   152256.91215609183     
   105391.97488288656     
   441322.79962282308     
   156734.14637612907     
   190439.53649725550     
   104017.18692880133     
   132647.53939411230     
   289065.30688073242     
   427489.37503296172     
   126015.20421194985     
   184168.43449240385     
   403114.09627749398     
   133395.71730113271     
   139166.97343421314     
