tried moves    experiment_1   _       Bragg          _                                                                                                                                                                                                                                                                                                                                                                                                                                                                          
        0      958  -0.216E+02   0.978E+02  -0.417E-02   0.245E-01
  OPTIMIZATION STUFF
         958  0.23468301586548182        1662.2922627390215     
   40.770543123940428       -40.535860108074942     
        0      993  -0.133E+02   0.961E+02  -0.313E-02   0.233E-01
  OPTIMIZATION STUFF
         993  -5.4917354886660403        1448.0899270301015     
   37.655421500132320       -43.147156988798358     
        0      957  -0.116E+02   0.994E+02  -0.275E-02   0.223E-01
  OPTIMIZATION STUFF
         957  -9.2117540110752163        1557.9460840854292     
   38.380850330925043       -47.592604342000257     
        0      948  -0.804E+01   0.826E+02  -0.292E-02   0.225E-01
  OPTIMIZATION STUFF
         948  -8.7873767092578614        1108.1175169000182     
   32.107624133056170       -40.895000842314033     
        0      981  -0.735E+01   0.848E+02  -0.241E-02   0.229E-01
  OPTIMIZATION STUFF
         981  -9.1574509342474268        1089.8649609733675     
   31.717598480342399       -40.875049414589824     
        0      756  -0.841E+01   0.893E+02  -0.261E-02   0.231E-01
  OPTIMIZATION STUFF
         756  -9.0987982577069140        1208.5456965004639     
   33.552310900532817       -42.651109158239734     
        0      729  -0.755E+01   0.666E+02  -0.247E-02   0.180E-01
  OPTIMIZATION STUFF
         729  -5.0222972881571852        760.81456573527271     
   27.121782678958287       -32.144079967115474     
        0      719  -0.588E+01   0.656E+02  -0.217E-02   0.162E-01
  OPTIMIZATION STUFF
         719  -7.5719475440042299        713.14979426181890     
   25.608893077457822       -33.180840621462053     
        0      727  -0.730E+01   0.656E+02  -0.279E-02   0.181E-01
  OPTIMIZATION STUFF
         727  -4.5638925649256814        634.58163783203281     
   24.774029193650534       -29.337921758576215     
        0      703  -0.571E+01   0.678E+02  -0.212E-02   0.194E-01
  OPTIMIZATION STUFF
         703  -7.0320159018797295        720.51392648242404     
   25.904916113319779       -32.936932015199510     
        0      715  -0.492E+01   0.614E+02  -0.201E-02   0.142E-01
  OPTIMIZATION STUFF
         715  -7.0866502250258270        611.47212281548082     
   23.690747379591514       -30.777397604617342     
        0      716  -0.537E+01   0.612E+02  -0.224E-02   0.162E-01
  OPTIMIZATION STUFF
         716  -6.0620985591006162        588.42271783077638     
   23.487734647907757       -29.549833207008373     
        0      919  -0.400E+01   0.630E+02  -0.163E-02   0.162E-01
  OPTIMIZATION STUFF
         919  -8.2393940018101972        617.88529576379915     
   23.452029384399410       -31.691423386209607     
        0      925  -0.444E+01   0.542E+02  -0.136E-02   0.129E-01
  OPTIMIZATION STUFF
         925  -5.4555409784841338        435.15935812360766     
   20.134458789738751       -25.589999768222885     
        0      913  -0.261E+01   0.504E+02  -0.132E-02   0.131E-01
  OPTIMIZATION STUFF
         913  -6.9168538922948892        392.60478474665172     
   18.567765535446014       -25.484619427740903     
        0      905  -0.214E+01   0.538E+02  -0.985E-03   0.138E-01
  OPTIMIZATION STUFF
         905  -7.3216008744404757        422.55844018463648     
   19.208138921301796       -26.529739795742273     
        0      904  -0.258E+01   0.542E+02  -0.111E-02   0.139E-01
  OPTIMIZATION STUFF
         904  -7.0182930902152068        450.74945808280887     
   20.037290739584691       -27.055583829799897     
        0      906  -0.190E+01   0.530E+02  -0.752E-03   0.119E-01
  OPTIMIZATION STUFF
         906  -7.7084564835034044        415.73268379878607     
   18.876238567064160       -26.584695050567564     
        0      897  -0.189E+01   0.472E+02  -0.441E-03   0.103E-01
  OPTIMIZATION STUFF
         897  -7.0090621569388221        342.18651033765371     
   17.118982388501422       -24.128044545440243     
        0      897  -0.170E+01   0.472E+02  -0.648E-03   0.111E-01
  OPTIMIZATION STUFF
         897  -7.3471350782883231        349.18419998162005     
   17.181496038558613       -24.528631116846938     
        0      892  -0.866E+00   0.501E+02  -0.393E-03   0.119E-01
  OPTIMIZATION STUFF
         892  -8.8875756548257758        411.22401685220228     
   18.227315102119416       -27.114890756945194     
        0      892  -0.109E+01   0.479E+02  -0.419E-03   0.120E-01
  OPTIMIZATION STUFF
         892  -7.3553138237254680        353.60599378331295     
   17.306222936788547       -24.661536760514014     
        0      883  -0.731E+00   0.501E+02  -0.472E-03   0.103E-01
  OPTIMIZATION STUFF
         883  -8.0352830767277315        370.95393843603262     
   17.503947106663844       -25.539230183391574     
        0      917  -0.830E+00   0.422E+02  -0.405E-03   0.992E-02
  OPTIMIZATION STUFF
         917  -6.6338385733232643        275.35897996924444     
   15.210232271478723       -21.844070844801987     
        0      911  -0.658E+00   0.508E+02  -0.263E-03   0.888E-02
  OPTIMIZATION STUFF
         911  -8.3550121430419768        385.04736934106688     
   17.755031439867629       -26.110043582909604     
        0      922  -0.114E+01   0.458E+02  -0.148E-03   0.942E-02
  OPTIMIZATION STUFF
         922  -7.2819016005081183        323.51290820409957     
   16.446483432169227       -23.728385032677345     
        0      926  -0.111E+01   0.428E+02  -0.286E-03   0.956E-02
  OPTIMIZATION STUFF
         926  -6.8055884337326447        286.52120456965798     
   15.498553824157351       -22.304142257889996     
        0      872  -0.448E+00   0.457E+02  -0.200E-03   0.894E-02
  OPTIMIZATION STUFF
         872  -8.0987852760464083        322.91394718751832     
   16.041309929055426       -24.140095205101836     
        0      874  -0.616E+00   0.439E+02  -0.151E-03   0.835E-02
  OPTIMIZATION STUFF
         874  -8.0022193472707031        318.71214436642043     
   15.958591099611109       -23.960810446881812     
        0      865  -0.529E+00   0.399E+02  -0.128E-03   0.846E-02
  OPTIMIZATION STUFF
         865  -7.6950607781615741        270.58569880683569     
   14.538629179782909       -22.233689957944485     
        0      854  -0.348E+00   0.457E+02  -0.357E-03   0.788E-02
  OPTIMIZATION STUFF
         854  -8.4533603752552331        337.44275036440786     
   16.308999010683415       -24.762359385938648     
        0      847  -0.453E+00   0.437E+02  -0.651E-04   0.721E-02
  OPTIMIZATION STUFF
         847  -8.4691806349804484        322.62011389405899     
   15.839605211814186       -24.308785846794635     
        0      851  -0.591E+00   0.423E+02  -0.812E-04   0.757E-02
  OPTIMIZATION STUFF
         851  -7.9401810491336962        287.47172925607958     
   14.980829555236843       -22.921010604370540     
        0      850  -0.290E+00   0.512E+02  -0.587E-04   0.826E-02
  OPTIMIZATION STUFF
         850  -9.5968421283554335        405.85766707507508     
   17.713223541707407       -27.310065670062841     
        0      855  -0.187E+00   0.536E+02  -0.568E-04   0.846E-02
  OPTIMIZATION STUFF
         855  -9.9164501045884457        446.80841032183929     
   18.667416201634524       -28.583866306222969     
        0      846  -0.403E+00   0.461E+02  -0.110E-03   0.778E-02
  OPTIMIZATION STUFF
         846  -9.0203407152642097        348.71636719537332     
   16.350835470272461       -25.371176185536669     
        0      849  -0.461E+00   0.487E+02  -0.266E-04   0.796E-02
  OPTIMIZATION STUFF
         849  -9.2450907630679779        383.48738353191067     
   17.263130663774337       -26.508221426842315     
        0      862  -0.204E+00   0.434E+02  -0.481E-04   0.739E-02
  OPTIMIZATION STUFF
         862  -8.2806974372598763        323.83650881283660     
   15.977063521354427       -24.257760958614305     
        0      842  -0.180E+00   0.480E+02  -0.414E-04   0.797E-02
  OPTIMIZATION STUFF
         842  -9.2315563647359706        382.82328468325858     
   17.251134796527484       -26.482691161263453     
        0      847  -0.159E+00   0.483E+02  -0.154E-04   0.684E-02
  OPTIMIZATION STUFF
         847  -9.6209486140153473        386.37128683588099     
   17.140846962806627       -26.761795576821974     
        0      841  -0.839E-01   0.480E+02   0.110E-05   0.682E-02
  OPTIMIZATION STUFF
         841  -9.9881355397813980        390.24429700080782     
   17.043516228752903       -27.031651768534303     
        0      844   0.670E-02   0.456E+02  -0.214E-04   0.741E-02
  OPTIMIZATION STUFF
         844  -9.0603382307880533        338.92577121331357     
   16.026105027642679       -25.086443258430734     
        0      834  -0.221E+00   0.456E+02   0.166E-05   0.726E-02
  OPTIMIZATION STUFF
         834  -9.1485304132555303        345.37029454920383     
   16.176361946585594       -25.324892359841122     
        0      844   0.378E-01   0.480E+02  -0.942E-04   0.689E-02
  OPTIMIZATION STUFF
         844  -10.116836700360354        404.89648788393430     
   17.393852450281855       -27.510689150642207     
        0      840  -0.135E+00   0.467E+02  -0.348E-04   0.724E-02
  OPTIMIZATION STUFF
         840  -9.1097823137068197        364.25288669828228     
   16.770949671833037       -25.880731985539857     
        0      837  -0.125E+00   0.466E+02  -0.254E-04   0.840E-02
  OPTIMIZATION STUFF
         837  -9.9249014151180770        381.98053621000452     
   16.836771308959200       -26.761672724077279     
        0      837  -0.168E+00   0.479E+02  -0.108E-04   0.741E-02
  OPTIMIZATION STUFF
         837  -9.9823432317785148        373.50904521149272     
   16.548772426209094       -26.531115657987609     
        0      838  -0.128E+00   0.476E+02  -0.814E-04   0.777E-02
  OPTIMIZATION STUFF
         838  -10.362458798962427        396.19546350687062     
   16.994555338303993       -27.357014137266418     
        0      833  -0.754E-01   0.483E+02  -0.208E-04   0.577E-02
  OPTIMIZATION STUFF
         833  -10.739559335116097        422.69378989343176     
   17.531561686882103       -28.271121021998198     
        0      839  -0.742E-01   0.507E+02   0.156E-05   0.710E-02
  OPTIMIZATION STUFF
         839  -10.672078049189558        431.31001050583075     
   17.816193774704999       -28.488271823894557     
