tried moves    experiment_1   _      experiment_2    _                                                                                                                                                                                                                                                                                                                                                                                                                                                                          
        0    19235   0.732E+02   0.688E+04   0.170E+05   0.151E+07
  OPTIMIZATION STUFF
       19235  -19.932211771742388        10193.964179917311     
   98.978134523760986       -118.91034629550337     
        0    14358   0.420E+02   0.543E+04   0.947E+04   0.152E+07
  OPTIMIZATION STUFF
       14358  -69.273560345677268        34966.613393725238     
   173.68876541319258       -242.96232575886984     
        0    13917   0.558E+01   0.471E+08  -0.507E+02   0.111E+11
  OPTIMIZATION STUFF
       13917  -24666.005637733393        21256237582.270416     
   143693.51324311658       -168359.51888084997     
        0    13429   0.516E+02   0.352E+05   0.110E+05   0.716E+07
  OPTIMIZATION STUFF
       13429  -110.27559543518568        67323.837576912323     
   234.86832614962702       -345.14392158481269     
        0    16307   0.475E+02   0.320E+05   0.815E+04   0.641E+07
  OPTIMIZATION STUFF
       16307  -146.52734633464192        105170.80349891649     
   289.31045656015340       -435.83780289479535     
        0    17678   0.123E+03   0.545E+05   0.133E+05   0.993E+07
  OPTIMIZATION STUFF
       17678  -145.85559217855865        106477.78307959701     
   291.89712110577415       -437.75271328433280     
        0    12912   0.127E+03   0.165E+05   0.139E+05   0.282E+07
  OPTIMIZATION STUFF
       12912  -142.20688549942963        79611.312273189717     
   243.69758716438255       -385.90447266381216     
        0    12665   0.241E+03   0.527E+05   0.262E+05   0.814E+07
  OPTIMIZATION STUFF
       12665  -140.68588826058647        66268.571733163903     
   215.58305262124313       -356.26894088182962     
        0    16507   0.244E+03   0.789E+05   0.300E+05   0.114E+08
  OPTIMIZATION STUFF
       16507  -168.79076023234904        83453.639906427954     
   234.44257114827420       -403.23333138062321     
        0    13858  -0.156E+03   0.147E+06  -0.247E+05   0.197E+08
  OPTIMIZATION STUFF
       13858  -204.27650869260091        122928.97210651105     
   284.95627752845314       -489.23278622105408     
        0    12682   0.534E+03   0.121E+06   0.738E+05   0.161E+08
  OPTIMIZATION STUFF
       12682  -192.67947372023360        99028.003377513160     
   248.80237897658247       -441.48185269681608     
        0    20452  -0.756E+03   0.135E+06  -0.103E+06   0.181E+08
  OPTIMIZATION STUFF
       20452  -110.35618956749299        39059.064874181349     
   163.95296977586256       -274.30915934335553     
        0    15114  -0.112E+03   0.414E+05  -0.147E+05   0.540E+07
  OPTIMIZATION STUFF
       15114  -41.028368310885277        4032.6586741462943     
   48.469904764633483       -89.498273075518767     
        0    14763  -0.306E+02   0.153E+05  -0.403E+04   0.196E+07
  OPTIMIZATION STUFF
       14763  -36.512868722629108        2996.2145734628989     
   40.780203421598479       -77.293072144227580     
        0    22621  -0.120E+02   0.851E+04  -0.165E+04   0.109E+07
  OPTIMIZATION STUFF
       22621  -22.367049181726408        968.79689792159854     
   21.645138226027353       -44.012187407753757     
        0    11273   0.406E+02   0.448E+04   0.530E+04   0.573E+06
  OPTIMIZATION STUFF
       11273  -18.621439522153594        658.27484427974798     
   17.649839500758191       -36.271279022911784     
        0    13287  -0.498E+02   0.780E+04  -0.635E+04   0.995E+06
  OPTIMIZATION STUFF
       13287  -18.172981521818297        625.79760067889708     
   17.191286842076359       -35.364268363894652     
        0    12294  -0.119E+01   0.645E+04  -0.173E+03   0.853E+06
  OPTIMIZATION STUFF
       12294  -16.636073791404527        516.38013808923540     
   15.479702416266884       -32.115776207671409     
        0    15355   0.120E+03   0.222E+06   0.153E+05   0.282E+08
  OPTIMIZATION STUFF
       15355  -69.120493417594716        27670.476688363397     
   151.30378077917169       -220.42427419676642     
        0    10406  -0.110E+03   0.245E+05  -0.139E+05   0.313E+07
  OPTIMIZATION STUFF
       10406  -28.484690210749594        1676.7112922002791     
   29.416555131386566       -57.901245342136164     
        0    14887  -0.335E+02   0.662E+04  -0.425E+04   0.800E+06
  OPTIMIZATION STUFF
       14887  -18.516267932130170        649.44340110093106     
   17.509746513484970       -36.026014445615139     
        0    25147  -0.370E+01   0.470E+04  -0.419E+03   0.582E+06
  OPTIMIZATION STUFF
       25147  -14.135280346485079        358.24494329168334     
   12.587247229555636       -26.722527576040715     
        0    16592   0.119E+01   0.407E+04   0.161E+03   0.501E+06
  OPTIMIZATION STUFF
       16592  -13.065855357787871        302.39627696148847     
   11.475177590384144       -24.541032948172017     
        0    17836  -0.509E+01   0.375E+04  -0.745E+03   0.482E+06
  OPTIMIZATION STUFF
       17836  -11.375752193965210        222.46766529038095     
   9.6467573469988697       -21.022509540964080     
        0    11694  -0.111E+02   0.202E+04  -0.135E+04   0.254E+06
  OPTIMIZATION STUFF
       11694  -11.246177951821062        213.74191572708921     
   9.3415950031599539       -20.587772954981016     
        0    18698   0.606E+01   0.159E+04   0.679E+03   0.197E+06
  OPTIMIZATION STUFF
       18698  -10.889259071135848        199.32308555116674     
   8.9859402642601829       -19.875199335396033     
        0    14385  -0.123E+02   0.470E+04  -0.142E+04   0.588E+06
  OPTIMIZATION STUFF
       14385  -10.500315088694052        187.36622990122382     
   8.7812079430661392       -19.281523031760191     
        0    21162   0.116E+02   0.319E+04   0.143E+04   0.401E+06
  OPTIMIZATION STUFF
       21162  -10.183802874949839        172.24096102959660     
   8.2783524951381491       -18.462155370087988     
        0    15939  -0.303E+01   0.430E+04  -0.406E+03   0.536E+06
  OPTIMIZATION STUFF
       15939  -9.4975475979214803        150.56160878500216     
   7.7690538941506952       -17.266601492072176     
        0    14576  -0.121E+02   0.404E+04  -0.152E+04   0.505E+06
  OPTIMIZATION STUFF
       14576  -9.5377718221383940        149.46376151448010     
   7.6481808414356260       -17.185952663574021     
        0    15827  -0.307E+01   0.186E+04  -0.384E+03   0.238E+06
  OPTIMIZATION STUFF
       15827  -8.8471553997820003        125.82905837595763     
   6.8961510792663052       -15.743306479048305     
        0    10978   0.123E+02   0.254E+04   0.161E+04   0.318E+06
  OPTIMIZATION STUFF
       10978  -8.4993458851190518        116.38273478626870     
   6.6440841589626594       -15.143430044081711     
        0    21160  -0.553E+00   0.242E+04  -0.146E+03   0.301E+06
  OPTIMIZATION STUFF
       21160  -9.1027047140411117        134.07766027341899     
   7.1567050492802000       -16.259409763321312     
        0    12006   0.443E+01   0.231E+04   0.627E+03   0.288E+06
  OPTIMIZATION STUFF
       12006  -8.3121226421437449        111.00826936643760     
   6.4743251809280400       -14.786447823071786     
        0    18929  -0.710E+00   0.285E+04  -0.960E+02   0.356E+06
  OPTIMIZATION STUFF
       18929  -8.6055134674550438        118.78724917357806     
   6.6882275032349146       -15.293740970689958     
        0    14925  -0.219E+01   0.213E+04  -0.306E+03   0.261E+06
  OPTIMIZATION STUFF
       14925  -8.4259108590435741        113.52758440717349     
   6.5216263771106258       -14.947537236154201     
        0    18150   0.302E+01   0.258E+04   0.372E+03   0.323E+06
  OPTIMIZATION STUFF
       18150  -8.1521269774539569        106.18489638848733     
   6.3029931089883595       -14.455120086442317     
        0    13863  -0.541E+01   0.253E+04  -0.667E+03   0.316E+06
  OPTIMIZATION STUFF
       13863  -7.9432427328468780        100.36808559313637     
   6.1051601518888621       -14.048402884735740     
        0    10120   0.902E+01   0.395E+04   0.105E+04   0.481E+06
  OPTIMIZATION STUFF
       10120  -8.7131446396387204        120.70557338287142     
   6.6922853997424872       -15.405430039381208     
        0    10701   0.837E+01   0.417E+04   0.104E+04   0.504E+06
  OPTIMIZATION STUFF
       10701  -7.7780304153460884        97.567210872174599     
   6.0884689150989146       -13.866499330445002     
        0    11706  -0.540E+01   0.195E+04  -0.661E+03   0.234E+06
  OPTIMIZATION STUFF
       11706  -7.8956482386703106        98.590960856166845     
   6.0207723547190577       -13.916420593389368     
        0    10747  -0.685E+01   0.920E+03  -0.800E+03   0.114E+06
  OPTIMIZATION STUFF
       10747  -8.0065511617640723        101.44417384856786     
   6.1105901795671285       -14.117141341331202     
        0    13248  -0.835E+01   0.331E+04  -0.997E+03   0.402E+06
  OPTIMIZATION STUFF
       13248  -7.9162108923740471        98.570484082714913     
   5.9920021019833936       -13.908212994357442     
        0     8780   0.227E+02   0.281E+04   0.266E+04   0.333E+06
  OPTIMIZATION STUFF
        8780  -7.7956040532635802        95.772273274090665     
   5.9161499912384832       -13.711754044502063     
        0    10261  -0.751E+01   0.101E+04  -0.862E+03   0.126E+06
  OPTIMIZATION STUFF
       10261  -7.9730335681862314        99.930385243864976     
   6.0300183220650752       -14.003051890251307     
        0    19682   0.165E+01   0.185E+04   0.194E+03   0.229E+06
  OPTIMIZATION STUFF
       19682  -7.6792715751895235        91.896676091688605     
   5.7380714675032429       -13.417343042692767     
        0    12485   0.582E+01   0.214E+04   0.730E+03   0.269E+06
  OPTIMIZATION STUFF
       12485  -7.4955273202862509        88.024551838213966     
   5.6428381182749145       -13.138365438561166     
        0    17998   0.331E+01   0.223E+04   0.446E+03   0.282E+06
  OPTIMIZATION STUFF
       17998  -7.4858642512435036        87.633438305224061     
   5.6209674182633895       -13.106831669506892     
        0    14772   0.951E+01   0.513E+04   0.105E+04   0.635E+06
  OPTIMIZATION STUFF
       14772  -8.1407250472209043        105.86198642764097     
   6.2921047458852097       -14.432829793106114     
        0    10264  -0.186E+02   0.299E+04  -0.224E+04   0.367E+06
  OPTIMIZATION STUFF
       10264  -7.7085813846495741        92.910602365044866     
   5.7869141518843117       -13.495495536533886     
        0    17925   0.238E+01   0.402E+04   0.282E+03   0.499E+06
  OPTIMIZATION STUFF
       17925  -7.3613818738084786        84.384223557016512     
   5.4949322529927960       -12.856314126801275     
        0    15445  -0.681E+01   0.307E+04  -0.865E+03   0.370E+06
  OPTIMIZATION STUFF
       15445  -7.3772040926139502        84.859552550559769     
   5.5169205474140872       -12.894124640028037     
        0    13080   0.878E+01   0.151E+04   0.120E+04   0.186E+06
  OPTIMIZATION STUFF
       13080  -7.4125203605086201        85.516638914627336     
   5.5291211616017684       -12.941641522110388     
        0    16353   0.468E+00   0.348E+04  -0.360E+02   0.417E+06
  OPTIMIZATION STUFF
       16353  -7.4161909680558633        85.610853278946507     
   5.5327176689465318       -12.948908637002395     
        0    14205   0.905E+01   0.506E+04   0.112E+04   0.626E+06
  OPTIMIZATION STUFF
       14205  -7.5016339201179871        88.158850448326874     
   5.6466219084388962       -13.148255828556884     
        0    12366  -0.602E+01   0.327E+04  -0.708E+03   0.401E+06
  OPTIMIZATION STUFF
       12366  -7.6225168657340454        90.813404962850996     
   5.7193217774882203       -13.341838643222266     
        0    15553   0.555E+01   0.313E+04   0.703E+03   0.388E+06
  OPTIMIZATION STUFF
       15553  -7.5033940811438100        87.499351797816104     
   5.5855553941279776       -13.088949475271788     
        0    12592  -0.126E+02   0.366E+04  -0.164E+04   0.435E+06
  OPTIMIZATION STUFF
       12592  -7.5102695713323815        88.229089252216255     
   5.6413597844965695       -13.151629355828952     
        0    11831  -0.112E+01   0.236E+04  -0.171E+03   0.293E+06
  OPTIMIZATION STUFF
       11831  -7.1140832477455840        78.845993764947153     
   5.3137381671562247       -12.427821414901809     
        0    13956   0.636E+01   0.271E+04   0.801E+03   0.337E+06
  OPTIMIZATION STUFF
       13956  -7.2614236610641827        82.266346123409733     
   5.4348939766978868       -12.696317637762069     
        0    19546  -0.446E+01   0.468E+04  -0.563E+03   0.572E+06
  OPTIMIZATION STUFF
       19546  -7.5387962346216693        88.889485389175022     
   5.6618050763011230       -13.200601310922792     
        0    13865   0.126E+02   0.206E+04   0.162E+04   0.254E+06
  OPTIMIZATION STUFF
       13865  -7.2558321063951858        81.329163146286334     
   5.3555637975932218       -12.611395903988408     
        0    12681  -0.118E+01   0.391E+04  -0.221E+03   0.484E+06
  OPTIMIZATION STUFF
       12681  -6.9184560580329650        74.062043178338641     
   5.1183013736400484       -12.036757431673013     
        0    17781   0.250E+01   0.303E+04   0.333E+03   0.367E+06
  OPTIMIZATION STUFF
       17781  -7.3109771284499407        82.754237199219403     
   5.4133031160744416       -12.724280244524383     
        0    18719  -0.284E+01   0.303E+04  -0.277E+03   0.373E+06
  OPTIMIZATION STUFF
       18719  -7.2239953446895484        81.014149429011439     
   5.3691750473341040       -12.593170392023652     
        0    16906   0.302E+01   0.398E+04   0.325E+03   0.485E+06
  OPTIMIZATION STUFF
       16906  -7.3752688843997980        84.517096945679754     
   5.4883973825228720       -12.863666266922671     
        0    20294   0.483E+01   0.253E+04   0.563E+03   0.310E+06
  OPTIMIZATION STUFF
       20294  -7.0702810663426288        77.539744000474599     
   5.2488922301178498       -12.319173296460479     
        0    53946  -0.179E+01   0.338E+04  -0.232E+03   0.415E+06
  OPTIMIZATION STUFF
       53946  -7.2952567549511533        82.982029472908067     
   5.4553880111544437       -12.750644766105598     
        0    50759   0.462E+01   0.485E+04   0.568E+03   0.599E+06
  OPTIMIZATION STUFF
       50759  -7.1980958011704956        80.629745234518211     
   5.3681618894822734       -12.566257690652769     
        0    49077  -0.269E+01   0.407E+04  -0.314E+03   0.498E+06
  OPTIMIZATION STUFF
       49077  -7.2524109586715344        81.393642152778099     
   5.3662069881173178       -12.618617946788852     
        0    48141  -0.187E+01   0.420E+04  -0.221E+03   0.516E+06
  OPTIMIZATION STUFF
       48141  -7.1972665904786135        80.287411546939623     
   5.3372994269124510       -12.534566017391064     
        0    49412   0.287E+01   0.427E+04   0.358E+03   0.531E+06
  OPTIMIZATION STUFF
       49412  -7.2680098935795856        82.523658721799023     
   5.4497422791016721       -12.717752172681259     
        0    53087   0.108E+01   0.474E+04   0.154E+03   0.582E+06
  OPTIMIZATION STUFF
       53087  -7.2704169447137925        82.537041483582541     
   5.4477590744820121       -12.718176019195806     
        0    52558   0.548E+01   0.562E+04   0.652E+03   0.686E+06
  OPTIMIZATION STUFF
       52558  -7.2981617482394459        83.232966190975546     
   5.4744681282760341       -12.772629876515481     
        0    57588  -0.489E+01   0.455E+04  -0.603E+03   0.561E+06
  OPTIMIZATION STUFF
       57588  -7.2834580101672062        83.047000657217140     
   5.4770649139250027       -12.760522924092209     
        0    56355   0.589E+01   0.358E+04   0.735E+03   0.438E+06
  OPTIMIZATION STUFF
       56355  -7.1945736281536092        80.644370541184671     
   5.3742423512771804       -12.568815979430790     
        0    55191  -0.293E+00   0.461E+04  -0.173E+02   0.568E+06
  OPTIMIZATION STUFF
       55191  -7.3641275337036758        85.140237863220662     
   5.5596639764079345       -12.923791510111609     
        0    54157   0.491E+00   0.364E+04   0.692E+02   0.447E+06
  OPTIMIZATION STUFF
       54157  -7.4220834197296108        86.617110141767597     
   5.6151391658927210       -13.037222585622331     
        0    56087  -0.134E+01   0.613E+04  -0.158E+03   0.755E+06
  OPTIMIZATION STUFF
       56087  -7.3949660970101050        86.184602597250930     
   5.6124040322594437       -13.007370129269550     
        0    54257  -0.192E+00   0.482E+04  -0.219E+02   0.602E+06
  OPTIMIZATION STUFF
       54257  -7.2612728656320398        82.706903169209838     
   5.4754743666686725       -12.736747232300711     
        0    49656   0.438E+00   0.488E+04   0.768E+02   0.609E+06
  OPTIMIZATION STUFF
       49656  -7.3292239753108408        83.917263854156445     
   5.4954289890676593       -12.824652964378501     
        0    52936  -0.202E+01   0.374E+04  -0.256E+03   0.468E+06
  OPTIMIZATION STUFF
       52936  -7.3478530016254133        84.773801389481434     
   5.5482301372587131       -12.896083138884126     
        0    53924  -0.296E+01   0.447E+04  -0.354E+03   0.562E+06
  OPTIMIZATION STUFF
       53924  -7.1392827507438117        79.308089205205121     
   5.3234134735277703       -12.462696224271582     
        0    55863   0.376E+01   0.501E+04   0.459E+03   0.628E+06
  OPTIMIZATION STUFF
       55863  -7.3567939886580458        84.926354646509637     
   5.5501294448827476       -12.906923433540793     
        0    55313   0.170E+01   0.572E+04   0.245E+03   0.718E+06
  OPTIMIZATION STUFF
       55313  -7.3118835872500307        84.154597825054310     
   5.5399418978503681       -12.851825485100399     
        0    55592  -0.284E+01   0.555E+04  -0.360E+03   0.703E+06
  OPTIMIZATION STUFF
       55592  -7.3846709539030639        86.262444777701731     
   5.6328571507079905       -13.017528104611054     
        0    55367   0.597E+01   0.108E+10   0.765E+03   0.137E+12
  OPTIMIZATION STUFF
       55367  -27465.391294466386        32003014494.182438     
   176772.92432729705       -204238.31562176344     
        0    56021  -0.659E+01   0.378E+04  -0.816E+03   0.479E+06
  OPTIMIZATION STUFF
       56021  -7.4232623638304158        87.026229318573229     
   5.6499031138871834       -13.073165477717598     
        0    55951   0.522E+01   0.566E+04   0.657E+03   0.722E+06
  OPTIMIZATION STUFF
       55951  -7.3995299175408560        86.574302083537859     
   5.6410335119511270       -13.040563429491982     
        0    51324  -0.473E+00   0.465E+04  -0.534E+02   0.591E+06
  OPTIMIZATION STUFF
       51324  -7.4849195221300953        88.929207244477553     
   5.7363042973427882       -13.221223819472883     
        0    51252  -0.529E+01   0.323E+04  -0.641E+03   0.410E+06
  OPTIMIZATION STUFF
       51252  -7.4361431531649975        87.291699259236594     
   5.6564542130979829       -13.092597366262980     
        0    53573   0.229E+01   0.632E+04   0.306E+03   0.807E+06
  OPTIMIZATION STUFF
       53573  -7.3767263569861088        86.303879242363934     
   5.6469272614856996       -13.023653618471808     
        0    55203  -0.312E+01   0.545E+04  -0.401E+03   0.698E+06
  OPTIMIZATION STUFF
       55203  -7.6372254839461196        92.705143968924446     
   5.8632696404214943       -13.500495124367614     
        0    54946   0.701E+00   0.427E+04   0.112E+03   0.546E+06
  OPTIMIZATION STUFF
       54946  -7.5627019797883914        90.861017285241886     
   5.8022888630390188       -13.364990842827410     
        0    50445   0.439E+01   0.573E+04   0.555E+03   0.736E+06
  OPTIMIZATION STUFF
       50445  -7.5762476222604196        91.668538323866514     
   5.8539738887408657       -13.430221511001285     
        0    49099  -0.335E+01   0.308E+04  -0.436E+03   0.391E+06
  OPTIMIZATION STUFF
       49099  -7.5948250712784553        91.369579798450019     
   5.8041547132317408       -13.398979784510196     
        0    50156  -0.518E+01   0.365E+04  -0.623E+03   0.475E+06
  OPTIMIZATION STUFF
       50156  -7.6608532062254175        93.551591836407141     
   5.9044830416449567       -13.565336247870373     
        0    54968   0.445E+01   0.491E+04   0.577E+03   0.636E+06
  OPTIMIZATION STUFF
       54968  -7.6598640544443839        94.070744902846855     
   5.9495569221814915       -13.609420976625875     
        0    50386   0.255E+01   0.407E+04   0.330E+03   0.527E+06
  OPTIMIZATION STUFF
       50386  -7.4805827584524733        88.858646560942816     
   5.7358110285195414       -13.216393786972015     
        0    53682   0.994E+00   0.435E+04   0.181E+03   0.568E+06
  OPTIMIZATION STUFF
       53682  -7.5085236863706948        89.154796482461350     
   5.7251086045307105       -13.233632290901404     
        0    50172  -0.562E+01   0.403E+04  -0.757E+03   0.529E+06
  OPTIMIZATION STUFF
       50172  -7.7220513337747452        95.142057477776603     
   5.9591929551176879       -13.681244288892433     
        0    54859   0.224E+01   0.657E+04   0.323E+03   0.864E+06
  OPTIMIZATION STUFF
       54859  -7.4422046424420270        87.993427843821081     
   5.7102555025003410       -13.152460144942367     
        0    51661   0.250E+01   0.463E+04   0.317E+03   0.608E+06
  OPTIMIZATION STUFF
       51661  -7.5749135235620981        91.177114661986906     
   5.8135875131060804       -13.388501036668178     
        0    51111  -0.762E+01   0.358E+04  -0.973E+03   0.475E+06
  OPTIMIZATION STUFF
       51111  -7.5792402706372526        91.491900769038594     
   5.8349822355332961       -13.414222506170550     
        0    54196   0.118E+01   0.462E+04   0.172E+03   0.615E+06
  OPTIMIZATION STUFF
       54196  -7.6998060818815750        95.199428217486187     
   5.9926967651388550       -13.692502847020430     
        0    54000   0.241E+01   0.389E+04   0.326E+03   0.518E+06
  OPTIMIZATION STUFF
       54000  -7.4896344218836335        89.083973839419883     
   5.7436356139605254       -13.233270035844159     
        0    51712   0.385E+01   0.559E+04   0.515E+03   0.743E+06
  OPTIMIZATION STUFF
       51712  -7.5558684259675566        91.091245690630146     
   5.8309602999931931       -13.386828725960751     
        0    56540  -0.381E+01   0.495E+04  -0.508E+03   0.665E+06
  OPTIMIZATION STUFF
       56540  -7.5554186175352998        90.820963926987488     
   5.8083227734681264       -13.363741391003426     
        0    52872  -0.209E+01   0.533E+04  -0.262E+03   0.714E+06
  OPTIMIZATION STUFF
       52872  -7.6510514086288524        93.897503170329983     
   5.9463363101029225       -13.597387718731774     
        0    53444   0.532E+01   0.624E+04   0.721E+03   0.837E+06
  OPTIMIZATION STUFF
       53444  -7.7108875673121231        95.778988324088431     
   6.0267073305711270       -13.737594897883250     
        0    55213  -0.562E+01   0.508E+04  -0.745E+03   0.683E+06
  OPTIMIZATION STUFF
       55213  -7.4347911780361420        87.627619688536441     
   5.6878378868892172       -13.122629064925359     
        0    54648   0.128E+01   0.447E+04   0.172E+03   0.600E+06
  OPTIMIZATION STUFF
       54648  -7.6060207437861846        92.281717683858716     
   5.8677223970594392       -13.473743140845624     
        0    55475  -0.830E+00   0.547E+04  -0.967E+02   0.737E+06
  OPTIMIZATION STUFF
       55475  -7.7923278057943222        97.054136686935422     
   6.0277495015951077       -13.820077307389429     
        0    53932  -0.129E+01   0.832E+09  -0.168E+03   0.112E+12
  OPTIMIZATION STUFF
       53932  -24365.932058911778        25839721063.665981     
   158889.96953416057       -183255.90159307234     
        0    54606   0.414E+01   0.394E+04   0.561E+03   0.537E+06
  OPTIMIZATION STUFF
       54606  -7.6025327232058499        92.169371817599881     
   5.8626673119139321       -13.465200035119782     
        0    51578  -0.233E+01   0.468E+04  -0.291E+03   0.639E+06
  OPTIMIZATION STUFF
       51578  -7.8482639402297876        99.896190333347064     
   6.1887756024787226       -14.037039542708509     
        0    59396   0.323E+01   0.400E+04   0.430E+03   0.545E+06
  OPTIMIZATION STUFF
       59396  -7.6542672347361451        93.433508470650295     
   5.9030247814061383       -13.557292016142284     
        0    55402   0.130E+01   0.446E+04   0.200E+03   0.611E+06
  OPTIMIZATION STUFF
       55402  -7.7116979125505631        95.793703240347199     
   6.0268912837308157       -13.738589196281378     
        0    55496  -0.513E+01   0.479E+04  -0.697E+03   0.655E+06
  OPTIMIZATION STUFF
       55496  -7.8279839401265328        98.706011730256890     
   6.1178982635687866       -13.945882203695319     
        0    34388  -0.213E+00   0.733E+04  -0.338E+02   0.997E+06
  OPTIMIZATION STUFF
       34388  -8.1512467055014390        108.36517676335960     
   6.4747474012050494       -14.625994106706489     
        0    14181   0.798E+01   0.314E+04   0.115E+04   0.421E+06
  OPTIMIZATION STUFF
       14181  -7.7705457318109481        97.018339160650200     
   6.0528471144152363       -13.823392846226184     
        0    10612  -0.143E+02   0.185E+04  -0.202E+04   0.252E+06
  OPTIMIZATION STUFF
       10612  -7.5927248358448471        91.651486627587232     
   5.8311247795542904       -13.423849615399138     
        0    11023   0.985E+01   0.347E+04   0.138E+04   0.486E+06
  OPTIMIZATION STUFF
       11023  -7.5967995059216591        91.656257195440872     
   5.8262247177970492       -13.423024223718709     
        0    15906   0.492E+01   0.483E+04   0.745E+03   0.667E+06
  OPTIMIZATION STUFF
       15906  -7.7253928958562117        96.364222581570900     
   6.0566102059010927       -13.782003101757304     
        0     9909  -0.208E+02   0.236E+04  -0.287E+04   0.331E+06
  OPTIMIZATION STUFF
        9909  -7.7077281768593995        95.549129436569331     
   6.0116599860784721       -13.719388162937872     
        0    11701   0.305E+02   0.435E+04   0.409E+04   0.592E+06
  OPTIMIZATION STUFF
       11701  -7.9725699861908907        104.06297192983570     
   6.3640474342295628       -14.336617420420453     
        0    17654  -0.228E+02   0.246E+04  -0.311E+04   0.342E+06
  OPTIMIZATION STUFF
       17654  -7.9216422785862299        102.48010613577385     
   6.3029905398857311       -14.224632818471960     
        0    12313   0.235E+02   0.555E+04   0.335E+04   0.771E+06
  OPTIMIZATION STUFF
       12313  -7.5571846726749019        91.471080088020244     
   5.8617437602737112       -13.418928432948613     
        0    15152  -0.214E+02   0.508E+04  -0.301E+04   0.701E+06
  OPTIMIZATION STUFF
       15152  -7.7839534466588569        96.433745210644446     
   5.9869703482556309       -13.770923794914488     
        0     8849   0.211E+02   0.653E+04   0.293E+04   0.897E+06
  OPTIMIZATION STUFF
        8849  -7.5364949320053460        90.309798318086621     
   5.7888722958745911       -13.325367227879937     
        0    12573  -0.187E+01   0.557E+04  -0.246E+03   0.761E+06
  OPTIMIZATION STUFF
       12573  -7.9490325384302434        102.03272069036629     
   6.2326240375417745       -14.181656575972017     
        0    12602   0.293E+02   0.440E+04   0.410E+04   0.607E+06
  OPTIMIZATION STUFF
       12602  -7.8193209106568169        99.401800388548708     
   6.1854685258849837       -14.004789436541801     
        0    12434  -0.295E+02   0.396E+04  -0.405E+04   0.549E+06
  OPTIMIZATION STUFF
       12434  -7.8522666183369072        99.205332190021451     
   6.1275803662272210       -13.979846984564128     
        0    13004   0.423E+01   0.314E+04   0.547E+03   0.440E+06
  OPTIMIZATION STUFF
       13004  -7.5494331099134211        90.528787423692833     
   5.7909280035790296       -13.340361113492451     
        0     1624   0.290E+02   0.122E+04   0.414E+04   0.167E+06
  OPTIMIZATION STUFF
        1624  -7.6837415221729888        94.507679280853665     
   5.9554844892156664       -13.639226011388654     
        0     1830  -0.185E+03   0.794E+04  -0.260E+05   0.111E+07
  OPTIMIZATION STUFF
        1830  -8.2190815654934433        104.62425480537547     
   6.0885920396378443       -14.307673605131288     
        0     1200  -0.976E+00   0.191E+03   0.999E+00   0.189E+03
  OPTIMIZATION STUFF
        1200  -6.1647899629796541        59.339962173828283     
   4.6190179569009686       -10.783807919880623     
        0      758   0.339E+03   0.936E+04   0.472E+05   0.130E+07
  OPTIMIZATION STUFF
         758  -6.4268724813585543        66.222865380560691     
   4.9918108426618923       -11.418683324020446     
        0      941  -0.141E-01   0.223E+03   0.771E-02   0.223E+03
  OPTIMIZATION STUFF
         941  -7.6185011293632190        90.979688042995136     
   5.7391749045386735       -13.357676033901893     
        0     2436   0.464E+02   0.232E+04   0.640E+04   0.316E+06
  OPTIMIZATION STUFF
        2436  -7.8509104990435548        98.716230555882959     
   6.0892885374147481       -13.940199036458303     
        0     2272  -0.148E+02   0.701E+03  -0.157E+04   0.748E+05
  OPTIMIZATION STUFF
        2272  -8.3283190231862090        111.67381468526020     
   6.5048379636463585       -14.833156986832567     
        0     1279   0.795E+02   0.285E+04   0.102E+05   0.364E+06
  OPTIMIZATION STUFF
        1279  -8.3337277229569491        112.98700923993003     
   6.5981809220078844       -14.931908644964833     
        0     1555  -0.198E+03   0.780E+04  -0.275E+05   0.108E+07
  OPTIMIZATION STUFF
        1555  -8.3906787930194202        111.39914807847750     
   6.4027851338969395       -14.793463926916360     
        0      753  -0.466E-01   0.217E+03   0.144E+00   0.216E+03
  OPTIMIZATION STUFF
         753  -7.5251096887971620        84.844287212804645     
   5.3119686919611757       -12.837078380758339     
        0     1474  -0.699E+01   0.339E+03  -0.476E+03   0.183E+05
  OPTIMIZATION STUFF
        1474  -7.1259577550105195        87.931405498661150     
   6.0952548406499449       -13.221212595660464     
        0     1856   0.301E+03   0.130E+05   0.424E+05   0.182E+07
  OPTIMIZATION STUFF
        1856  -7.8609475258753863        106.43420649361579     
   6.6812955696518497       -14.542243095527237     
        0     2840  -0.651E+02   0.352E+04  -0.934E+04   0.498E+06
  OPTIMIZATION STUFF
        2840  -9.2307178737726847        137.15467149897285     
   7.2075321042494380       -16.438249978022121     
        0     1920  -0.180E+03   0.792E+04  -0.253E+05   0.111E+07
  OPTIMIZATION STUFF
        1920  -7.5906581401359290        95.357428912866297     
   6.1432351340685685       -13.733893274204497     
        0     2610   0.692E+02   0.347E+04   0.972E+04   0.497E+06
  OPTIMIZATION STUFF
        2610  -7.8580702644141240        99.320840828538095     
   6.1295654452879971       -13.987635709702122     
        0     1285  -0.109E+02   0.436E+03  -0.282E+04   0.101E+06
  OPTIMIZATION STUFF
        1285  -8.0267904190237882        103.53500947139537     
   6.2534506506778547       -14.280241069701642     
