   327599849.68582070     
   464139522.26177734     
   463512381.26208836     
   611887453.55485296     
   745566059.66460645     
   982107483.30738318     
   1162814340.5429590     
   1497762238.3920710     
   1996627118.8162448     
   1652424280.4244032     
   2595338592.8070893     
   471392024.55007553     
   247676393.93808627     
   187756032.43263340     
   150248172.64920205     
   210407843.29047409     
   125378271.92942181     
   123237102.28853869     
   359575395.50017548     
   213339498.42097470     
   149507306.41401583     
   138886407.96280420     
   141569583.04113328     
   128193632.90246804     
   112220315.11858965     
   125033404.46127844     
   104381174.23443694     
   134813846.05697820     
   128287700.74852358     
   105995035.92447869     
   99871685.241420671     
   117645327.16344063     
   114535061.11509342     
   122117033.12358138     
   120287112.11008327     
   115686167.33911426     
   122493598.01852174     
   113171693.03222466     
   123842178.03008442     
   135074945.05964404     
   127276348.08489716     
   118608321.56196794     
   105293803.12361754     
   128881280.21348859     
   119958653.29094860     
   123810511.86081120     
   132995439.81810370     
   141077427.48179045     
   156722002.14635110     
   133549148.25672382     
   138652838.02058598     
   125188814.25140491     
   141036612.06898168     
   140456249.40891185     
   156527255.77997437     
   147701547.23692796     
   158725216.20149717     
   137914893.02091119     
   135875396.86912903     
   147139922.39936864     
   136042259.32541731     
   158625461.97375602     
   155812955.05519709     
   161772881.66799414     
   156539092.50499985     
   162092126.34157214     
   173616119.82447755     
   161018139.96133444     
   190100684.91391316     
   174538566.94960105     
   163824916.71678740     
   181680463.10563087     
   189931966.14724797     
   224474253.02177551     
   189453706.75715634     
   231200065.71109974     
   230230913.94902140     
   234007292.60867187     
   225047343.31088078     
   223850445.54626408     
   227684026.25608119     
   214027875.23206779     
   194758059.49894929     
   220616821.29104728     
   234277588.71496499     
   214101449.96585789     
   256764529.48170617     
   210656074.17119089     
   247689286.42311892     
   244925675.31161585     
   211785844.92170659     
   228315956.33441475     
   206022062.93141228     
   212200238.10907459     
   240406651.08925566     
   218848742.03526410     
   187345650.21463418     
   219287567.91178498     
   236046001.44958109     
   245804384.53693235     
   207558608.14697570     
   225404129.82434481     
   241902704.68892419     
   191806304.61352089     
   201177863.53672281     
   218931440.60327396     
   245757134.03425464     
   216815808.27712262     
   202860681.18174919     
   241684662.97123358     
   200216760.15536940     
   209670583.88751537     
   204261929.58628023     
   195133011.37490553     
   225974123.80298972     
   210847030.66732788     
   236607100.03875393     
   247733350.67122459     
   208792943.69221592     
   207625020.53349185     
   224021894.50624004     
   202455075.22548601     
   217821002.41023925     
   229742478.13857806     
   201058475.88430715     
   249242492.95531297     
   193967085.28946918     
   235506528.60019484     
   189545257.10420170     
   215667533.52972978     
   212556491.56571341     
   264588280.01104790     
   213873089.41669714     
   221046982.20121852     
   227822935.39927310     
   179969843.46135902     
   179969880.28947750     
   216021222.98981526     
   216021198.38129532     
   231721947.69019923     
   228122249.09773764     
   241256550.59883982     
   198233805.12025234     
   198233841.56955811     
   197521514.82898661     
   276686570.86527914     
   249979031.88692981     
   201053247.14354622     
   226608872.62651303     
   222975259.62957284     
