tried moves    experiment_1   _ coord. constraints_1 _                                                                                                                                                                                                                                                                                                                                                                                                                                                                          
        0  2237910   0.000E+00   0.000E+00
  OPTIMIZATION STUFF
     2237910  -3966067.8937043939        115212636342973.67     
   9974113.5849508382       -13940181.478655232     
        0  1848392   0.000E+00   0.000E+00
  OPTIMIZATION STUFF
     1848392  -2067651.2341537941        22306235636150.180     
   4246298.8601901857       -6313950.0943439798     
        0  1800242   0.000E+00   0.000E+00
  OPTIMIZATION STUFF
     1800242  -2062547.7019200751        22169841887911.145     
   4232698.7685418101       -6295246.4704618854     
        0  1846705   0.000E+00   0.000E+00
  OPTIMIZATION STUFF
     1846705  -2074999.2554306183        22296073141067.949     
   4241515.2046209062       -6316514.4600515245     
        0  1832122   0.000E+00   0.000E+00
  OPTIMIZATION STUFF
     1832122  -2041678.1742700541        21908336207947.125     
   4211874.4568964094       -6253552.6311664637     
        0  1829292   0.000E+00   0.000E+00
  OPTIMIZATION STUFF
     1829292  -1712915.4339493096        15883170784104.932     
   3598484.6116446266       -5311400.0455939360     
        0  1831646   0.000E+00   0.000E+00
  OPTIMIZATION STUFF
     1831646  -1674019.4338862426        14517992832677.193     
   3422813.4286940587       -5096832.8625803012     
        0  1820761   0.000E+00   0.000E+00
  OPTIMIZATION STUFF
     1820761  -1649519.0747165610        14312816454219.777     
   3404688.4257397177       -5054207.5004562791     
        0  1840151   0.000E+00   0.000E+00
  OPTIMIZATION STUFF
     1840151  -1637652.8339250423        14164820033791.730     
   3388644.7481742622       -5026297.5820993045     
        0  1841807   0.000E+00   0.000E+00
  OPTIMIZATION STUFF
     1841807  -1655527.6964415926        14330661545972.135     
   3404392.6906699422       -5059920.3871115353     
        0  1843718   0.000E+00   0.000E+00
  OPTIMIZATION STUFF
     1843718  -1661951.0142006534        14394912616789.031     
   3410693.6894400897       -5072644.7036407432     
        0  1856095   0.000E+00   0.000E+00
  OPTIMIZATION STUFF
     1856095  -1653475.9804859129        14295868341868.879     
   3400277.2716096295       -5053753.2520955428     
        0  1853748   0.000E+00   0.000E+00
  OPTIMIZATION STUFF
     1853748  -1661353.1073263467        14379476066865.920     
   3408721.4494063621       -5070074.5567327086     
        0  1746152   0.000E+00   0.000E+00
  OPTIMIZATION STUFF
     1746152  -1693061.0851747158        14660918980708.721     
   3434306.7921453575       -5127367.8773200735     
        0  1746072   0.000E+00   0.000E+00
  OPTIMIZATION STUFF
     1746072  -1637679.6031320589        14157931488509.057     
   3387615.2387770191       -5025294.8419090779     
        0  1745854   0.000E+00   0.000E+00
  OPTIMIZATION STUFF
     1745854  -1654415.5467753892        14327456935117.910     
   3404462.6791471513       -5058878.2259225408     
        0  1754230   0.000E+00   0.000E+00
  OPTIMIZATION STUFF
     1754230  -1636637.4420685999        14172953233044.701     
   3390334.9563522264       -5026972.3984208265     
        0  1743600   0.000E+00   0.000E+00
  OPTIMIZATION STUFF
     1743600  -1656284.6983253043        14358171598992.453     
   3408062.8804477635       -5064347.5787730683     
        0  1747836   0.000E+00   0.000E+00
  OPTIMIZATION STUFF
     1747836  -1663275.9023157782        14424709326277.414     
   3414413.9466463416       -5077689.8489621198     
        0  1739903   0.000E+00   0.000E+00
  OPTIMIZATION STUFF
     1739903  -1648730.4177301840        14281189526085.195     
   3400423.1406894713       -5049153.5584196551     
        0  1681021   0.000E+00   0.000E+00
  OPTIMIZATION STUFF
     1681021  -1636154.4561311253        14167210879581.291     
   3389721.1500746715       -5025875.6062057968     
        0  1761072   0.000E+00   0.000E+00
  OPTIMIZATION STUFF
     1761072  -1676027.4423760076        14518648584500.164     
   3421926.4452794283       -5097953.8876554361     
        0  1772616   0.000E+00   0.000E+00
  OPTIMIZATION STUFF
     1772616  -1627783.4567667225        14095199693562.186     
   3383122.9228981268       -5010906.3796648495     
        0  1772561   0.000E+00   0.000E+00
  OPTIMIZATION STUFF
     1772561  -1625602.4475321304        14068625705972.584     
   3380242.9481547819       -5005845.3956869124     
        0  1732839   0.000E+00   0.000E+00
  OPTIMIZATION STUFF
     1732839  -1625759.2309499038        14109983385648.664     
   3386279.7150604441       -5012038.9460103475     
        0  1733849   0.000E+00   0.000E+00
  OPTIMIZATION STUFF
     1733849  -1667763.1673807814        14455758979013.547     
   3416771.1361081195       -5084534.3034889009     
        0  1811708   0.000E+00   0.000E+00
  OPTIMIZATION STUFF
     1811708  -1627032.6123194245        14079044746726.752     
   3381095.9207298127       -5008128.5330492370     
        0  1832293   0.000E+00   0.000E+00
  OPTIMIZATION STUFF
     1832293  -1644151.8905546223        14242338970897.232     
   3396925.5999628389       -5041077.4905174617     
        0  1825385   0.000E+00   0.000E+00
  OPTIMIZATION STUFF
     1825385  -1648897.3559002625        14274514554464.820     
   3399360.5375378975       -5048257.8934381604     
        0  1803260   0.000E+00   0.000E+00
  OPTIMIZATION STUFF
     1803260  -1638637.2458769120        14198560662357.412     
   3393144.3586712223       -5031781.6045481339     
        0  1776099   0.000E+00   0.000E+00
  OPTIMIZATION STUFF
     1776099  -1652042.4818661576        14281637735286.014     
   3398881.1943631568       -5050923.6762293149     
        0  1697391   0.000E+00   0.000E+00
  OPTIMIZATION STUFF
     1697391  -1642898.1301303003        14234895053646.709     
   3396436.4836783083       -5039334.6138086086     
        0  1703715   0.000E+00   0.000E+00
  OPTIMIZATION STUFF
     1703715  -1657198.5337923307        14342241513401.215     
   3405280.3897767016       -5062478.9235690320     
        0  1844396   0.000E+00   0.000E+00
  OPTIMIZATION STUFF
     1844396  -1625954.7841136071        14037914173529.750     
   3375527.3978369399       -5001482.1819505468     
        0  1855975   0.000E+00   0.000E+00
  OPTIMIZATION STUFF
     1855975  -1661735.4759627692        14372827893695.135     
   3407559.6989079919       -5069295.1748707611     
        0  1942100   0.000E+00   0.000E+00
  OPTIMIZATION STUFF
     1942100  -1655127.4393697546        14345579784769.072     
   3406777.5014248276       -5061904.9407945825     
        0  1888799   0.000E+00   0.000E+00
  OPTIMIZATION STUFF
     1888799  -1655021.7889780758        14351823169114.494     
   3407745.0091112019       -5062766.7980892779     
        0  1896218   0.000E+00   0.000E+00
  OPTIMIZATION STUFF
     1896218  -1659041.8401259773        14390841401147.186     
   3411513.0915560909       -5070554.9316820679     
        0  1855667   0.000E+00   0.000E+00
  OPTIMIZATION STUFF
     1855667  -1649639.4557859791        14292848474430.893     
   3401696.3621618305       -5051335.8179478096     
        0  1936097   0.000E+00   0.000E+00
  OPTIMIZATION STUFF
     1936097  -1665877.0195914772        14444535707663.086     
   3416048.8086764952       -5081925.8282679729     
        0  1931208   0.000E+00   0.000E+00
  OPTIMIZATION STUFF
     1931208  -1637151.2027704942        14197947735303.705     
   3393771.3055789173       -5030922.5083494112     
        0  1873431   0.000E+00   0.000E+00
  OPTIMIZATION STUFF
     1873431  -1649340.1678524592        14282035207061.902     
   3400251.7874078569       -5049591.9552603159     
        0  1877769   0.000E+00   0.000E+00
  OPTIMIZATION STUFF
     1877769  -1632581.8031930448        14144456666395.719     
   3388086.9708847003       -5020668.7740777452     
        0  1861190   0.000E+00   0.000E+00
  OPTIMIZATION STUFF
     1861190  -1642958.2686345836        14263558932727.154     
   3400624.5103293024       -5043582.7789638862     
        0  1844070   0.000E+00   0.000E+00
  OPTIMIZATION STUFF
     1844070  -1664414.8540998988        14452590872364.373     
   3417940.0325072971       -5082354.8866071962     
        0  1809792   0.000E+00   0.000E+00
  OPTIMIZATION STUFF
     1809792  -1684106.5161079287        14625560147244.154     
   3433561.6187345423       -5117668.1348424712     
        0  1914997   0.000E+00   0.000E+00
  OPTIMIZATION STUFF
     1914997  -1678525.8671423509        14567217076580.051     
   3427793.4578842511       -5106319.3250266016     
        0  1896746   0.000E+00   0.000E+00
  OPTIMIZATION STUFF
     1896746  -1645042.0878704900        14269587757138.209     
   3400503.5342244403       -5045545.6220949301     
        0  1824715   0.000E+00   0.000E+00
  OPTIMIZATION STUFF
     1824715  -1648502.0948476889        14286773961962.580     
   3401354.8484751428       -5049856.9433228318     
        0  1863913   0.000E+00   0.000E+00
  OPTIMIZATION STUFF
     1863913  -1656057.9812469790        14369473253312.311     
   3409830.6726376447       -5065888.6538846232     
        0  1973148   0.000E+00   0.000E+00
  OPTIMIZATION STUFF
     1973148  -1656281.2318183940        14335960100306.164     
   3404804.3382009938       -5061085.5700193876     
        0  1965638   0.000E+00   0.000E+00
  OPTIMIZATION STUFF
     1965638  -1633493.2983591082        14148428016755.736     
   3388233.7081393334       -5021727.0064984411     
        0  1911073   0.000E+00   0.000E+00
  OPTIMIZATION STUFF
     1911073  -1655777.6704500564        14356164835147.686     
   3408014.8387568193       -5063792.5092068762     
        0  1934297   0.000E+00   0.000E+00
  OPTIMIZATION STUFF
     1934297  -1623773.3915732696        14073703262735.713     
   3381872.7408869709       -5005646.1324602403     
        0  1926357   0.000E+00   0.000E+00
  OPTIMIZATION STUFF
     1926357  -1663612.1964931737        14429858795643.992     
   3415004.1369408546       -5078616.3334340286     
        0  1885918   0.000E+00   0.000E+00
  OPTIMIZATION STUFF
     1885918  -1638968.9265386940        14228009118106.229     
   3397320.9998389659       -5036289.9263776597     
        0  1871707   0.000E+00   0.000E+00
  OPTIMIZATION STUFF
     1871707  -1641112.8985466210        14218490794767.434     
   3394884.2762296540       -5035997.1747762747     
        0  1855843   0.000E+00   0.000E+00
  OPTIMIZATION STUFF
     1855843  -1683181.9825276171        14579928501495.029     
   3427364.4269597931       -5110546.4094874104     
        0  1855290   0.000E+00   0.000E+00
  OPTIMIZATION STUFF
     1855290  -1649028.7232723725        14295650140949.021     
   3402404.2103741453       -5051432.9336465178     
        0  1844776   0.000E+00   0.000E+00
  OPTIMIZATION STUFF
     1844776  -1635726.7765842576        14151352928486.996     
   3387587.7613505851       -5023314.5379348425     
        0  1823252   0.000E+00   0.000E+00
  OPTIMIZATION STUFF
     1823252  -1616646.2452804113        14017531997772.795     
   3376978.9628295796       -4993625.2081099907     
        0  1813395   0.000E+00   0.000E+00
  OPTIMIZATION STUFF
     1813395  -1674248.0264917463        14521178507717.059     
   3423166.9625517172       -5097414.9890434630     
        0  1908605   0.000E+00   0.000E+00
  OPTIMIZATION STUFF
     1908605  -1639130.4120024838        14209755685435.529     
   3394555.5199295380       -5033685.9319320219     
        0  1882182   0.000E+00   0.000E+00
  OPTIMIZATION STUFF
     1882182  -1641640.3939682776        14228645263849.186     
   3396124.5679069050       -5037764.9618751826     
        0  1962118   0.000E+00   0.000E+00
  OPTIMIZATION STUFF
     1962118  -1660055.3585462242        14369305898013.713     
   3407861.8083155425       -5067917.1668617669     
        0  1949181   0.000E+00   0.000E+00
  OPTIMIZATION STUFF
     1949181  -1660844.7342755753        14404705104348.812     
   3412667.5596925505       -5073512.2939681262     
        0  1871320   0.000E+00   0.000E+00
  OPTIMIZATION STUFF
     1871320  -1666263.3862727918        14425727828485.111     
   3413106.2327521890       -5079369.6190249808     
        0  1876561   0.000E+00   0.000E+00
  OPTIMIZATION STUFF
     1876561  -1650669.2295107916        14303333731225.016     
   3402737.8426748165       -5053407.0721856076     
        0  1850279   0.000E+00   0.000E+00
  OPTIMIZATION STUFF
     1850279  -1638411.2882435571        14182756222170.939     
   3390923.8671381325       -5029335.1553816898     
        0  1844199   0.000E+00   0.000E+00
  OPTIMIZATION STUFF
     1844199  -1638492.3752805421        14202946102889.324     
   3393860.4625171102       -5032352.8377976520     
        0  1856946   0.000E+00   0.000E+00
  OPTIMIZATION STUFF
     1856946  -1671409.4001656487        14478655545180.920     
   3418339.6791745005       -5089749.0793401487     
        0  1819100   0.000E+00   0.000E+00
  OPTIMIZATION STUFF
     1819100  -1620775.6582925625        14041537298665.836     
   3378553.4721463486       -4999329.1304389108     
        0  1723191   0.000E+00   0.000E+00
  OPTIMIZATION STUFF
     1723191  -1669260.6913569074        14476792473964.871     
   3419117.0231882283       -5088377.7145451354     
        0  1848797   0.000E+00   0.000E+00
  OPTIMIZATION STUFF
     1848797  -1641235.6251118970        14242015348359.965     
   3398287.9470732794       -5039523.5721851764     
        0  1912646   0.000E+00   0.000E+00
  OPTIMIZATION STUFF
     1912646  -1648621.0725874002        14280350754923.062     
   3400352.8219794827       -5048973.8945668824     
        0  1845060   0.000E+00   0.000E+00
  OPTIMIZATION STUFF
     1845060  -1677960.8793209980        14535635020000.033     
   3423460.5748377382       -5101421.4541587364     
        0  1680231   0.000E+00   0.000E+00
  OPTIMIZATION STUFF
     1680231  -1640974.3660246718        14229059575740.066     
   3396507.4276070693       -5037481.7936317408     
        0  1790587   0.000E+00   0.000E+00
  OPTIMIZATION STUFF
     1790587  -1634810.5397838813        14165103817911.541     
   3390058.7482996630       -5024869.2880835440     
        0  1859461   0.000E+00   0.000E+00
  OPTIMIZATION STUFF
     1859461  -1624924.9110360479        14071424864518.135     
   3380982.6823000181       -5005907.5933360662     
        0  1855779   0.000E+00   0.000E+00
  OPTIMIZATION STUFF
     1855779  -1653883.8945801200        14349996686028.773     
   3408029.4525249144       -5061913.3471050346     
        0  1841307   0.000E+00   0.000E+00
  OPTIMIZATION STUFF
     1841307  -1655191.1223929527        14362633987706.303     
   3409248.6468513645       -5064439.7692443170     
        0  1857143   0.000E+00   0.000E+00
  OPTIMIZATION STUFF
     1857143  -1659940.2953892082        14382718912868.238     
   3409885.2075416595       -5069825.5029308675     
        0  1919308   0.000E+00   0.000E+00
  OPTIMIZATION STUFF
     1919308  -1655286.6970804061        14342542468431.375     
   3406254.3091936070       -5061541.0062740128     
        0  1713004   0.000E+00   0.000E+00
  OPTIMIZATION STUFF
     1713004  -1653956.4414327114        14337838090281.176     
   3406209.9436359494       -5060166.3850686606     
        0  1735913   0.000E+00   0.000E+00
  OPTIMIZATION STUFF
     1735913  -1655442.1218114044        14337735963728.227     
   3405473.1455497900       -5060915.2673611939     
        0  1903066   0.000E+00   0.000E+00
  OPTIMIZATION STUFF
     1903066  -1663298.8556361159        14422791563718.936     
   3414121.9194045374       -5077420.7750406535     
        0  1904794   0.000E+00   0.000E+00
  OPTIMIZATION STUFF
     1904794  -1671533.2471647856        14479628637007.223     
   3418421.4545064466       -5089954.7016712325     
        0  1920133   0.000E+00   0.000E+00
  OPTIMIZATION STUFF
     1920133  -1623086.7861757495        14048196010380.666     
   3378429.4124522335       -5001516.1986279832     
        0  1870591   0.000E+00   0.000E+00
  OPTIMIZATION STUFF
     1870591  -1653776.5337265069        14312696495385.787     
   3402604.8362807762       -5056381.3700072831     
        0  1824982   0.000E+00   0.000E+00
  OPTIMIZATION STUFF
     1824982  -1629725.1150970259        14118315413523.531     
   3385603.5595954699       -5015328.6746924957     
        0  1870360   0.000E+00   0.000E+00
  OPTIMIZATION STUFF
     1870360  -1641490.4082636500        14234159733955.662     
   3397008.8274148032       -5038499.2356784530     
        0  1779491   0.000E+00   0.000E+00
  OPTIMIZATION STUFF
     1779491  -1661530.4601147184        14421731691816.928     
   3414827.7001816505       -5076358.1602963693     
        0  1899005   0.000E+00   0.000E+00
  OPTIMIZATION STUFF
     1899005  -1650746.8384759389        14306299219854.982     
   3403135.9207526045       -5053882.7592285434     
        0  1784153   0.000E+00   0.000E+00
  OPTIMIZATION STUFF
     1784153  -1616691.7859623029        13705002457750.881     
   3330361.8612626619       -4947053.6472249646     
        0  1844727   0.000E+00   0.000E+00
  OPTIMIZATION STUFF
     1844727  -1284269.4339053966        8499400859863.2412     
   2617260.5680366550       -3901530.0019420516     
        0  1894792   0.000E+00   0.000E+00
  OPTIMIZATION STUFF
     1894792  -1295505.2586246936        8562230841176.0469     
   2623718.1567485128       -3919223.4153732061     
        0  1888243   0.000E+00   0.000E+00
  OPTIMIZATION STUFF
     1888243  -1264281.1333075247        8354160984583.5176     
   2599183.3718585842       -3863464.5051661087     
        0  1944853   0.000E+00   0.000E+00
  OPTIMIZATION STUFF
     1944853  -1267851.8633541972        8379379187020.1807     
   2602293.3807719434       -3870145.2441261406     
        0  1967023   0.000E+00   0.000E+00
  OPTIMIZATION STUFF
     1967023  -1277220.9577620600        8438940215754.5684     
   2609146.7649037940       -3886367.7226658538     
        0  2003545   0.000E+00   0.000E+00
  OPTIMIZATION STUFF
     2003545  -1275671.6220499168        8437924653559.1133     
   2609710.0540588121       -3885381.6761087291     
        0  2003517   0.000E+00   0.000E+00
  OPTIMIZATION STUFF
     2003517  -1278850.6411475423        8449296661827.7705     
   2610332.8713909825       -3889183.5125385248     
        0  1952767   0.000E+00   0.000E+00
  OPTIMIZATION STUFF
     1952767  -1281668.0126200414        8465636453306.7188     
   2612080.3124585035       -3893748.3250785451     
        0  1762613   0.000E+00   0.000E+00
  OPTIMIZATION STUFF
     1762613  -1273397.7906664710        8424959279212.6748     
   2608336.1259504929       -3881733.9166169642     
        0  1743209   0.000E+00   0.000E+00
  OPTIMIZATION STUFF
     1743209  -1273191.2811372592        8425848679080.0762     
   2608607.4140652404       -3881798.6952024996     
        0  1711297   0.000E+00   0.000E+00
  OPTIMIZATION STUFF
     1711297  -1290196.8506927788        8507191329155.9902     
   2615833.2163229417       -3906030.0670157205     
        0  1718266   0.000E+00   0.000E+00
  OPTIMIZATION STUFF
     1718266  -1262331.9090292191        8335643608155.1016     
   2596567.3031142000       -3858899.2121434193     
        0  1752720   0.000E+00   0.000E+00
  OPTIMIZATION STUFF
     1752720  -1282003.6856999409        8468632040491.9766     
   2612488.9646357829       -3894492.6503357235     
        0  1748434   0.000E+00   0.000E+00
  OPTIMIZATION STUFF
     1748434  -1264572.4688492676        8374857586852.3271     
   2603020.1800755975       -3867592.6489248648     
        0  1707203   0.000E+00   0.000E+00
  OPTIMIZATION STUFF
     1707203  -1274995.4164794697        8413998803897.4648     
   2605453.0300609544       -3880448.4465404241     
        0  1689238   0.000E+00   0.000E+00
  OPTIMIZATION STUFF
     1689238  -1288047.9245671718        8519170626051.4756     
   2619179.8659255300       -3907227.7904927018     
        0  1656541   0.000E+00   0.000E+00
  OPTIMIZATION STUFF
     1656541  -1278783.0183496817        8444965895808.8848     
   2609536.3357863715       -3888319.3541360535     
        0  1746874   0.000E+00   0.000E+00
  OPTIMIZATION STUFF
     1746874  -1276799.5860033410        8418252260901.6816     
   2605385.7829663879       -3882185.3689697292     
        0  1746907   0.000E+00   0.000E+00
  OPTIMIZATION STUFF
     1746907  -1297379.0247563268        8556955378856.3467     
   2621786.2317471020       -3919165.2565034288     
        0  1737049   0.000E+00   0.000E+00
  OPTIMIZATION STUFF
     1737049  -1265514.6746004289        8364175391719.1943     
   2600509.1809278745       -3866023.8555283034     
        0  1713306   0.000E+00   0.000E+00
  OPTIMIZATION STUFF
     1713306  -1264555.7769598661        8336239118995.3633     
   2595599.7006381382       -3860155.4775980040     
        0  1676772   0.000E+00   0.000E+00
  OPTIMIZATION STUFF
     1676772  -1251254.1955614719        8276821177839.9863     
   2590595.3207573351       -3841849.5163188069     
        0  1719158   0.000E+00   0.000E+00
  OPTIMIZATION STUFF
     1719158  -1279581.3415637193        8458747392625.1641     
   2611784.6356365518       -3891365.9772002711     
        0  1717372   0.000E+00   0.000E+00
  OPTIMIZATION STUFF
     1717372  -1271980.6774536909        8414558406687.8076     
   2607033.4794306452       -3879014.1568843359     
        0  1649927   0.000E+00   0.000E+00
  OPTIMIZATION STUFF
     1649927  -1270829.8609574849        8398760217882.1299     
   2604563.6260957248       -3875393.4870532099     
        0  1710787   0.000E+00   0.000E+00
  OPTIMIZATION STUFF
     1710787  -1305502.6721619936        8618999033784.6943     
   2629574.4535499634       -3935077.1257119570     
        0  1764248   0.000E+00   0.000E+00
  OPTIMIZATION STUFF
     1764248  -1273805.0432818972        8411597462494.6426     
   2605574.4422687767       -3879379.4855506737     
        0  1731427   0.000E+00   0.000E+00
  OPTIMIZATION STUFF
     1731427  -1278959.2053260116        8456327786277.0518     
   2611626.1480902866       -3890585.3534162985     
        0  1713804   0.000E+00   0.000E+00
  OPTIMIZATION STUFF
     1713804  -1275395.5528170085        8417619517756.9902     
   2605951.9760754588       -3881347.5288924673     
        0  1640139   0.000E+00   0.000E+00
  OPTIMIZATION STUFF
     1640139  -1270751.7472604457        8407724436775.7432     
   2606322.0126473759       -3877073.7599078217     
        0  1649879   0.000E+00   0.000E+00
  OPTIMIZATION STUFF
     1649879  -1273737.3467993715        8402982430838.4121     
   2603953.8402604051       -3877691.1870597769     
        0  1902604   0.000E+00   0.000E+00
  OPTIMIZATION STUFF
     1902604  -1274730.3169761025        8421974041898.8389     
   2607112.7058262830       -3881843.0228023855     
        0  1738546   0.000E+00   0.000E+00
  OPTIMIZATION STUFF
     1738546  -1284215.6606727694        8489048319694.1367     
   2615308.4821062582       -3899524.1427790276     
        0  1777542   0.000E+00   0.000E+00
  OPTIMIZATION STUFF
     1777542  -1254222.9663209086        8291143612927.9727     
   2591923.6801420590       -3846146.6464629676     
        0  1796783   0.000E+00   0.000E+00
  OPTIMIZATION STUFF
     1796783  -1292411.4932075830        8546508676903.0264     
   2622247.3584938496       -3914658.8517014328     
        0  1780049   0.000E+00   0.000E+00
  OPTIMIZATION STUFF
     1780049  -1280509.4129431271        8474798025229.2021     
   2614401.2065085284       -3894910.6194516555     
        0  1737809   0.000E+00   0.000E+00
  OPTIMIZATION STUFF
     1737809  -1270326.8886281522        8388536225793.9189     
   2602845.7161004064       -3873172.6047285586     
        0  1665020   0.000E+00   0.000E+00
  OPTIMIZATION STUFF
     1665020  -1285036.2157811921        8483883977375.4551     
   2613917.7304395423       -3898953.9462207342     
        0  1603166   0.000E+00   0.000E+00
  OPTIMIZATION STUFF
     1603166  -1280453.4901563532        8440851883091.5254     
   2607928.4389411337       -3888381.9290974867     
        0  1639390   0.000E+00   0.000E+00
  OPTIMIZATION STUFF
     1639390  -1272462.9282843010        8386196390126.2197     
   2601352.4340750836       -3873815.3623593845     
        0  1581453   0.000E+00   0.000E+00
  OPTIMIZATION STUFF
     1581453  -1276968.3955198163        8426298947871.1729     
   2606846.8817164386       -3883815.2772362549     
        0  1628925   0.000E+00   0.000E+00
  OPTIMIZATION STUFF
     1628925  -1266794.6651933026        8370163604836.7637     
   2601037.2702202005       -3867831.9354135031     
        0  1714983   0.000E+00   0.000E+00
  OPTIMIZATION STUFF
     1714983  -1288455.6290062354        8520660991980.8311     
   2619263.8439193135       -3907719.4729255489     
        0  1633285   0.000E+00   0.000E+00
  OPTIMIZATION STUFF
     1633285  -1270983.9372797769        8384743936305.4111     
   2601796.2578730499       -3872780.1951528266     
        0  1652331   0.000E+00   0.000E+00
  OPTIMIZATION STUFF
     1652331  -1265418.9747695832        8344775048104.0723     
   2596823.0333230584       -3862242.0080926418     
        0  1597104   0.000E+00   0.000E+00
  OPTIMIZATION STUFF
     1597104  -1282101.8543563853        8462849006707.5088     
   2611333.7285309639       -3893435.5828873492     
        0  1837985   0.000E+00   0.000E+00
  OPTIMIZATION STUFF
     1837985  -1271584.0988909053        8383532645811.6006     
   2601270.1753680655       -3872854.2742589707     
        0  1784918   0.000E+00   0.000E+00
  OPTIMIZATION STUFF
     1784918  -1254739.9936579722        8277644127074.9990     
   2589067.7232143218       -3843807.7168722940     
        0  1786398   0.000E+00   0.000E+00
  OPTIMIZATION STUFF
     1786398  -1273818.6003343044        8395221837469.1074     
   2602423.4880033382       -3876242.0883376426     
        0  1812260   0.000E+00   0.000E+00
  OPTIMIZATION STUFF
     1812260  -1284480.4277531924        8472734182739.7500     
   2612057.4674877897       -3896537.8952409821     
        0  1734059   0.000E+00   0.000E+00
  OPTIMIZATION STUFF
     1734059  -1259627.2675843211        8309837208544.0312     
   2592908.8598140292       -3852536.1273983503     
        0  1729517   0.000E+00   0.000E+00
  OPTIMIZATION STUFF
     1729517  -1280434.6531430455        8466228288019.6201     
   2612798.3823957923       -3893233.0355388378     
        0  1737098   0.000E+00   0.000E+00
  OPTIMIZATION STUFF
     1737098  -1265441.8461134606        8359572257875.2090     
   2599659.4376918231       -3865101.2838052837     
        0  1640746   0.000E+00   0.000E+00
  OPTIMIZATION STUFF
     1640746  -1259239.0900236845        8316056690071.6758     
   2594296.3601385248       -3853535.4501622096     
        0  1601403   0.000E+00   0.000E+00
  OPTIMIZATION STUFF
     1601403  -1304697.5058745365        8631319692799.9971     
   2632315.3517321516       -3937012.8576066880     
        0  1609963   0.000E+00   0.000E+00
  OPTIMIZATION STUFF
     1609963  -1275543.2888830367        8426102804852.3486     
   2607506.8788092956       -3883050.1676923325     
