  1.0000000e+000  1.0457173e+004  3.2337552e+001
  2.0000000e+000  1.3247435e+003  1.2132342e+001
  3.0000000e+000  1.5887012e+003  1.2604370e+001
  4.0000000e+000  1.8617728e+003  1.4382756e+001
  5.0000000e+000  2.6966720e+003  1.6421547e+001
  6.0000000e+000  3.7379915e+003  1.9333886e+001
  7.0000000e+000  4.2967127e+003  2.0728513e+001
  8.0000000e+000  5.1005489e+003  2.3806043e+001
  9.0000000e+000  5.3006699e+003  2.4268567e+001
  1.0000000e+001  5.5380718e+003  2.3533109e+001
  1.1000000e+001  5.0719235e+003  2.2520931e+001
  1.2000000e+001  4.9591636e+003  2.3473777e+001
  1.3000000e+001  4.5946440e+003  2.1435121e+001
  1.4000000e+001  4.0828679e+003  2.0206107e+001
  1.5000000e+001  3.8533752e+003  1.9630016e+001
  1.6000000e+001  3.7281721e+003  1.9308475e+001
  1.7000000e+001  4.0050365e+003  2.0012588e+001
  1.8000000e+001  4.2180318e+003  2.0537847e+001
  1.9000000e+001  4.7370365e+003  2.1764734e+001
  2.0000000e+001  1.0941914e+004  3.3078567e+001
  2.1000000e+001  5.8027150e+003  2.4088825e+001
  2.2000000e+001  6.3595444e+003  2.5218137e+001
  2.3000000e+001  6.6323353e+003  2.5753322e+001
  2.4000000e+001  7.8688008e+003  2.9568754e+001
  2.5000000e+001  2.4762899e+004  4.9762337e+001
  2.6000000e+001  4.3850093e+004  6.6219400e+001
  2.7000000e+001  4.8297447e+004  6.9496363e+001
  2.8000000e+001  5.3523433e+004  7.4119221e+001
  2.9000000e+001  5.5722507e+004  7.6192562e+001
  3.0000000e+001  5.6916751e+004  8.2407261e+001
  3.1000000e+001  5.5814491e+004  8.7511412e+001
  3.2000000e+001  5.6341292e+004  8.2184570e+001
  3.3000000e+001  5.6236259e+004  7.8043699e+001
  3.4000000e+001  5.6611194e+004  7.9865611e+001
  3.5000000e+001  5.6617696e+004  7.7100040e+001
  3.6000000e+001  5.7076940e+004  7.7876107e+001
  3.7000000e+001  5.7136154e+004  7.4617513e+001
  3.8000000e+001  5.7776304e+004  7.5796261e+001
  3.9000000e+001  5.7593764e+004  8.2178499e+001
  4.0000000e+001  5.6050427e+004  7.8415320e+001
  4.1000000e+001  5.9149444e+004  7.6174426e+001
  4.2000000e+001  5.9424019e+004  7.7907206e+001
  4.3000000e+001  5.9583300e+004  8.2165635e+001
  4.4000000e+001  6.0318305e+004  7.7122322e+001
  4.5000000e+001  6.0865452e+004  7.7394049e+001
  4.6000000e+001  6.1270489e+004  7.7186786e+001
  4.7000000e+001  6.1577453e+004  7.8985298e+001
  4.8000000e+001  6.2174447e+004  7.9392781e+001
  4.9000000e+001  6.2977713e+004  8.5328329e+001
  5.0000000e+001  6.4163157e+004  7.9717050e+001
  5.1000000e+001  6.2929668e+004  8.3711851e+001
  5.2000000e+001  6.4261937e+004  8.6572418e+001
  5.3000000e+001  6.5647290e+004  7.9662176e+001
  5.4000000e+001  6.6966520e+004  8.2426858e+001
  5.5000000e+001  6.7676877e+004  8.7398861e+001
  5.6000000e+001  6.9416615e+004  8.3619884e+001
  5.7000000e+001  6.9699161e+004  8.4168945e+001
  5.8000000e+001  7.1038751e+004  8.5634396e+001
  5.9000000e+001  7.1198766e+004  8.6948579e+001
  6.0000000e+001  6.7593363e+004  8.9217919e+001
  6.1000000e+001  7.4609224e+004  8.7458550e+001
  6.2000000e+001  7.6112923e+004  8.8433641e+001
  6.3000000e+001  7.6799094e+004  9.1196645e+001
  6.4000000e+001  7.7599154e+004  8.6898622e+001
  6.5000000e+001  7.7658488e+004  8.7142393e+001
  6.6000000e+001  7.7696703e+004  8.6456822e+001
  6.7000000e+001  7.7747939e+004  8.7241375e+001
  6.8000000e+001  7.7383152e+004  8.7232589e+001
  6.9000000e+001  7.6949618e+004  8.7925229e+001
  7.0000000e+001  7.7019060e+004  8.3772711e+001
  7.1000000e+001  7.4492526e+004  8.6230706e+001
  7.2000000e+001  7.4341226e+004  8.6054750e+001
  7.3000000e+001  7.4000789e+004  8.5387762e+001
  7.4000000e+001  7.3987517e+004  8.6021871e+001
  7.5000000e+001  7.4293353e+004  8.9219270e+001
  7.6000000e+001  7.3470307e+004  8.5447447e+001
  7.7000000e+001  7.2011494e+004  8.8363822e+001
  7.8000000e+001  7.2422120e+004  8.8851556e+001
  7.9000000e+001  7.0888970e+004  9.0430777e+001
  8.0000000e+001  6.5569044e+004  8.6795264e+001
  8.1000000e+001  6.9833159e+004  8.2374337e+001
  8.2000000e+001  7.0102132e+004  8.3159191e+001
  8.3000000e+001  6.9579773e+004  8.2333909e+001
  8.4000000e+001  6.8604524e+004  8.1041953e+001
  8.5000000e+001  6.8129882e+004  8.5245495e+001
  8.6000000e+001  6.7882519e+004  8.0190955e+001
  8.7000000e+001  6.7655263e+004  8.1769195e+001
  8.8000000e+001  6.7355294e+004  8.4987156e+001
  8.9000000e+001  6.7400017e+004  8.0128052e+001
  9.0000000e+001  6.7842955e+004  7.8815361e+001
  9.1000000e+001  6.6276009e+004  8.1593363e+001
  9.2000000e+001  6.6745916e+004  8.1006774e+001
  9.3000000e+001  6.6576322e+004  8.4657152e+001
  9.4000000e+001  6.6951500e+004  8.1400452e+001
  9.5000000e+001  6.7421063e+004  8.0913803e+001
  9.6000000e+001  6.8040380e+004  8.6463597e+001
  9.7000000e+001  6.8100513e+004  8.1647968e+001
  9.8000000e+001  6.9561360e+004  8.6699581e+001
  9.9000000e+001  6.9601099e+004  8.3533765e+001
  1.0000000e+002  6.7079162e+004  8.3999142e+001
  1.0100000e+002  7.0390221e+004  8.6150415e+001
  1.0200000e+002  7.1020966e+004  8.5545910e+001
  1.0300000e+002  7.1561539e+004  8.9798987e+001
  1.0400000e+002  7.2206345e+004  8.3752445e+001
  1.0500000e+002  7.2337134e+004  8.8421736e+001
  1.0600000e+002  7.2200822e+004  8.3551593e+001
  1.0700000e+002  7.3077641e+004  8.5254522e+001
  1.0800000e+002  7.5004842e+004  8.4974032e+001
  1.0900000e+002  7.6488546e+004  8.7317434e+001
  1.1000000e+002  7.6790988e+004  8.5132629e+001
  1.1100000e+002  7.4187474e+004  8.7088325e+001
  1.1200000e+002  7.2233238e+004  8.9505613e+001
  1.1300000e+002  7.0911778e+004  8.2715739e+001
  1.1400000e+002  7.0713992e+004  8.9341625e+001
  1.1500000e+002  7.0193176e+004  8.3056496e+001
  1.1600000e+002  6.9710834e+004  8.7559373e+001
  1.1700000e+002  6.8796222e+004  8.1564664e+001
  1.1800000e+002  6.9008631e+004  8.7538898e+001
  1.1900000e+002  6.7833829e+004  8.4503396e+001
  1.2000000e+002  6.5487328e+004  8.7119820e+001
  1.2100000e+002  6.9755088e+004  8.0652733e+001
  1.2200000e+002  6.9392507e+004  8.3264626e+001
  1.2300000e+002  6.9200156e+004  8.5341479e+001
  1.2400000e+002  6.9171500e+004  8.0717180e+001
  1.2500000e+002  6.9189680e+004  8.1991987e+001
  1.2600000e+002  6.9071318e+004  9.1410198e+001
  1.2700000e+002  6.9353969e+004  8.6084981e+001
  1.2800000e+002  6.9278656e+004  8.1130732e+001
  1.2900000e+002  6.9585272e+004  8.8186540e+001
  1.3000000e+002  7.0130854e+004  8.0703674e+001
  1.3100000e+002  6.9101390e+004  8.7741742e+001
  1.3200000e+002  6.9862239e+004  8.2830117e+001
  1.3300000e+002  7.0107890e+004  8.6014551e+001
  1.3400000e+002  7.0901044e+004  8.3893219e+001
  1.3500000e+002  7.1101579e+004  8.3507146e+001
  1.3600000e+002  7.2049254e+004  8.5074192e+001
  1.3700000e+002  7.1938052e+004  8.3665157e+001
  1.3800000e+002  7.2683811e+004  8.8376729e+001
  1.3900000e+002  7.2565557e+004  8.5839997e+001
  1.4000000e+002  7.2216863e+004  8.3709440e+001
  1.4100000e+002  7.3058715e+004  8.6748370e+001
  1.4200000e+002  7.3517097e+004  9.0899257e+001
  1.4300000e+002  7.3626265e+004  9.0062819e+001
  1.4400000e+002  7.4170559e+004  8.9413848e+001
  1.4500000e+002  7.4792206e+004  8.5427690e+001
  1.4600000e+002  7.4888547e+004  8.5653440e+001
  1.4700000e+002  7.5564538e+004  8.6573509e+001
  1.4800000e+002  7.6356454e+004  8.5361520e+001
  1.4900000e+002  7.6788458e+004  8.6858790e+001
  1.5000000e+002  7.8146132e+004  8.5418852e+001
  1.5100000e+002  7.7187418e+004  9.2851484e+001
  1.5200000e+002  7.8595922e+004  8.7992183e+001
  1.5300000e+002  7.9173968e+004  8.6978027e+001
  1.5400000e+002  7.9845081e+004  9.3437536e+001
  1.5500000e+002  7.9014275e+004  8.7349185e+001
  1.5600000e+002  7.9855903e+004  9.4402827e+001
  1.5700000e+002  8.0285434e+004  9.2551337e+001
  1.5800000e+002  8.2326651e+004  8.9242448e+001
  1.5900000e+002  8.1706724e+004  9.2385401e+001
  1.6000000e+002  7.5760311e+004  9.9087917e+001
  1.6100000e+002  8.4722415e+004  9.4059042e+001
  1.6200000e+002  8.4513977e+004  9.0612656e+001
  1.6300000e+002  8.4757729e+004  9.0378095e+001
  1.6400000e+002  8.5159416e+004  9.0631357e+001
  1.6500000e+002  8.5543264e+004  9.0692644e+001
  1.6600000e+002  8.5779925e+004  9.0960594e+001
  1.6700000e+002  8.6254049e+004  9.1615781e+001
  1.6800000e+002  8.6448629e+004  9.5959361e+001
  1.6900000e+002  8.6890643e+004  9.3531806e+001
  1.7000000e+002  8.7613287e+004  9.0640836e+001
  1.7100000e+002  8.6054285e+004  9.2339411e+001
  1.7200000e+002  8.6581876e+004  9.2865455e+001
  1.7300000e+002  8.6681242e+004  9.1318346e+001
  1.7400000e+002  8.6314269e+004  9.3715864e+001
  1.7500000e+002  8.6078157e+004  9.3979978e+001
  1.7600000e+002  8.6371736e+004  9.2430474e+001
  1.7700000e+002  8.5760701e+004  9.0438404e+001
  1.7800000e+002  8.5422137e+004  9.2371832e+001
  1.7900000e+002  8.5131859e+004  9.4085049e+001
  1.8000000e+002  8.3697574e+004  9.3944330e+001
  1.8100000e+002  8.4628045e+004  9.5781394e+001
  1.8200000e+002  8.4557699e+004  9.1991025e+001
  1.8300000e+002  8.4050099e+004  9.0878727e+001
  1.8400000e+002  8.3497059e+004  8.9820588e+001
  1.8500000e+002  8.2400800e+004  8.9371163e+001
  1.8600000e+002  8.1230505e+004  8.8137138e+001
  1.8700000e+002  7.9185916e+004  9.2159125e+001
  1.8800000e+002  7.7958629e+004  9.1109917e+001
  1.8900000e+002  7.7157795e+004  8.7019561e+001
  1.9000000e+002  7.7210351e+004  8.9167499e+001
  1.9100000e+002  7.5613994e+004  8.6800593e+001
  1.9200000e+002  7.5610258e+004  8.6585143e+001
  1.9300000e+002  7.4733906e+004  8.9770792e+001
  1.9400000e+002  7.4338625e+004  8.6397944e+001
  1.9500000e+002  7.3715043e+004  8.5695782e+001
  1.9600000e+002  7.3334126e+004  8.9572551e+001
  1.9700000e+002  7.2271489e+004  8.4448675e+001
  1.9800000e+002  7.2491573e+004  8.4829874e+001
  1.9900000e+002  7.1718919e+004  8.4415011e+001
  2.0000000e+002  7.0663012e+004  8.2453421e+001
  2.0100000e+002  7.0863423e+004  8.6011156e+001
  2.0200000e+002  7.0915065e+004  8.5937445e+001
  2.0300000e+002  7.0700022e+004  8.3827225e+001
  2.0400000e+002  7.0416688e+004  8.2830259e+001
  2.0500000e+002  7.0279252e+004  8.3656143e+001
  2.0600000e+002  7.0242789e+004  8.3831805e+001
  2.0700000e+002  7.0031205e+004  8.4096022e+001
  2.0800000e+002  7.0075800e+004  8.6716172e+001
  2.0900000e+002  6.9700640e+004  8.8324238e+001
  2.1000000e+002  7.0173611e+004  8.2046863e+001
  2.1100000e+002  6.8325703e+004  8.5006635e+001
  2.1200000e+002  6.8976872e+004  8.8389235e+001
  2.1300000e+002  6.9426323e+004  8.6029534e+001
  2.1400000e+002  6.9375147e+004  8.7577184e+001
  2.1500000e+002  6.9243888e+004  8.7901519e+001
  2.1600000e+002  6.9298792e+004  8.4386986e+001
  2.1700000e+002  6.8738612e+004  8.2415241e+001
  2.1800000e+002  6.9487581e+004  8.2805645e+001
  2.1900000e+002  6.9083989e+004  8.5131256e+001
  2.2000000e+002  6.7122847e+004  8.9103803e+001
  2.2100000e+002  7.0284072e+004  8.1643271e+001
  2.2200000e+002  7.0133521e+004  8.9329644e+001
  2.2300000e+002  7.0089520e+004  8.8658393e+001
  2.2400000e+002  7.0157268e+004  8.3590126e+001
  2.2500000e+002  7.0241527e+004  8.4070019e+001
  2.2600000e+002  7.0183494e+004  8.8915312e+001
  2.2700000e+002  7.0285807e+004  8.4117233e+001
  2.2800000e+002  7.0420717e+004  8.3049849e+001
  2.2900000e+002  7.0814320e+004  8.9027059e+001
  2.3000000e+002  7.1181150e+004  8.2442446e+001
  2.3100000e+002  6.9611581e+004  8.5639033e+001
  2.3200000e+002  7.0315186e+004  8.9632452e+001
  2.3300000e+002  7.0457380e+004  8.8271458e+001
  2.3400000e+002  7.0994485e+004  8.4564661e+001
  2.3500000e+002  7.0580178e+004  8.4552566e+001
  2.3600000e+002  7.1093134e+004  8.4826479e+001
  2.3700000e+002  7.0296634e+004  8.7576606e+001
  2.3800000e+002  7.0905153e+004  8.9129922e+001
  2.3900000e+002  7.0705146e+004  8.4921409e+001
  2.4000000e+002  6.9014189e+004  8.7113631e+001
  2.4100000e+002  7.1224840e+004  8.2800959e+001
  2.4200000e+002  7.1718652e+004  8.4970855e+001
  2.4300000e+002  7.1820008e+004  8.3047796e+001
  2.4400000e+002  7.2072898e+004  8.9412194e+001
  2.4500000e+002  7.2410238e+004  8.5167630e+001
  2.4600000e+002  7.2916412e+004  8.4006657e+001
  2.4700000e+002  7.2953853e+004  8.5378155e+001
  2.4800000e+002  7.3019935e+004  8.4541857e+001
  2.4900000e+002  7.3322307e+004  8.6505540e+001
  2.5000000e+002  7.4146990e+004  8.4310548e+001
  2.5100000e+002  7.2589252e+004  8.6693944e+001
  2.5200000e+002  7.3482840e+004  8.6365070e+001
  2.5300000e+002  7.3879452e+004  9.0035960e+001
  2.5400000e+002  7.4143155e+004  8.6937108e+001
  2.5500000e+002  7.4259457e+004  8.6509416e+001
  2.5600000e+002  7.4616789e+004  8.7624129e+001
  2.5700000e+002  7.4354203e+004  8.6313574e+001
  2.5800000e+002  7.4931567e+004  8.7562748e+001
  2.5900000e+002  7.4391406e+004  8.9558961e+001
  2.6000000e+002  7.0772884e+004  8.9783882e+001
  2.6100000e+002  7.6467139e+004  8.7293909e+001
  2.6200000e+002  7.6425801e+004  8.7549563e+001
  2.6300000e+002  7.6124913e+004  8.8346216e+001
  2.6400000e+002  7.6552467e+004  8.8331785e+001
  2.6500000e+002  7.6622713e+004  8.8110533e+001
  2.6600000e+002  7.6796344e+004  9.3022185e+001
  2.6700000e+002  7.6687454e+004  8.7673651e+001
  2.6800000e+002  7.7156478e+004  9.0929296e+001
  2.6900000e+002  7.7193565e+004  8.8437901e+001
  2.7000000e+002  7.7694269e+004  8.6120943e+001
  2.7100000e+002  7.6240243e+004  8.8968831e+001
  2.7200000e+002  7.6566808e+004  9.4263659e+001
  2.7300000e+002  7.6994123e+004  8.7322327e+001
  2.7400000e+002  7.7244778e+004  8.8341213e+001
  2.7500000e+002  7.7081846e+004  9.3492033e+001
  2.7600000e+002  7.7484234e+004  8.9375236e+001
  2.7700000e+002  7.6851767e+004  8.7199086e+001
  2.7800000e+002  7.7305361e+004  8.9054922e+001
  2.7900000e+002  7.6961865e+004  9.0250063e+001
  2.8000000e+002  7.4695050e+004  9.4032763e+001
  2.8100000e+002  7.7560642e+004  8.7838158e+001
  2.8200000e+002  7.7236842e+004  8.8674147e+001
  2.8300000e+002  7.7253450e+004  9.2970963e+001
  2.8400000e+002  7.7179353e+004  9.2348919e+001
  2.8500000e+002  7.7172003e+004  8.8349738e+001
  2.8600000e+002  7.6946925e+004  8.8047299e+001
  2.8700000e+002  7.7075887e+004  9.2917167e+001
  2.8800000e+002  7.7225732e+004  8.7147795e+001
  2.8900000e+002  7.7401191e+004  8.9259454e+001
  2.9000000e+002  7.8057994e+004  8.7231964e+001
  2.9100000e+002  7.6522594e+004  9.4145785e+001
  2.9200000e+002  7.7148302e+004  8.9066200e+001
  2.9300000e+002  7.7167663e+004  8.7987887e+001
  2.9400000e+002  7.7167219e+004  9.4254816e+001
  2.9500000e+002  7.6918064e+004  8.9528100e+001
  2.9600000e+002  7.7325174e+004  8.9094317e+001
  2.9700000e+002  7.6640548e+004  8.7652471e+001
  2.9800000e+002  7.6889171e+004  8.9373899e+001
  2.9900000e+002  7.6650422e+004  9.0901746e+001
  3.0000000e+002  7.5004602e+004  8.9065372e+001
  3.0100000e+002  7.6882756e+004  8.6918766e+001
  3.0200000e+002  7.6811962e+004  8.9294714e+001
  3.0300000e+002  7.6702719e+004  8.8572456e+001
  3.0400000e+002  7.6578501e+004  8.8347624e+001
  3.0500000e+002  7.6384506e+004  8.8756644e+001
  3.0600000e+002  7.6545938e+004  8.8272097e+001
  3.0700000e+002  7.6203804e+004  8.8261388e+001
  3.0800000e+002  7.6315287e+004  8.8684316e+001
  3.0900000e+002  7.6399907e+004  8.9443587e+001
  3.1000000e+002  7.6826811e+004  9.1395987e+001
  3.1100000e+002  7.5312457e+004  8.9547918e+001
  3.1200000e+002  7.5892371e+004  8.8050575e+001
  3.1300000e+002  7.5595230e+004  8.7002207e+001
  3.1400000e+002  7.5774262e+004  8.9064259e+001
  3.1500000e+002  7.5465271e+004  9.3059157e+001
  3.1600000e+002  7.5743996e+004  8.9275638e+001
  3.1700000e+002  7.4512527e+004  9.2278502e+001
  3.1800000e+002  7.4889608e+004  8.6943888e+001
  3.1900000e+002  7.4452017e+004  8.8673216e+001
  3.2000000e+002  7.1183713e+004  8.8523956e+001
  3.2100000e+002  7.4668311e+004  9.5753007e+001
  3.2200000e+002  7.4534370e+004  8.8636606e+001
  3.2300000e+002  7.4206143e+004  9.1871911e+001
  3.2400000e+002  7.4391199e+004  8.7244748e+001
  3.2500000e+002  7.4244917e+004  8.7342202e+001
  3.2600000e+002  7.3928140e+004  8.6926664e+001
  3.2700000e+002  7.3883791e+004  8.7591432e+001
  3.2800000e+002  7.3862598e+004  8.7251648e+001
  3.2900000e+002  7.3681933e+004  8.8761710e+001
  3.3000000e+002  7.4314775e+004  8.6011549e+001
  3.3100000e+002  7.2684211e+004  8.8342711e+001
  3.3200000e+002  7.3263735e+004  9.2574071e+001
  3.3300000e+002  7.3048637e+004  8.6506426e+001
  3.3400000e+002  7.2841331e+004  9.3013055e+001
  3.3500000e+002  7.2656138e+004  8.7419703e+001
  3.3600000e+002  7.2930782e+004  8.7608871e+001
  3.3700000e+002  7.1804708e+004  8.6746475e+001
  3.3800000e+002  7.2431903e+004  8.6829784e+001
  3.3900000e+002  7.1813976e+004  8.7037045e+001
  3.4000000e+002  6.9213018e+004  8.5003888e+001
  3.4100000e+002  7.2333415e+004  8.4648014e+001
  3.4200000e+002  7.1993674e+004  9.1184404e+001
  3.4300000e+002  7.1832262e+004  8.5185056e+001
  3.4400000e+002  7.1684077e+004  8.8963995e+001
  3.4500000e+002  7.1590475e+004  8.3655654e+001
  3.4600000e+002  7.1607712e+004  8.2762071e+001
  3.4700000e+002  7.1672858e+004  8.4437328e+001
  3.4800000e+002  7.1428427e+004  8.8717018e+001
  3.4900000e+002  7.1545015e+004  8.8725266e+001
  3.5000000e+002  7.2105772e+004  8.2609206e+001
  3.5100000e+002  7.0624309e+004  8.5424007e+001
  3.5200000e+002  7.0895316e+004  8.4229814e+001
  3.5300000e+002  7.0946933e+004  8.3151252e+001
  3.5400000e+002  7.0949840e+004  8.4705621e+001
  3.5500000e+002  7.1035155e+004  8.9074109e+001
  3.5600000e+002  7.1143083e+004  8.4157932e+001
  3.5700000e+002  7.1036417e+004  8.2511542e+001
  3.5800000e+002  7.1351057e+004  8.8222126e+001
  3.5900000e+002  7.1580363e+004  8.9291600e+001
  3.6000000e+002  7.2598437e+004  8.3560469e+001
  3.6100000e+002  7.1557149e+004  8.3048872e+001
  3.6200000e+002  7.1011639e+004  8.9085203e+001
  3.6300000e+002  7.1012204e+004  8.3820987e+001
  3.6400000e+002  7.1071977e+004  8.7472915e+001
  3.6500000e+002  7.0933786e+004  8.3217097e+001
  3.6600000e+002  7.1102955e+004  8.3306797e+001
  3.6700000e+002  7.1073927e+004  8.3714530e+001
  3.6800000e+002  7.1064769e+004  8.2617445e+001
  3.6900000e+002  7.1164271e+004  8.8588584e+001
  3.7000000e+002  7.1653356e+004  8.2119568e+001
  3.7100000e+002  7.0236289e+004  8.5401191e+001
  3.7200000e+002  7.0948376e+004  8.5167947e+001
  3.7300000e+002  7.1070705e+004  8.6779896e+001
  3.7400000e+002  7.1193248e+004  8.9084261e+001
  3.7500000e+002  7.1312244e+004  8.9195755e+001
  3.7600000e+002  7.1425926e+004  8.4209952e+001
  3.7700000e+002  7.0786929e+004  8.7830697e+001
  3.7800000e+002  7.1379763e+004  8.3734510e+001
  3.7900000e+002  7.1097323e+004  8.5030527e+001
  3.8000000e+002  6.9444591e+004  8.5073643e+001
  3.8100000e+002  7.1936827e+004  8.3842696e+001
  3.8200000e+002  7.1605733e+004  9.2340098e+001
  3.8300000e+002  7.1117864e+004  8.4912181e+001
  3.8400000e+002  7.1306389e+004  8.8116257e+001
  3.8500000e+002  7.1384110e+004  8.4122424e+001
  3.8600000e+002  7.1704068e+004  8.8579700e+001
  3.8700000e+002  7.1612329e+004  8.8656663e+001
  3.8800000e+002  7.1594622e+004  8.7401835e+001
  3.8900000e+002  7.1805767e+004  8.5110428e+001
  3.9000000e+002  7.2535663e+004  8.3040870e+001
  3.9100000e+002  7.0929764e+004  8.4961679e+001
  3.9200000e+002  7.1629076e+004  8.4269187e+001
  3.9300000e+002  7.1614092e+004  8.4012870e+001
  3.9400000e+002  7.1751314e+004  8.5787547e+001
  3.9500000e+002  7.1830371e+004  8.4148469e+001
  3.9600000e+002  7.2202878e+004  8.8849557e+001
  3.9700000e+002  7.2030221e+004  8.3929757e+001
  3.9800000e+002  7.2614561e+004  8.4412394e+001
  3.9900000e+002  7.2875199e+004  9.0641936e+001
  4.0000000e+002  7.2655797e+004  8.4345610e+001
  4.0100000e+002  7.2516234e+004  8.8945573e+001
  4.0200000e+002  7.2601534e+004  8.5037223e+001
  4.0300000e+002  7.2520002e+004  8.4793324e+001
  4.0400000e+002  7.2498407e+004  8.4655021e+001
  4.0500000e+002  7.2855794e+004  8.4601112e+001
  4.0600000e+002  7.2734716e+004  8.3241305e+001
  4.0700000e+002  7.3112415e+004  8.4910912e+001
  4.0800000e+002  7.3015732e+004  8.5258306e+001
  4.0900000e+002  7.3016131e+004  8.6090571e+001
  4.1000000e+002  7.3950093e+004  8.4983218e+001
  4.1100000e+002  7.2311766e+004  9.2799440e+001
  4.1200000e+002  7.2990063e+004  8.5606443e+001
  4.1300000e+002  7.3056976e+004  8.4728742e+001
  4.1400000e+002  7.3261779e+004  9.0871017e+001
  4.1500000e+002  7.3353770e+004  8.5448079e+001
  4.1600000e+002  7.3313422e+004  9.1001479e+001
  4.1700000e+002  7.3101149e+004  8.5242759e+001
  4.1800000e+002  7.3504105e+004  9.0937250e+001
  4.1900000e+002  7.3788030e+004  8.8912584e+001
  4.2000000e+002  7.2285883e+004  8.8318813e+001
  4.2100000e+002  7.3778647e+004  8.5713665e+001
  4.2200000e+002  7.3870965e+004  8.6523687e+001
  4.2300000e+002  7.3840538e+004  8.9376033e+001
  4.2400000e+002  7.3693925e+004  8.4912720e+001
  4.2500000e+002  7.3638589e+004  9.1182607e+001
  4.2600000e+002  7.3898833e+004  8.5206309e+001
  4.2700000e+002  7.3866836e+004  8.9939950e+001
  4.2800000e+002  7.3915925e+004  8.4646977e+001
  4.2900000e+002  7.3865330e+004  8.6219924e+001
  4.3000000e+002  7.4460554e+004  8.4482033e+001
  4.3100000e+002  7.2969167e+004  8.7247218e+001
  4.3200000e+002  7.3273429e+004  8.6502824e+001
  4.3300000e+002  7.3496202e+004  8.4776423e+001
  4.3400000e+002  7.3666086e+004  8.6486827e+001
  4.3500000e+002  7.3765690e+004  8.5973861e+001
  4.3600000e+002  7.3846498e+004  9.0837846e+001
  4.3700000e+002  7.3542342e+004  8.6264825e+001
  4.3800000e+002  7.4113907e+004  9.0656122e+001
  4.3900000e+002  7.3981931e+004  8.6603478e+001
  4.4000000e+002  7.3463707e+004  9.2150225e+001
  4.4100000e+002  7.3994925e+004  8.4906876e+001
  4.4200000e+002  7.3771700e+004  8.6001942e+001
  4.4300000e+002  7.3541117e+004  8.6776245e+001
  4.4400000e+002  7.3531487e+004  9.1816660e+001
  4.4500000e+002  7.3582919e+004  8.6447580e+001
  4.4600000e+002  7.3888876e+004  9.0567574e+001
  4.4700000e+002  7.3591132e+004  8.6130418e+001
  4.4800000e+002  7.3582448e+004  9.0594324e+001
  4.4900000e+002  7.3663302e+004  8.6937474e+001
  4.5000000e+002  7.4088071e+004  8.4305944e+001
  4.5100000e+002  7.2693644e+004  8.6708323e+001
  4.5200000e+002  7.2928503e+004  8.5974390e+001
  4.5300000e+002  7.3016418e+004  8.5209864e+001
  4.5400000e+002  7.3084359e+004  8.6413327e+001
  4.5500000e+002  7.2934058e+004  9.1082625e+001
  4.5600000e+002  7.2932436e+004  8.6043260e+001
  4.5700000e+002  7.2576332e+004  8.4945629e+001
  4.5800000e+002  7.3174223e+004  8.6092963e+001
  4.5900000e+002  7.2855717e+004  8.6492404e+001
  4.6000000e+002  7.1917375e+004  8.7582840e+001
  4.6100000e+002  7.3392482e+004  8.0481894e+001
  4.6200000e+002  7.2973848e+004  8.6378587e+001
  4.6300000e+002  7.2811576e+004  8.5797128e+001
  4.6400000e+002  7.2528903e+004  8.4131345e+001
  4.6500000e+002  7.2670325e+004  8.8962280e+001
  4.6600000e+002  7.2390265e+004  8.4408290e+001
  4.6700000e+002  7.2437276e+004  8.9707906e+001
  4.6800000e+002  7.2061436e+004  8.3676618e+001
  4.6900000e+002  7.2268843e+004  9.0025118e+001
  4.7000000e+002  7.2677266e+004  8.2853445e+001
  4.7100000e+002  7.1517820e+004  8.4648352e+001
  4.7200000e+002  7.1799791e+004  8.4952951e+001
  4.7300000e+002  7.1804221e+004  8.5136469e+001
  4.7400000e+002  7.1879017e+004  8.5280223e+001
  4.7500000e+002  7.1798801e+004  8.5147684e+001
  4.7600000e+002  7.1749506e+004  8.4823603e+001
  4.7700000e+002  7.1234757e+004  8.2537660e+001
  4.7800000e+002  7.1722584e+004  8.4233492e+001
  4.7900000e+002  7.1570512e+004  8.5121919e+001
  4.8000000e+002  7.0637992e+004  8.6826130e+001
  4.8100000e+002  7.1587519e+004  8.7705747e+001
  4.8200000e+002  7.1553275e+004  8.4110975e+001
  4.8300000e+002  7.1385034e+004  8.3457297e+001
  4.8400000e+002  7.1275914e+004  8.3859701e+001
  4.8500000e+002  7.0948204e+004  8.9352447e+001
  4.8600000e+002  7.1103146e+004  8.4413489e+001
  4.8700000e+002  7.1268245e+004  8.8287616e+001
  4.8800000e+002  7.0834831e+004  8.7344882e+001
  4.8900000e+002  7.0883612e+004  8.4114214e+001
  4.9000000e+002  7.1406018e+004  8.5844301e+001
  4.9100000e+002  7.0059764e+004  8.4117133e+001
  4.9200000e+002  7.0444181e+004  8.4389111e+001
  4.9300000e+002  7.0561483e+004  8.2410665e+001
  4.9400000e+002  7.0691216e+004  8.3759553e+001
  4.9500000e+002  7.0469862e+004  8.3037429e+001
  4.9600000e+002  7.0637876e+004  8.3658029e+001
  4.9700000e+002  7.0391262e+004  8.7205191e+001
  4.9800000e+002  7.0958651e+004  8.2617385e+001
  4.9900000e+002  7.0845727e+004  8.3876933e+001
  5.0000000e+002  7.1181978e+004  8.4441721e+001
  5.0100000e+002  7.0619298e+004  8.3849890e+001
  5.0200000e+002  7.0341735e+004  8.3920219e+001
  5.0300000e+002  7.0085188e+004  8.3506520e+001
  5.0400000e+002  7.0166097e+004  8.8416009e+001
  5.0500000e+002  7.0285391e+004  8.7553435e+001
  5.0600000e+002  7.0082270e+004  8.6088863e+001
  5.0700000e+002  7.0197920e+004  8.6626955e+001
  5.0800000e+002  7.0125345e+004  8.1391786e+001
  5.0900000e+002  7.0211270e+004  8.3365103e+001
  5.1000000e+002  7.0896470e+004  8.1591949e+001
  5.1100000e+002  6.9208406e+004  8.3579928e+001
  5.1200000e+002  6.9739701e+004  8.2258196e+001
  5.1300000e+002  6.9680449e+004  8.1868748e+001
  5.1400000e+002  7.0096401e+004  8.3782857e+001
  5.1500000e+002  6.9746085e+004  8.2388876e+001
  5.1600000e+002  7.0049688e+004  8.2600729e+001
  5.1700000e+002  6.9687214e+004  8.1425361e+001
  5.1800000e+002  7.0462414e+004  8.2035239e+001
  5.1900000e+002  7.0376900e+004  8.2942724e+001
  5.2000000e+002  6.9825205e+004  8.6308745e+001
  5.2100000e+002  7.0380543e+004  8.4128088e+001
  5.2200000e+002  6.9807047e+004  8.3393441e+001
  5.2300000e+002  6.9779667e+004  8.2464744e+001
  5.2400000e+002  6.9780479e+004  8.1757333e+001
  5.2500000e+002  6.9774042e+004  8.6795692e+001
  5.2600000e+002  6.9856306e+004  8.6718641e+001
  5.2700000e+002  6.9899903e+004  8.1933202e+001
  5.2800000e+002  6.9981753e+004  8.0974929e+001
  5.2900000e+002  6.9932955e+004  8.7871705e+001
  5.3000000e+002  7.0312609e+004  8.0409610e+001
  5.3100000e+002  6.9064426e+004  8.2491327e+001
  5.3200000e+002  6.9456211e+004  8.1997886e+001
  5.3300000e+002  6.9673841e+004  8.1597386e+001
  5.3400000e+002  6.9904438e+004  8.2470598e+001
  5.3500000e+002  6.9683375e+004  8.2507153e+001
  5.3600000e+002  6.9881843e+004  8.3180657e+001
  5.3700000e+002  6.9503060e+004  7.9817688e+001
  5.3800000e+002  6.9991018e+004  8.1364922e+001
  5.3900000e+002  6.9974794e+004  8.3173976e+001
  5.4000000e+002  6.9432591e+004  8.2258245e+001
  5.4100000e+002  7.0535454e+004  8.2010914e+001
  5.4200000e+002  6.9999172e+004  8.7745651e+001
  5.4300000e+002  6.9768432e+004  8.6653121e+001
  5.4400000e+002  6.9882157e+004  8.1306087e+001
  5.4500000e+002  6.9832951e+004  8.1826482e+001
  5.4600000e+002  6.9793427e+004  8.5965533e+001
  5.4700000e+002  7.0056744e+004  8.1708816e+001
  5.4800000e+002  6.9984165e+004  8.0782268e+001
  5.4900000e+002  6.9957308e+004  8.2179222e+001
  5.5000000e+002  7.0479283e+004  8.0191192e+001
  5.5100000e+002  6.8922264e+004  8.1996908e+001
  5.5200000e+002  6.9479486e+004  8.6427726e+001
  5.5300000e+002  6.9745214e+004  8.1148930e+001
  5.5400000e+002  6.9917830e+004  8.6841546e+001
  5.5500000e+002  6.9820262e+004  8.1802617e+001
  5.5600000e+002  7.0086192e+004  8.2401343e+001
  5.5700000e+002  6.9505009e+004  8.1183444e+001
  5.5800000e+002  7.0091583e+004  8.5791618e+001
  5.5900000e+002  6.9864288e+004  8.3185859e+001
  5.6000000e+002  6.7834812e+004  8.4505107e+001
  5.6100000e+002  7.0517312e+004  8.3711728e+001
  5.6200000e+002  7.0218256e+004  8.3326695e+001
  5.6300000e+002  7.0077806e+004  8.3238626e+001
  5.6400000e+002  6.9970884e+004  8.7183911e+001
  5.6500000e+002  7.0107143e+004  8.6623328e+001
  5.6600000e+002  7.0197537e+004  8.6237268e+001
  5.6700000e+002  7.0211635e+004  8.1827212e+001
  5.6800000e+002  7.0248055e+004  8.2063883e+001
  5.6900000e+002  7.0288945e+004  8.4301054e+001
  5.7000000e+002  7.0972081e+004  8.5893495e+001
  5.7100000e+002  6.9211657e+004  8.4341230e+001
  5.7200000e+002  6.9840871e+004  8.4136094e+001
  5.7300000e+002  7.0181706e+004  8.1947625e+001
  5.7400000e+002  7.0109155e+004  8.3440925e+001
  5.7500000e+002  7.0138978e+004  8.2853279e+001
  5.7600000e+002  7.0442163e+004  8.8469807e+001
  5.7700000e+002  6.9847513e+004  8.3217879e+001
  5.7800000e+002  7.0360897e+004  8.3310019e+001
  5.7900000e+002  6.9874679e+004  8.4916937e+001
  5.8000000e+002  6.5705383e+004  9.2544977e+001
  5.8100000e+002  7.0776763e+004  8.9566606e+001
  5.8200000e+002  7.0779297e+004  8.4725651e+001
  5.8300000e+002  7.0584907e+004  8.8738776e+001
  5.8400000e+002  7.0609663e+004  8.3559106e+001
  5.8500000e+002  7.0738226e+004  8.8071741e+001
  5.8600000e+002  7.0690809e+004  8.3807603e+001
  5.8700000e+002  7.0875348e+004  8.5094795e+001
  5.8800000e+002  7.0761241e+004  8.8008894e+001
  5.8900000e+002  7.0863936e+004  8.5808917e+001
  5.9000000e+002  7.1327732e+004  8.3259651e+001
  5.9100000e+002  7.0023323e+004  8.6435775e+001
  5.9200000e+002  7.0494115e+004  8.7080719e+001
  5.9300000e+002  7.0553273e+004  8.9354075e+001
  5.9400000e+002  7.0646391e+004  8.7863000e+001
  5.9500000e+002  7.0564182e+004  8.6956756e+001
  5.9600000e+002  7.0677226e+004  8.5854651e+001
  5.9700000e+002  7.0346332e+004  8.5283123e+001
  5.9800000e+002  7.0648704e+004  9.3351518e+001
  5.9900000e+002  7.0566255e+004  9.2760827e+001
  6.0000000e+002  6.8495723e+004  8.7642716e+001
  6.0100000e+002  7.1301738e+004  8.6277792e+001
  6.0200000e+002  7.0866488e+004  9.3136514e+001
  6.0300000e+002  7.0644939e+004  9.2692211e+001
  6.0400000e+002  7.0822279e+004  8.6566222e+001
  6.0500000e+002  7.0796605e+004  8.7255900e+001
  6.0600000e+002  7.0773494e+004  9.2380174e+001
  6.0700000e+002  7.0802920e+004  8.8907735e+001
  6.0800000e+002  7.0735812e+004  9.2122386e+001
  6.0900000e+002  7.0633639e+004  8.8048662e+001
  6.1000000e+002  7.1145648e+004  8.7168455e+001
  6.1100000e+002  6.9943607e+004  9.4039702e+001
  6.1200000e+002  7.0242043e+004  9.3225896e+001
  6.1300000e+002  7.0378454e+004  8.8112519e+001
  6.1400000e+002  7.0693508e+004  9.4636360e+001
  6.1500000e+002  7.0417767e+004  8.9705049e+001
  6.1600000e+002  7.0571841e+004  9.4739468e+001
  6.1700000e+002  7.0241256e+004  9.4089811e+001
  6.1800000e+002  6.9862619e+004  8.8419336e+001
  6.1900000e+002  6.9867161e+004  8.2650411e+001
  6.2000000e+002  6.9484317e+004  8.1228376e+001
  6.2100000e+002  7.0599719e+004  7.5122474e+001
  6.2200000e+002  7.0201973e+004  8.1908100e+001
  6.2300000e+002  6.9905339e+004  8.1123084e+001
  6.2400000e+002  7.0094414e+004  8.0683675e+001
  6.2500000e+002  6.9917851e+004  8.1624124e+001
  6.2600000e+002  6.9723856e+004  8.4998272e+001
  6.2700000e+002  6.9829461e+004  8.1305501e+001
  6.2800000e+002  6.9805730e+004  8.0624805e+001
  6.2900000e+002  6.9456327e+004  8.2030398e+001
  6.3000000e+002  6.9747767e+004  8.4370682e+001
  6.3100000e+002  6.8029421e+004  8.6430518e+001
  6.3200000e+002  6.8124452e+004  8.1523779e+001
  6.3300000e+002  6.8119383e+004  7.9371772e+001
  6.3400000e+002  6.8188107e+004  8.1466661e+001
  6.3500000e+002  6.7979501e+004  8.5535550e+001
  6.3600000e+002  6.8143973e+004  8.1364770e+001
  6.3700000e+002  6.7630643e+004  8.0024647e+001
  6.3800000e+002  6.8236987e+004  8.0305962e+001
  6.3900000e+002  6.8310628e+004  8.5497232e+001
  6.4000000e+002  6.8591417e+004  8.5936107e+001
