angle err_angle q err_q 
-2.6828563423556995 0.006069442095578832 -0.4030227060437141 0.0009173944608790958
-2.4828563423556993 0.006069442095578832 -0.37298329697651145 0.0009165999520190199
-2.2828563423556996 0.006069442095578832 -0.3429427517375016 0.0009158663166289085
-2.0828563423556994 0.006069442095578832 -0.3129011618353953 0.0009151937100497792
-1.8828563423556994 0.006069442095578832 -0.28285861878208535 0.0009145822751319562
-1.6828563423556995 0.006069442095578832 -0.25281521409236796 0.0009140321420935331
-1.4828563423556993 0.006069442095578832 -0.222771039283664 0.0009135434283907271
-1.2828563423556993 0.006069442095578832 -0.19272618587574045 0.0009131162386004351
-1.0828563423556994 0.006069442095578832 -0.1626807453904312 0.0009127506643152561
-0.8828563423556994 0.006069442095578832 -0.13263480935135868 0.0009124467840512353
-0.6828563423556995 0.006069442095578832 -0.10258846928365474 0.0009122046631685455
-0.4828563423556993 0.006069442095578832 -0.07254181671368196 0.0009120243538052917
-0.2828563423556991 0.006069442095578832 -0.042494943168754955 0.0009119058948246025
-0.08285634235569939 0.006069442095578832 -0.012447940176861436 0.0009118493117751248
0.11714365764430079 0.006069442095578832 0.0175991007336167 0.0009118546168650309
0.3171436576443005 0.006069442095578832 0.04764608803418181 0.0009119218089495848
0.5171436576443007 0.006069442095578832 0.07769293019649987 0.00091205087353231
0.7171436576443009 0.006069442095578832 0.10773953569267862 0.0009122417827797474
0.9171436576443006 0.006069442095578832 0.13778581299554693 0.0009124944955497744
1.1171436576443008 0.006069442095578832 0.16783167057893347 0.0009128089574334111
1.3171436576443005 0.006069442095578832 0.19787701691794526 0.0009131851008100202
1.5171436576443007 0.006069442095578832 0.22792176048924678 0.0009136228449157614
1.7171436576443009 0.006069442095578832 0.25796580977133865 0.0009141220959251443
1.917143657644301 0.006069442095578832 0.2880090732448364 0.0009146827470454808
2.1171436576443012 0.006069442095578832 0.318051459392749 0.0009153046786240175
2.3171436576443005 0.006069442095578832 0.34809287670075834 0.0009159877582674932
2.5171436576443007 0.006069442095578832 0.3781332336574974 0.0009167318409738443
2.717143657644301 0.006069442095578832 0.4081724387548293 0.0009175367692757506
2.917143657644301 0.006069442095578832 0.43821040048812554 0.0009184023733956905
3.1171436576443012 0.006069442095578832 0.46824702735654544 0.0009193284714121507
3.3171436576443005 0.006069442095578832 0.4982822278633143 0.0009203148694366135
3.5171436576443007 0.006069442095578832 0.5283159105160029 0.0009213613618009202
3.717143657644301 0.006069442095578832 0.558347983826805 0.000922467731254597
3.917143657644301 0.006069442095578832 0.5883783563128171 0.0009236337491717053
4.117143657644301 0.006069442095578832 0.6184069364963166 0.000924859175766765
4.3171436576443005 0.006069442095578832 0.6484336329050404 0.0009261437603192854
4.517143657644301 0.006069442095578832 0.6784583540724642 0.0009274872414064278
4.717143657644301 0.006069442095578832 0.7084810085380802 0.0009288893471433054
4.917143657644301 0.006069442095578832 0.7385015048476758 0.0009303497954304284
5.117143657644301 0.006069442095578832 0.7685197515536137 0.0009318682942077855
5.3171436576443005 0.006069442095578832 0.7985356572151081 0.0009334445417150517
5.517143657644302 0.006069442095578832 0.8285491303985049 0.0009350782267574087
5.717143657644301 0.006069442095578832 0.8585600796775593 0.000936769028976462
5.9171436576443 0.006069442095578832 0.8885684136337156 0.0009385166191257346
6.117143657644301 0.006069442095578832 0.9185740408563848 0.0009403206593502272
6.3171436576443005 0.006069442095578832 0.948576869943222 0.0009421808034695248
6.517143657644302 0.006069442095578832 0.978576809500407 0.0009440966972639492
6.717143657644301 0.006069442095578832 1.0085737681429205 0.0009460679787632484
6.917143657644302 0.006069442095578832 1.038567654494825 0.0009480942785373298
7.117143657644301 0.006069442095578832 1.0685583771895408 0.0009501752199885515
7.3171436576443005 0.006069442095578832 1.0985458448701255 0.000952310419645088
7.517143657644302 0.006069442095578832 1.1285299661895516 0.0009544994874549128
7.717143657644301 0.006069442095578832 1.1585106498109856 0.0009567420270799351
7.917143657644302 0.006069442095578832 1.1884878044080667 0.0009590376361898516
8.117143657644302 0.006069442095578832 1.2184613386651821 0.0009613859067552842
8.317143657644301 0.006069442095578832 1.2484311612777486 0.0009637864253397917
8.5171436576443 0.006069442095578832 1.278397180952489 0.0009662387733903528
8.7171436576443 0.006069442095578832 1.308359306407711 0.0009687425275259404
8.917143657644303 0.006069442095578832 1.3383174463735845 0.000971297259823821
9.117143657644302 0.006069442095578832 1.3682715095924187 0.0009739025381032256
9.317143657644301 0.006069442095578832 1.3982214048189423 0.0009765579262060643
9.5171436576443 0.006069442095578832 1.4281670408205815 0.0009792629842743674
9.7171436576443 0.006069442095578832 1.4581083263777348 0.000982017269024152
9.917143657644303 0.006069442095578832 1.4880451702840547 0.0009848203340154429
10.117143657644302 0.006069442095578832 1.5179774813467213 0.000987671729918176
10.317143657644301 0.006069442095578832 1.5479051683867255 0.00099057100477375
10.5171436576443 0.006069442095578832 1.5778281402391416 0.0009935177042519898
10.7171436576443 0.006069442095578832 1.607746305753409 0.000996511371903326
10.917143657644303 0.006069442095578832 1.6376595737936057 0.0009995515494059862
11.117143657644302 0.006069442095578832 1.667567853238731 0.001002637776808034
11.317143657644301 0.006069442095578832 1.6974710529829773 0.0010057695927640949
11.5171436576443 0.006069442095578832 1.727369081936013 0.0010089465347666315
11.7171436576443 0.006069442095578832 1.7572618490232566 0.001012168139371637
11.917143657644303 0.006069442095578832 1.7871492631861565 0.0010154339424186534
12.117143657644302 0.006069442095578832 1.8170312333824645 0.001018743479245002
12.317143657644301 0.006069442095578832 1.8469076685865176 0.0010220962848941676
12.5171436576443 0.006069442095578832 1.876778477789513 0.0010254918943182593
12.7171436576443 0.006069442095578832 1.906643569999786 0.0010289298425745065
12.917143657644303 0.006069442095578832 1.9365028542430853 0.0010324096650157462
13.117143657644302 0.006069442095578832 1.9663562395628538 0.001035930897474888
13.317143657644301 0.006069442095578832 1.996203635020502 0.0010394930764433374
13.5171436576443 0.006069442095578832 2.0260449496956867 0.001043095739243377
13.717143657644304 0.006069442095578832 2.0558800926865892 0.0010467384241945271
13.917143657644303 0.006069442095578832 2.0857089731101883 0.0010504206707738942
14.117143657644302 0.006069442095578832 2.1155315001025423 0.0010541420197705488
14.317143657644301 0.006069442095578832 2.145347582819062 0.0010579020134339685
14.5171436576443 0.006069442095578832 2.1751571304347888 0.0010617001956165968
14.717143657644304 0.006069442095578832 2.20496005214467 0.0010655361119105752
14.917143657644303 0.006069442095578832 2.234756257163838 0.001069409309778717
15.117143657644302 0.006069442095578832 2.2645456547278857 0.0010733193386797879
15.317143657644301 0.006069442095578832 2.29432815409314 0.0010772657501881791
15.5171436576443 0.006069442095578832 2.3241036645369446 0.0010812480981080533
15.717143657644304 0.006069442095578832 2.353872095357931 0.0010852659385820543
15.917143657644303 0.006069442095578832 2.3836333558762943 0.0010893188301946762
16.117143657644302 0.006069442095578832 2.4133873554340757 0.0010934063340703895
16.3171436576443 0.006069442095578832 2.443134003395431 0.0010975280139666284
16.517143657644304 0.006069442095578832 2.4728732091469134 0.0011016834363617462
16.717143657644304 0.006069442095578832 2.502604882097743 0.0011058721705380482
16.917143657644303 0.006069442095578832 2.5323289316800883 0.001110093788660013
17.117143657644302 0.006069442095578832 2.562045267349341 0.0011143478658478193
17.3171436576443 0.006069442095578832 2.5917537985843864 0.0011186339802462906
17.517143657644304 0.006069442095578832 2.621454434887888 0.0011229517130893836
17.717143657644304 0.006069442095578832 2.6511470857865556 0.0011273006487603294
17.917143657644303 0.006069442095578832 2.6808316608314255 0.0011316803748475542
18.117143657644302 0.006069442095578832 2.710508069598135 0.0011360904821964982
18.3171436576443 0.006069442095578832 2.740176221687195 0.0011405305649574533
18.517143657644304 0.006069442095578832 2.7698360267242714 0.0011450002206295409
18.717143657644304 0.006069442095578832 2.799487394360452 0.0011494990501009481
18.917143657644303 0.006069442095578832 2.8291302342725286 0.0011540266576855467
19.117143657644302 0.006069442095578832 2.8587644561632715 0.0011585826511560104
19.3171436576443 0.006069442095578832 2.8883899697617004 0.0011631666417735492
19.517143657644304 0.006069442095578832 2.918006684823364 0.0011677782443143799
19.717143657644304 0.006069442095578832 2.9476145111306113 0.0011724170770930483
19.917143657644303 0.006069442095578832 2.9772133584928686 0.0011770827619827166
20.117143657644302 0.006069442095578832 3.0068031367469135 0.0011817749244325288
20.3171436576443 0.006069442095578832 3.036383755757151 0.0011864931934821709
20.517143657644304 0.006069442095578832 3.0659551254158846 0.0011912372017737229
20.717143657644304 0.006069442095578832 3.0955171556435945 0.001196006585560929
20.917143657644303 0.006069442095578832 3.1250697563892094 0.0012008009847159712
21.117143657644302 0.006069442095578832 3.1546128376303817 0.001205620042733867
21.3171436576443 0.006069442095578832 3.1841463093737628 0.0012104634067345817
21.517143657644304 0.006069442095578832 3.2136700816552772 0.0012153307274629615
21.717143657644304 0.006069442095578832 3.243184064540393 0.001220221659286577
21.917143657644303 0.006069442095578832 3.2726881681244007 0.0012251358601915823
22.117143657644302 0.006069442095578832 3.302182302532684 0.0012300729917766695
22.3171436576443 0.006069442095578832 3.331666377920993 0.0012350327192452207
22.517143657644304 0.006069442095578832 3.361140304475723 0.0012400147113957377
22.717143657644304 0.006069442095578832 3.39060399241418 0.0012450186406106343
22.917143657644303 0.006069442095578832 3.420057351984862 0.0012500441828434809
23.117143657644302 0.006069442095578832 3.449500293467728 0.0012550910176047747
23.3171436576443 0.006069442095578832 3.478932727174473 0.0012601588279463167
23.517143657644304 0.006069442095578832 3.508354563448798 0.0012652473004442705
23.717143657644304 0.006069442095578832 3.5377657126666877 0.0012703561251809798
23.917143657644303 0.006069442095578832 3.56716608523668 0.0012754849957256084
24.117143657644302 0.006069442095578832 3.596555591600143 0.00128063360911368
24.3171436576443 0.006069442095578832 3.6259341422315434 0.0012858016658255755
24.517143657644304 0.006069442095578832 3.6553016476387197 0.0012909888697640601
24.717143657644304 0.006069442095578832 3.6846580183631588 0.0012961949282308974
24.917143657644303 0.006069442095578832 3.714003164980262 0.0013014195519026096
25.117143657644302 0.006069442095578832 3.743336998099626 0.0013066624548054482
25.3171436576443 0.006069442095578832 3.7726594283653068 0.0013119233542896176
25.517143657644304 0.006069442095578832 3.8019703664560986 0.0013172019710028231
25.717143657644304 0.006069442095578832 3.8312697230857964 0.0013224980288631745
25.917143657644303 0.006069442095578832 3.8605574090034827 0.0013278112550315158
26.117143657644302 0.006069442095578832 3.8898333349937855 0.0013331413798832066
26.3171436576443 0.006069442095578832 3.9190974118771567 0.0013384881369794207
26.517143657644304 0.006069442095578832 3.9483495505101445 0.0013438512630379925
26.717143657644304 0.006069442095578832 3.9775896617856588 0.0013492304979038565
26.917143657644303 0.006069442095578832 4.0068176566332525 0.0013546255845191255
27.117143657644302 0.006069442095578832 4.036033446019382 0.0013600362688928344
27.3171436576443 0.006069442095578832 4.065236940947689 0.001365462300070402
27.517143657644304 0.006069442095578832 4.094428052459262 0.0013709034301028265
27.717143657644304 0.006069442095578832 4.123606691632911 0.0013763594140156704
27.917143657644303 0.006069442095578832 4.152772769585443 0.0013818300097778473
28.117143657644302 0.006069442095578832 4.181926197471927 0.001387314978270251
28.3171436576443 0.006069442095578832 4.2110668864859635 0.0013928140832542568
28.517143657644304 0.006069442095578832 4.240194747859962 0.0013983270913401195
28.717143657644304 0.006069442095578832 4.269309692865403 0.0014038537719552916
28.917143657644303 0.006069442095578832 4.298411632813117 0.0014093938973126976
29.117143657644302 0.006069442095578832 4.327500479053548 0.0014149472423789734
29.3171436576443 0.006069442095578832 4.356576142977024 0.0014205135848427066
29.517143657644304 0.006069442095578832 4.3856385360140315 0.0014260927050826924
29.7171436576443 0.006069442095578832 4.414687569635479 0.0014316843861362245
29.917143657644303 0.006069442095578832 4.443723155352975 0.0014372884136674478
30.117143657644306 0.006069442095578832 4.47274520471909 0.00144290457593578
30.3171436576443 0.006069442095578832 4.5017536293276255 0.0014485326637644273
30.517143657644304 0.006069442095578832 4.530748340813893 0.0014541724705090116
30.7171436576443 0.006069442095578832 4.55972925085497 0.0014598237920263161
30.917143657644303 0.006069442095578832 4.588696271169979 0.0014654864266431715
31.117143657644306 0.006069442095578832 4.617649313520356 0.0014711601751254942
31.3171436576443 0.006069442095578832 4.646588289710106 0.001476844840647485
31.517143657644304 0.006069442095578832 4.6755131115860955 0.0014825402287610096
31.7171436576443 0.006069442095578832 4.704423691038297 0.0014882461473651595
31.917143657644303 0.006069442095578832 4.733319940000074 0.0014939624066760175
32.117143657644306 0.006069442095578832 4.762201770448439 0.0014996888191966223
32.3171436576443 0.006069442095578832 4.791069094404328 0.0015054251996871578
32.517143657644304 0.006069442095578832 4.819921823932867 0.001511171365135361
32.7171436576443 0.006069442095578832 4.848759871143635 0.0015169271347271638
32.9171436576443 0.006069442095578832 4.877583148190944 0.0015226923298175769
33.117143657644306 0.006069442095578832 4.90639156727409 0.001528466773901814
33.3171436576443 0.006069442095578832 4.9351850406376325 0.0015342502925866754
33.517143657644304 0.006069442095578832 4.9639634805716595 0.0015400427135621856
33.7171436576443 0.006069442095578832 4.99272679941205 0.0015458438665734912
33.9171436576443 0.006069442095578832 5.021474909540749 0.0015516535833930319
34.117143657644306 0.006069442095578832 5.050207723386025 0.0015574716977929792
34.3171436576443 0.006069442095578832 5.078925153422746 0.0015632980455179515
34.517143657644304 0.006069442095578832 5.10762711217264 0.0015691324642580068
34.7171436576443 0.006069442095578832 5.136313512204561 0.0015749747936219197
34.9171436576443 0.006069442095578832 5.164984266134761 0.001580824875110739
35.117143657644306 0.006069442095578832 5.1936392866271515 0.001586682552091635
35.3171436576443 0.006069442095578832 5.222278486393568 0.0015925476697720303
35.517143657644304 0.006069442095578832 5.250901778194046 0.001598420075174028
35.71714365764431 0.006069442095578832 5.279509074837072 0.0016042996171091214
35.9171436576443 0.006069442095578832 5.308100289179857 0.0016101861461532043
36.117143657644306 0.006069442095578832 5.336675334128608 0.0016160795146218684
36.3171436576443 0.006069442095578832 5.365234122638779 0.0016219795765459973
36.517143657644304 0.006069442095578832 5.39377656771535 0.0016278861876476518
36.71714365764431 0.006069442095578832 5.4223025824130815 0.0016337992053162493
36.9171436576443 0.006069442095578832 5.450812079836788 0.0016397184885850386
37.117143657644306 0.006069442095578832 5.479304973141593 0.0016456438981078618
37.3171436576443 0.006069442095578832 5.507781175533201 0.001651575296136216
37.517143657644304 0.006069442095578832 5.536240600268168 0.0016575125464966033
37.71714365764431 0.006069442095578832 5.564683160654143 0.001663455514568164
37.9171436576443 0.006069442095578832 5.59310877005016 0.001669404067260616
38.117143657644306 0.006069442095578832 5.62151734186688 0.0016753580729924626
38.3171436576443 0.006069442095578832 5.649908789566866 0.0016813174016695044
38.517143657644304 0.006069442095578832 5.678283026664847 0.001687281924663624
38.71714365764431 0.006069442095578832 5.706639966727975 0.0016932515147918624
38.9171436576443 0.006069442095578832 5.734979523376093 0.0016992260462957711
39.117143657644306 0.006069442095578832 5.763301610281995 0.0017052053948210485
39.3171436576443 0.006069442095578832 5.791606141171694 0.0017111894373974537
39.517143657644304 0.006069442095578832 5.819893029824679 0.0017171780524189938
39.71714365764431 0.006069442095578832 5.848162190074186 0.0017231711196243893
39.9171436576443 0.006069442095578832 5.876413535807443 0.0017291685200778039
40.117143657644306 0.006069442095578832 5.904646980965958 0.001735170136149854
40.3171436576443 0.006069442095578832 5.932862439545757 0.0017411758514988762
40.517143657644304 0.006069442095578832 5.961059825597659 0.0017471855510524617
40.71714365764431 0.006069442095578832 5.989239053227541 0.001753199120989259
40.9171436576443 0.006069442095578832 6.017400036596584 0.0017592164487210242
41.117143657644306 0.006069442095578832 6.045542689921551 0.0017652374228749408
41.3171436576443 0.006069442095578832 6.073666927475035 0.001771261933276185
41.517143657644304 0.006069442095578832 6.101772663585738 0.0017772898709307499
41.71714365764431 0.006069442095578832 6.129859812638712 0.001783321128008512
41.9171436576443 0.006069442095578832 6.157928289075625 0.001789355597826547
42.117143657644306 0.006069442095578832 6.1859780073950335 0.0017953931748326936
42.3171436576443 0.006069442095578832 6.214008882152632 0.0018014337545893518
42.517143657644304 0.006069442095578832 6.242020827961512 0.001807477233757522
42.71714365764431 0.006069442095578832 6.270013759492432 0.0018135235100810827
42.9171436576443 0.006069442095578832 6.2979875914740635 0.0018195724823712929
43.117143657644306 0.006069442095578832 6.325942238693269 0.0018256240504915364
43.3171436576443 0.006069442095578832 6.353877615995335 0.0018316781153422796
43.517143657644304 0.006069442095578832 6.381793638284271 0.001837734578846268
43.71714365764431 0.006069442095578832 6.4096902205230215 0.0018437933439339283
43.9171436576443 0.006069442095578832 6.437567277733763 0.001849854314529005
44.117143657644306 0.006069442095578832 6.465424724998144 0.0018559173955344024
44.3171436576443 0.006069442095578832 6.493262477457548 0.0018619824928182425
44.517143657644304 0.006069442095578832 6.521080450313354 0.0018680495132001361
44.71714365764431 0.006069442095578832 6.548878558827194 0.0018741183644376584
44.9171436576443 0.006069442095578832 6.576656718321206 0.0018801889552130299
45.117143657644306 0.006069442095578832 6.604414844178301 0.0018862611951199996
45.3171436576443 0.006069442095578832 6.632152851842412 0.001892334994650929
45.517143657644304 0.006069442095578832 6.659870656818757 0.0018984102651840706
45.71714365764431 0.006069442095578832 6.687568174674096 0.0019044869189710429
45.9171436576443 0.006069442095578832 6.715245321036986 0.001910564869124493
46.117143657644306 0.006069442095578832 6.7429020115980425 0.0019166440296059521
46.3171436576443 0.006069442095578832 6.770538162110183 0.0019227243152138709
46.517143657644304 0.006069442095578832 6.798153688388905 0.0019288056415718469
46.71714365764431 0.006069442095578832 6.825748506312525 0.0019348879251170244
46.9171436576443 0.006069442095578832 6.853322531822442 0.0019409710830886782
47.117143657644306 0.006069442095578832 6.880875680923394 0.0019470550335169675
47.3171436576443 0.006069442095578832 6.908407869683706 0.001953139695211866
47.517143657644304 0.006069442095578832 6.935919014235562 0.0019592249877522674
47.71714365764431 0.006069442095578832 6.963409030775239 0.0019653108314752433
47.9171436576443 0.006069442095578832 6.990877835563382 0.0019713971474654888
48.117143657644306 0.006069442095578832 7.018325344925249 0.0019774838575449104
48.3171436576443 0.006069442095578832 7.045751475250964 0.001983570884262387
48.517143657644304 0.006069442095578832 7.0731561429957805 0.001989658150883685
48.71714365764431 0.006069442095578832 7.100539264680326 0.00199574558138153
48.9171436576443 0.006069442095578832 7.127900756890861 0.0020018331004258284
49.117143657644306 0.006069442095578832 7.155240536279539 0.0020079206333740527
49.3171436576443 0.006069442095578832 7.182558519564647 0.0020140081062617536
49.517143657644304 0.006069442095578832 7.209854623530872 0.002020095445793242
49.71714365764431 0.006069442095578832 7.23712876502955 0.002026182579332401
49.9171436576443 0.006069442095578832 7.2643808609789104 0.0020322694348936434
50.117143657644306 0.006069442095578832 7.291610828364348 0.002038355941133012
50.3171436576443 0.006069442095578832 7.318818584238658 0.0020444420273394146
50.517143657644304 0.006069442095578832 7.346004045722296 0.0020505276234259956
50.71714365764431 0.006069442095578832 7.373167130003634 0.0020566126599216427
50.9171436576443 0.006069442095578832 7.400307754339203 0.002062697067962622
51.117143657644306 0.006069442095578832 7.427425836053962 0.0020687807792843485
51.3171436576443 0.006069442095578832 7.4545212925415205 0.002074863726213272
51.517143657644304 0.006069442095578832 7.481594041264427 0.002080945841658907
51.71714365764431 0.006069442095578832 7.5086439997543915 0.002087027059105968
51.9171436576443 0.006069442095578832 7.535671085612548 0.002093107312606638
52.117143657644306 0.006069442095578832 7.562675216509708 0.002099186536772951
52.3171436576443 0.006069442095578832 7.589656310186603 0.0021052646667692938
52.517143657644304 0.006069442095578832 7.616614284454147 0.0021113416383050283
52.71714365764431 0.006069442095578832 7.6435490571936695 0.0021174173876272163
52.9171436576443 0.006069442095578832 7.670460546357185 0.0021234918515134716
53.117143657644306 0.006069442095578832 7.69734866996763 0.0021295649672649106
53.3171436576443 0.006069442095578832 7.724213346119116 0.002135636672699216
53.517143657644304 0.006069442095578832 7.751054492977183 0.0021417069061438108
53.71714365764431 0.006069442095578832 7.777872028779041 0.002147775606429131
53.9171436576443 0.006069442095578832 7.804665871833821 0.0021538427128820078
54.117143657644306 0.006069442095578832 7.831435940522838 0.00215990816531915
54.3171436576443 0.006069442095578832 7.858182153299815 0.0021659719040407243
54.517143657644304 0.006069442095578832 7.884904428691152 0.002172033869824036
54.71714365764431 0.006069442095578832 7.911602685296161 0.0021780940039173107
54.9171436576443 0.006069442095578832 7.938276841787326 0.0021841522480335663
55.117143657644306 0.006069442095578832 7.964926816910538 0.0021902085443445793
55.3171436576443 0.006069442095578832 7.991552529485349 0.0021962628354749497
55.517143657644304 0.006069442095578832 8.018153898405227 0.0022023150644962493
55.71714365764431 0.006069442095578832 8.044730842637785 0.002208365174921264
55.9171436576443 0.006069442095578832 8.071283281225039 0.0022144131106983252
56.117143657644306 0.006069442095578832 8.097811133283662 0.002220458816205726
56.3171436576443 0.006069442095578832 8.124314318005212 0.0022265022362462214
56.517143657644304 0.006069442095578832 8.150792754656393 0.002232543316041616
56.71714365764431 0.006069442095578832 8.177246362579297 0.0022385820012274325
56.9171436576443 0.006069442095578832 8.203675061191644 0.002244618237847663
57.117143657644306 0.006069442095578832 8.230078769987035 0.002250651972349596
57.3171436576443 0.006069442095578832 8.256457408535194 0.00225668315157873
57.517143657644304 0.006069442095578832 8.282810896482216 0.002262711722773757
57.71714365764431 0.006069442095578832 8.309139153550804 0.002268737633561625
57.9171436576443 0.006069442095578832 8.33544209954052 0.002274760831952677
58.117143657644306 0.006069442095578832 8.361719654328029 0.002280781266335864
58.3171436576443 0.006069442095578832 8.387971737867346 0.0022867988854740288
58.517143657644304 0.006069442095578832 8.414198270190067 0.0022928136384992573
58.71714365764431 0.006069442095578832 8.440399171405627 0.002298825474908311
58.9171436576443 0.006069442095578832 8.466574361701538 0.002304834344558119
59.117143657644306 0.006069442095578832 8.492723761343633 0.0023108401976613445
59.3171436576443 0.006069442095578832 8.518847290676302 0.0023168429847820085
59.517143657644304 0.006069442095578832 8.544944870122745 0.0023228426568311935
59.71714365764431 0.006069442095578832 8.571016420185213 0.0023288391650628025
59.9171436576443 0.006069442095578832 8.597061861445239 0.0023348324610693804
60.117143657644306 0.006069442095578832 8.623081114563892 0.002340822496778007
60.3171436576443 0.006069442095578832 8.649074100282016 0.002346809224446243
60.517143657644304 0.006069442095578832 8.675040739420469 0.002352792596658142
60.71714365764431 0.006069442095578832 8.700980952880363 0.00235877256632032
60.9171436576443 0.006069442095578832 8.72689466164331 0.002364749086658085
61.117143657644306 0.006069442095578832 8.752781786771662 0.002370722111211624
61.3171436576443 0.006069442095578832 8.77864224940874 0.0023766915938322457
61.517143657644304 0.006069442095578832 8.804475970779098 0.0023826574886786833
61.71714365764431 0.006069442095578832 8.830282872188732 0.0023886197502134437
61.91714365764431 0.006069442095578832 8.856062875025353 0.0023945783331992252
62.1171436576443 0.006069442095578832 8.881815900758594 0.002400533192695374
62.3171436576443 0.006069442095578832 8.907541870940278 0.0024064842840544015
62.517143657644304 0.006069442095578832 8.933240707204636 0.0024124315629185534
62.71714365764431 0.006069442095578832 8.958912331268557 0.002418374985216426
62.91714365764431 0.006069442095578832 8.984556664931821 0.0024243145071596315
63.1171436576443 0.006069442095578832 9.010173630077338 0.002430250085239521
63.3171436576443 0.006069442095578832 9.035763148671393 0.0024361816762239483
63.517143657644304 0.006069442095578832 9.061325142763875 0.0024421092371540824
63.71714365764431 0.006069442095578832 9.086859534488513 0.0024480327253412677
63.91714365764431 0.006069442095578832 9.112366246063127 0.0024539520983639356
64.11714365764429 0.006069442095578832 9.137845199789844 0.0024598673140645492
64.3171436576443 0.006069442095578832 9.163296318055357 0.002465778330546607
64.5171436576443 0.006069442095578832 9.188719523331145 0.0024716851061716834
64.7171436576443 0.006069442095578832 9.214114738173711 0.0024775875995565076
64.9171436576443 0.006069442095578832 9.239481885224837 0.002483485769570101
65.11714365764429 0.006069442095578832 9.26482088721178 0.002489379575330932
65.3171436576443 0.006069442095578832 9.290131666947556 0.002495268976204144
65.5171436576443 0.006069442095578832 9.315414147331138 0.002501153931798793
65.7171436576443 0.006069442095578832 9.340668251347706 0.002507034401965144
65.9171436576443 0.006069442095578832 9.365893902068876 0.0025129103467920024
66.11714365764429 0.006069442095578832 9.391091022652944 0.002518781726604082
66.3171436576443 0.006069442095578832 9.41625953634511 0.0025246485019594154
66.5171436576443 0.006069442095578832 9.44139936647772 0.002530510633646795
66.7171436576443 0.006069442095578832 9.466510436470488 0.002536368082683259
66.9171436576443 0.006069442095578832 9.491592669830741 0.0025422208103116077
67.11714365764429 0.006069442095578832 9.516645990153643 0.00254806877799796
67.3171436576443 0.006069442095578832 9.541670321122442 0.0025539119474293427
67.5171436576443 0.006069442095578832 9.566665586508682 0.002559750280511314
67.7171436576443 0.006069442095578832 9.59163171017245 0.002565583739365622
67.9171436576443 0.006069442095578832 9.616568616062604 0.0025714122863279005
68.11714365764429 0.006069442095578832 9.641476228217 0.0025772358839453897
68.3171436576443 0.006069442095578832 9.666354470762741 0.0025830544949747005
68.5171436576443 0.006069442095578832 9.691203267916379 0.002588868082379597
68.7171436576443 0.006069442095578832 9.716022543984169 0.0025946766093288224
68.9171436576443 0.006069442095578832 9.74081222336229 0.0026004800391939554
69.11714365764429 0.006069442095578832 9.765572230537089 0.00260627833554729
69.3171436576443 0.006069442095578832 9.790302490085278 0.0026120714621597437
69.5171436576443 0.006069442095578832 9.815002926674204 0.0026178593829988142
69.7171436576443 0.006069442095578832 9.839673465062052 0.002623642062226541
69.9171436576443 0.006069442095578832 9.864314030098086 0.002629419464197511
70.11714365764429 0.006069442095578832 9.888924546722865 0.0026351915534568874
70.3171436576443 0.006069442095578832 9.913504939968497 0.00264095829473847
70.5171436576443 0.006069442095578832 9.938055134958834 0.002646719652962775
70.7171436576443 0.006069442095578832 9.96257505690973 0.0026524755932351533
70.9171436576443 0.006069442095578832 9.987064631129243 0.002658226080843924
71.11714365764429 0.006069442095578832 10.011523783017884 0.002663971081258542
71.3171436576443 0.006069442095578832 10.035952438068845 0.0026697105601277936
71.5171436576443 0.006069442095578832 10.060350521868195 0.0026754444832779996
71.7171436576443 0.006069442095578832 10.084717960095142 0.0026811728167112714
71.9171436576443 0.006069442095578832 10.109054678522245 0.0026868955266037683
72.11714365764429 0.006069442095578832 10.133360603015639 0.0026926125793039902
72.3171436576443 0.006069442095578832 10.157635659535261 0.0026983239413310915
72.5171436576443 0.006069442095578832 10.181879774135082 0.0027040295793732197
72.7171436576443 0.006069442095578832 10.20609287296332 0.002709729460285874
72.9171436576443 0.006069442095578832 10.230274882262682 0.0027154235510902934
73.11714365764429 0.006069442095578832 10.25442572837057 0.0027211118189718574
73.3171436576443 0.006069442095578832 10.278545337719319 0.0027267942312785183
73.5171436576443 0.006069442095578832 10.30263363683642 0.0027324707555192508
73.7171436576443 0.006069442095578832 10.32669055234473 0.002738141359362522
73.9171436576443 0.006069442095578832 10.350716010962715 0.002743806010634786
74.1171436576443 0.006069442095578832 10.374709939504665 0.0027494646773189987
74.3171436576443 0.006069442095578832 10.398672264880904 0.002755117327553147
74.5171436576443 0.006069442095578832 10.422602914098041 0.00276076392962881
74.7171436576443 0.006069442095578832 10.446501814259168 0.0027664044519897296
74.9171436576443 0.006069442095578832 10.470368892564085 0.0027720388632304013
75.1171436576443 0.006069442095578832 10.494204076309542 0.0027776671320946978
75.3171436576443 0.006069442095578832 10.518007292889422 0.0027832892274744867
75.5171436576443 0.006069442095578832 10.54177846979501 0.002788905118408297
75.7171436576443 0.006069442095578832 10.565517534615175 0.002794514774079977
75.9171436576443 0.006069442095578832 10.58922441503661 0.002800118163817389
76.1171436576443 0.006069442095578832 10.612899038844043 0.0028057152570911095
76.3171436576443 0.006069442095578832 10.636541333920464 0.002811306023513157
76.5171436576443 0.006069442095578832 10.660151228247347 0.002816890432835735
76.7171436576443 0.006069442095578832 10.683728649904856 0.0028224684549499795
76.9171436576443 0.006069442095578832 10.707273527072076 0.002828040059884745
77.1171436576443 0.006069442095578832 10.730785788027227 0.0028336052178053917
77.3171436576443 0.006069442095578832 10.754265361147887 0.0028391638990125905
77.5171436576443 0.006069442095578832 10.7777121749112 0.002844716073941152
77.7171436576443 0.006069442095578832 10.801126157894108 0.002850261713158863
77.9171436576443 0.006069442095578832 10.82450723877356 0.0028558007873653443
78.1171436576443 0.006069442095578832 10.847855346326728 0.0028613332673909195
78.3171436576443 0.006069442095578832 10.871170409431222 0.0028668591241955027
78.5171436576443 0.006069442095578832 10.894452357065324 0.0028723783288675006
78.7171436576443 0.006069442095578832 10.91770111830818 0.002877890852622726
78.9171436576443 0.006069442095578832 10.94091662234003 0.0028833966668033307
79.1171436576443 0.006069442095578832 10.964098798442425 0.00288889574287675
79.3171436576443 0.006069442095578832 10.987247575998436 0.0028943880524346607
79.5171436576443 0.006069442095578832 11.01036288449287 0.002899873567191955
79.7171436576443 0.006069442095578832 11.033444653512493 0.0029053522589857304
79.9171436576443 0.006069442095578832 11.056492812746226 0.00291082409977428
80.1171436576443 0.006069442095578832 11.079507291985388 0.002916289061636122
80.3171436576443 0.006069442095578832 11.102488021123875 0.002921747116769011
80.5171436576443 0.006069442095578832 11.12543493015841 0.002927198237488987
80.7171436576443 0.006069442095578832 11.148347949188722 0.0029326423962294265
80.9171436576443 0.006069442095578832 11.171227008417782 0.002938079565540104
81.1171436576443 0.006069442095578832 11.194072038152008 0.0029435097180862744
81.3171436576443 0.006069442095578832 11.216882968801478 0.0029489328266477603
81.5171436576443 0.006069442095578832 11.239659730880145 0.002954348864118054
81.7171436576443 0.006069442095578832 11.262402255006034 0.002959757803503429
81.9171436576443 0.006069442095578832 11.28511047190148 0.0029651596179220744
82.1171436576443 0.006069442095578832 11.307784312393313 0.0029705542806032184
82.3171436576443 0.006069442095578832 11.330423707413079 0.0029759417648862877
82.5171436576443 0.006069442095578832 11.35302858799726 0.0029813220442200606
82.7171436576443 0.006069442095578832 11.375598885287467 0.002986695092161843
82.9171436576443 0.006069442095578832 11.398134530530662 0.0029920608823766452
83.1171436576443 0.006069442095578832 11.420635455079358 0.002997419388636376
83.3171436576443 0.006069442095578832 11.44310159039184 0.0030027705848190466
83.5171436576443 0.006069442095578832 11.465532868032364 0.003008114444907983
83.7171436576443 0.006069442095578832 11.487929219671363 0.0030134509429910476
83.9171436576443 0.006069442095578832 11.510290577085671 0.0030187800532598796
84.1171436576443 0.006069442095578832 11.532616872158716 0.003024101750009129
84.3171436576443 0.006069442095578832 11.554908036880724 0.0030294160076357194
84.5171436576443 0.006069442095578832 11.57716400334895 0.003034722800638106
84.7171436576443 0.006069442095578832 11.599384703767855 0.003040022103615551
84.9171436576443 0.006069442095578832 11.621570070449335 0.003045313891267403
85.1171436576443 0.006069442095578832 11.643720035812915 0.003050598138392395
85.3171436576443 0.006069442095578832 11.665834532385952 0.003055874819887935
85.5171436576443 0.006069442095578832 11.687913492803869 0.0030611439107494313
85.7171436576443 0.006069442095578832 11.709956849810311 0.0030664053860695946
85.9171436576443 0.006069442095578832 11.731964536257397 0.0030716592210377775
86.1171436576443 0.006069442095578832 11.75393648510589 0.0030769053909393065
86.3171436576443 0.006069442095578832 11.775872629425429 0.003082143871154828
86.5171436576443 0.006069442095578832 11.79777290239471 0.003087374637159661
86.7171436576443 0.006069442095578832 11.819637237301713 0.003092597664523162
86.9171436576443 0.006069442095578832 11.84146556754387 0.0030978129289080886
87.1171436576443 0.006069442095578832 11.863257826628308 0.0031030204060699855
87.3171436576443 0.006069442095578832 11.885013948172023 0.003108220071856565
87.5171436576443 0.006069442095578832 11.906733865902106 0.0031134119022071063
87.7171436576443 0.006069442095578832 11.928417513655907 0.0031185958731518464
87.9171436576443 0.006069442095578832 11.95006482538128 0.003123771960811405
88.1171436576443 0.006069442095578832 11.971675735136762 0.003128940141396192
88.3171436576443 0.006069442095578832 11.99325017709177 0.003134100391205831
88.5171436576443 0.006069442095578832 12.014788085526813 0.0031392526866285972
88.7171436576443 0.006069442095578832 12.03628939483369 0.003144397004140853
88.9171436576443 0.006069442095578832 12.057754039515679 0.0031495333203064935
89.1171436576443 0.006069442095578832 12.079181954187758 0.0031546616117764043
89.3171436576443 0.006069442095578832 12.100573073576772 0.003159781855287913
89.5171436576443 0.006069442095578832 12.121927332521665 0.0031648940276642677
89.7171436576443 0.006069442095578832 12.143244665973667 0.0031699981058141043
89.9171436576443 0.006069442095578832 12.164525008996476 0.0031750940667309266
90.1171436576443 0.006069442095578832 12.185768296766485 0.0031801818874925983
90.3171436576443 0.006069442095578832 12.206974464572944 0.0031852615452608295
90.5171436576443 0.006069442095578832 12.228143447818196 0.0031903330172806865
90.7171436576443 0.006069442095578832 12.249275182017847 0.0031953962808800905
90.9171436576443 0.006069442095578832 12.270369602800967 0.0032004513134693325
91.1171436576443 0.006069442095578832 12.291426645910295 0.003205498092540594
91.3171436576443 0.006069442095578832 12.31244624720242 0.0032105365956674697
91.5171436576443 0.006069442095578832 12.333428342647995 0.0032155668005045017
91.7171436576443 0.006069442095578832 12.35437286833192 0.0032205886847867142
91.9171436576443 0.006069442095578832 12.375279760453536 0.003225602226329154
92.1171436576443 0.006069442095578832 12.396148955326824 0.003230607403026446
92.3171436576443 0.006069442095578832 12.416980389380594 0.003235604192852338
92.5171436576443 0.006069442095578832 12.437773999158692 0.00324059257385927
92.7171436576443 0.006069442095578832 12.458529721320168 0.0032455725241779337
92.9171436576443 0.006069442095578832 12.479247492639503 0.003250544022016845
93.1171436576443 0.006069442095578832 12.499927250006763 0.003255507045661919
93.3171436576443 0.006069442095578832 12.520568930427823 0.0032604615734760545
93.5171436576443 0.006069442095578832 12.541172471024549 0.003265407583898719
93.7171436576443 0.006069442095578832 12.561737809034982 0.0032703450554455392
93.9171436576443 0.006069442095578832 12.582264881813531 0.0032752739667079008
94.1171436576443 0.006069442095578832 12.602753626831179 0.0032801942963525503
94.3171436576443 0.006069442095578832 12.623203981675651 0.0032851060231211975
94.5171436576443 0.006069442095578832 12.643615884051618 0.0032900091258301362
94.7171436576443 0.006069442095578832 12.663989271780892 0.003294903583369853
94.9171436576443 0.006069442095578832 12.684324082802593 0.0032997893747046514
95.1171436576443 0.006069442095578832 12.704620255173369 0.0033046664788722838
95.3171436576443 0.006069442095578832 12.72487772706755 0.0033095348749835715
95.5171436576443 0.006069442095578832 12.745096436777366 0.0033143945422220485
95.7171436576443 0.006069442095578832 12.765276322713124 0.0033192454598436013
95.9171436576443 0.006069442095578832 12.785417323403392 0.0033240876071761096
96.1171436576443 0.006069442095578832 12.805519377495184 0.003328920963619099
96.3171436576443 0.006069442095578832 12.825582423754163 0.0033337455086433925
96.5171436576443 0.006069442095578832 12.845606401064808 0.0033385612217907675
96.7171436576443 0.006069442095578832 12.86559124843061 0.0033433680826736186
96.9171436576443 0.006069442095578832 12.885536904974257 0.003348166070974625
97.1171436576443 0.006069442095578832 12.905443309937823 0.003352955166446422
97.3171436576443 0.006069442095578832 12.925310402682946 0.003357735348911269
97.5171436576443 0.006069442095578832 12.945138122691018 0.0033625065982607356
97.7171436576443 0.006069442095578832 12.96492640956336 0.003367268894455376
97.9171436576443 0.006069442095578832 12.984675203021425 0.003372022217524426
98.1171436576443 0.006069442095578832 13.004384442906957 0.003376766547565481
98.3171436576443 0.006069442095578832 13.024054069182194 0.003381501864744199
98.5171436576443 0.006069442095578832 13.043684021930046 0.0033862281492939954
98.7171436576443 0.006069442095578832 13.063274241354272 0.0033909453815157437
98.9171436576443 0.006069442095578832 13.082824667779665 0.0033956535417774816
99.1171436576443 0.006069442095578832 13.10233524165224 0.003400352610514121
99.3171436576443 0.006069442095578832 13.121805903539398 0.003405042568227157
99.5171436576443 0.006069442095578832 13.141236594130127 0.003409723395484387
99.7171436576443 0.006069442095578832 13.160627254235182 0.0034143950729196306
99.9171436576443 0.006069442095578832 13.17997782478724 0.00341905758123245
100.1171436576443 0.006069442095578832 13.199288246841117 0.0034237109011878777
100.3171436576443 0.006069442095578832 13.21855846157391 0.003428355013616145
100.5171436576443 0.006069442095578832 13.237788410285201 0.0034329898994124174
100.7171436576443 0.006069442095578832 13.256978034397244 0.0034376155395365315
100.9171436576443 0.006069442095578832 13.276127275455103 0.0034422319150127275
101.1171436576443 0.006069442095578832 13.295236075126875 0.003446839006929401
101.3171436576443 0.006069442095578832 13.31430437520384 0.0034514367964388454
101.5171436576443 0.006069442095578832 13.333332117600651 0.0034560252647569986
101.7171436576443 0.006069442095578832 13.352319244355504 0.0034606043931631972
101.9171436576443 0.006069442095578832 13.37126569763032 0.003465174162999934
102.1171436576443 0.006069442095578832 13.390171419710914 0.003469734555672609
102.3171436576443 0.006069442095578832 13.409036353007176 0.0034742855526492997
102.5171436576443 0.006069442095578832 13.427860440053252 0.003478827135460519
102.7171436576443 0.006069442095578832 13.446643623507702 0.0034833592856989824
102.9171436576443 0.006069442095578832 13.4653858461537 0.0034878819850193824
103.1171436576443 0.006069442095578832 13.484087050899184 0.0034923952151381557
103.3171436576443 0.006069442095578832 13.502747180777032 0.003496898957833258
103.5171436576443 0.006069442095578832 13.521366178945263 0.0035013931949439505
103.7171436576443 0.006069442095578832 13.539943988687176 0.0035058779083705733
103.9171436576443 0.006069442095578832 13.558480553411538 0.0035103530800743273
104.1171436576443 0.006069442095578832 13.576975816652762 0.0035148186920770682
104.3171436576443 0.006069442095578832 13.595429722071064 0.0035192747264610877
104.5171436576443 0.006069442095578832 13.613842213452653 0.0035237211653689113
104.7171436576443 0.006069442095578832 13.632213234709884 0.003528157991003086
104.9171436576443 0.006069442095578832 13.65054272988144 0.003532585185625982
105.1171436576443 0.006069442095578832 13.668830643132504 0.0035370027315595894
105.3171436576443 0.006069442095578832 13.687076918754912 0.003541410611185315
105.5171436576443 0.006069442095578832 13.705281501167354 0.0035458088069437992
105.7171436576443 0.006069442095578832 13.723444334915508 0.0035501973013347043
105.9171436576443 0.006069442095578832 13.741565364672237 0.0035545760769165407
106.1171436576443 0.006069442095578832 13.759644535237738 0.003558945116306464
106.3171436576443 0.006069442095578832 13.777681791539726 0.003563304402180095
106.5171436576443 0.006069442095578832 13.795677078633585 0.0035676539172713353
106.7171436576443 0.006069442095578832 13.813630341702556 0.0035719936443721827
106.9171436576443 0.006069442095578832 13.831541526057881 0.0035763235663325526
107.1171436576443 0.006069442095578832 13.849410577138988 0.003580643666060099
107.3171436576443 0.006069442095578832 13.867237440513648 0.0035849539265200405
107.5171436576443 0.006069442095578832 13.885022061878145 0.003589254330734985
107.7171436576443 0.006069442095578832 13.902764387057436 0.0035935448617847587
107.9171436576443 0.006069442095578832 13.920464362005323 0.0035978255028062383
108.1171436576443 0.006069442095578832 13.938121932804615 0.0036020962369931837
108.3171436576443 0.006069442095578832 13.955737045667282 0.003606357047596067
108.5171436576443 0.006069442095578832 13.973309646934643 0.0036106079179219195
108.7171436576443 0.006069442095578832 13.990839683077503 0.0036148488313341625
108.9171436576443 0.006069442095578832 14.00832710069633 0.003619079771252449
109.1171436576443 0.006069442095578832 14.025771846521424 0.0036233007211525113
109.3171436576443 0.006069442095578832 14.043173867413056 0.0036275116645659985
109.5171436576443 0.006069442095578832 14.060533110361657 0.00363171258508033
109.7171436576443 0.006069442095578832 14.077849522487965 0.003635903466338541
109.9171436576443 0.006069442095578832 14.095123051043176 0.003640084292039127
110.1171436576443 0.006069442095578832 14.11235364340914 0.0036442550459359086
110.3171436576443 0.006069442095578832 14.12954124709847 0.0036484157118378702
110.5171436576443 0.006069442095578832 14.146685809754752 0.0036525662736090307
110.7171436576443 0.006069442095578832 14.163787279152679 0.003656706715168291
110.9171436576443 0.006069442095578832 14.1808456031982 0.003660837020489291
111.1171436576443 0.006069442095578832 14.197860729928706 0.003664957173600282
111.3171436576443 0.006069442095578832 14.214832607513173 0.0036690671585839813
111.5171436576443 0.006069442095578832 14.231761184252314 0.003673166959577433
111.7171436576443 0.006069442095578832 14.24864640857875 0.003677256560771884
111.9171436576443 0.006069442095578832 14.265488229057162 0.003681335946412643
112.1171436576443 0.006069442095578832 14.28228659438444 0.0036854051007989526
112.3171436576443 0.006069442095578832 14.299041453389849 0.0036894640082838614
112.5171436576443 0.006069442095578832 14.31575275503519 0.0036935126532740958
112.7171436576443 0.006069442095578832 14.332420448414934 0.003697551020229931
112.9171436576443 0.006069442095578832 14.349044482756398 0.0037015790936650696
113.1171436576443 0.006069442095578832 14.365624807419888 0.0037055968581465176
113.3171436576443 0.006069442095578832 14.38216137189886 0.003709604298294462
113.5171436576443 0.006069442095578832 14.398654125820078 0.003713601398782155
113.7171436576443 0.006069442095578832 14.415103018943746 0.003717588144335787
113.9171436576443 0.006069442095578832 14.431508001163687 0.003721564519734378
114.1171436576443 0.006069442095578832 14.447869022507476 0.0037255305098096566
114.3171436576443 0.006069442095578832 14.464186033136604 0.003729486099445947
114.5171436576443 0.006069442095578832 14.480458983346633 0.003733431273580059
114.7171436576443 0.006069442095578832 14.49668782356733 0.003737366017201172
114.9171436576443 0.006069442095578832 14.512872504362832 0.003741290315350728
115.1171436576443 0.006069442095578832 14.529012976431796 0.0037452041531223215
115.3171436576443 0.006069442095578832 14.54510919060755 0.0037491075156615918
115.5171436576443 0.006069442095578832 14.561161097858227 0.003753000388166118
115.7171436576443 0.006069442095578832 14.577168649286936 0.003756882755885313
115.9171436576443 0.006069442095578832 14.5931317961319 0.0037607546041203213
116.1171436576443 0.006069442095578832 14.609050489766608 0.0037646159182239155
116.3171436576443 0.006069442095578832 14.62492468169995 0.003768466683600395
116.5171436576443 0.006069442095578832 14.64075432357639 0.003772306885705488
116.7171436576443 0.006069442095578832 14.656539367176096 0.0037761365100462533
116.9171436576443 0.006069442095578832 14.672279764415086 0.0037799555421809783
117.1171436576443 0.006069442095578832 14.687975467345376 0.003783763967719088
117.3171436576443 0.006069442095578832 14.703626428155138 0.0037875617723210483
117.5171436576443 0.006069442095578832 14.71923259916883 0.0037913489416982723
117.7171436576443 0.006069442095578832 14.734793932847346 0.0037951254616130268
117.9171436576443 0.006069442095578832 14.750310381788168 0.003798891317878343
118.1171436576443 0.006069442095578832 14.765781898725502 0.0038026464963579224
118.3171436576443 0.006069442095578832 14.78120843653042 0.003806390982966052
118.5171436576443 0.006069442095578832 14.796589948211016 0.0038101247636675127
118.7171436576443 0.006069442095578832 14.811926386912539 0.0038138478244774936
118.9171436576443 0.006069442095578832 14.82721770591753 0.003817560151461508
119.1171436576443 0.006069442095578832 14.842463858645988 0.0038212617307353046
119.3171436576443 0.006069442095578832 14.857664798655485 0.0038249525484647866
119.5171436576443 0.006069442095578832 14.872820479641318 0.0038286325908659263
119.7171436576443 0.006069442095578832 14.887930855436663 0.0038323018442046886
119.9171436576443 0.006069442095578832 14.90299588001268 0.0038359602947969406
120.1171436576443 0.006069442095578832 14.918015507478708 0.003839607929008384
120.3171436576443 0.006069442095578832 14.932989692082344 0.003843244733254466
120.5171436576443 0.006069442095578832 14.947918388209633 0.0038468706940003082
120.7171436576443 0.006069442095578832 14.962801550385175 0.0038504857977606256
120.9171436576443 0.006069442095578832 14.977639133272271 0.0038540900310996508
121.1171436576443 0.006069442095578832 14.992431091673081 0.003857683380631066
121.3171436576443 0.006069442095578832 15.00717738052873 0.0038612658330179185
121.5171436576443 0.006069442095578832 15.02187795491946 0.003864837374972553
121.7171436576443 0.006069442095578832 15.036532770064781 0.003868397993256544
121.9171436576443 0.006069442095578832 15.051141781323578 0.003871947674680614
122.1171436576443 0.006069442095578832 15.065704944194271 0.003875486406104572
122.3171436576443 0.006069442095578832 15.080222214314938 0.003879014174437239
122.5171436576443 0.006069442095578832 15.094693547463462 0.0038825309666363854
122.7171436576443 0.006069442095578832 15.109118899557647 0.0038860367697086534
122.9171436576443 0.006069442095578832 15.123498226655371 0.0038895315707094995
123.1171436576443 0.006069442095578832 15.137831484954711 0.003893015356743125
123.3171436576443 0.006069442095578832 15.152118630794073 0.0038964881149624077
123.5171436576443 0.006069442095578832 15.16635962065234 0.0038999498325688435
123.7171436576443 0.006069442095578832 15.180554411148979 0.003903400496812478
123.9171436576443 0.006069442095578832 15.194702959044202 0.003906840094991845
124.1171436576443 0.006069442095578832 15.208805221239073 0.003910268614453905
124.3171436576443 0.006069442095578832 15.22286115477566 0.003913686042593985
124.5171436576443 0.006069442095578832 15.236870716837153 0.003917092366855717
124.7171436576443 0.006069442095578832 15.250833864747994 0.003920487574730975
124.9171436576443 0.006069442095578832 15.264750555974013 0.003923871653759824
125.1171436576443 0.006069442095578832 15.278620748122554 0.003927244591530452
