angle data err_data 
-2.6828563423556995 6846.0 31.978812085022824
-2.4828563423556993 1018.5 14.651887056594983
-2.2828563423556996 1201.2 15.593588443749164
-2.0828563423556994 1415.5 14.049120082575834
-1.8828563423556994 2113.2 17.45419423966209
-1.6828563423556995 3127.6 23.38679607231898
-1.4828563423556993 3402.4 25.270976096356414
-1.2828563423556993 3839.5 29.791497464113554
-1.0828563423556994 3819.5 30.62279476033808
-0.8828563423556994 3808.1 24.11126957100863
-0.6828563423556995 3560.6 30.490763685450993
-0.4828563423556993 3511.4 22.835887793759902
-0.2828563423556991 3309.9 22.32139009222712
-0.08285634235569939 2989.7 28.82425642271331
0.11714365764430079 2901.9 20.817727124177217
0.3171436576443005 2812.7 21.37766277859159
0.5171436576443007 3079.3 26.356908991422053
0.7171436576443009 3304.5 23.931615616024995
0.9171436576443006 3856.3 26.715538816392232
1.1171436576443008 7629.2 43.80618923570425
1.3171436576443005 4670.9 35.24942850661193
1.5171436576443007 5103.1 26.861538085879275
1.7171436576443009 5205.6 32.85199154680966
1.917143657644301 6363.6 35.72935300824523
2.1171436576443012 20396.6 68.6396223445694
2.3171436576443005 34789.7 92.05151838926427
2.5171436576443007 38392.1 74.01394865824416
2.717143657644301 43216.47022863217 81.08541417599876
2.917143657644301 45483.44187058292 93.49536408833829
3.1171436576443012 46173.920065357255 81.72127260291433
3.3171436576443005 46660.08639965503 115.12643165978143
3.5171436576443007 45985.867599284116 105.81482886982755
3.717143657644301 45925.60020058583 98.11152695185989
3.917143657644301 45928.71118655653 110.04274414263935
4.117143657644301 45712.2392663061 81.37797994498969
4.3171436576443005 45542.852698378425 83.33249459489403
4.517143657644301 45788.51562180249 86.18038819042481
4.717143657644301 45603.166853441544 108.00178600063072
4.917143657644301 45647.049884363514 96.88339401573108
5.117143657644301 45459.85114467472 118.01735467615889
5.3171436576443005 45395.93533659482 99.89035856964912
5.517143657644302 45416.88852191344 86.26278851784745
5.717143657644301 45311.649136976324 90.23554668859973
5.9171436576443 44850.1605827324 91.12344834059395
6.117143657644301 45342.05256139625 105.47544649975998
6.3171436576443005 45222.71316442501 90.6773928081532
6.517143657644302 45207.15433026479 87.34682955758865
6.717143657644301 45023.442993501165 104.31106268242694
6.917143657644302 45111.818905533306 104.91431461697502
7.117143657644301 45218.52984958586 99.30236019818793
7.3171436576443005 45236.092928949176 100.21113498410624
7.517143657644302 45131.40825364942 99.4954673698969
7.717143657644301 45227.97951002313 93.22126524089308
7.917143657644302 45330.45034603254 124.31486700312199
8.117143657644302 45355.24049323413 88.33540498435731
8.317143657644301 45355.4736290745 89.18247887982685
8.5171436576443 45572.113715818195 93.2803867677989
8.7171436576443 45349.988691277875 94.41174761382582
8.917143657644303 45097.78708454678 110.51156590213964
9.117143657644302 45015.05746188412 111.05672155524408
9.317143657644301 45342.28517637371 92.10625331005544
9.5171436576443 45493.45454399737 115.8808923634758
9.7171436576443 45865.18781310307 95.4890571772043
9.917143657644303 45561.916550621485 78.3601440065025
10.117143657644302 45670.24916467593 85.46853421019088
10.317143657644301 45570.59447727696 107.07104327806572
10.5171436576443 45627.41737011669 107.75443175747705
10.7171436576443 45398.23487474494 95.96729107613422
10.917143657644303 45632.3115002909 106.51626573109746
11.117143657644302 45550.54302118234 101.27734495942713
11.317143657644301 45553.88304063213 108.00297398568122
11.5171436576443 45300.71443086596 135.076950785148
11.7171436576443 45522.69025795335 107.65204608025634
11.917143657644303 45531.81964656372 94.93438319942443
12.117143657644302 45770.84299637329 102.20227748995319
12.317143657644301 45572.551248772696 92.40582589892263
12.5171436576443 45612.804128298914 97.23253102998238
12.7171436576443 45467.04967761936 84.2212816899402
12.917143657644303 45636.317104482434 102.95534828084507
13.117143657644302 45425.89534313799 103.14035201526404
13.317143657644301 45586.543432042825 89.27489154233822
13.5171436576443 45898.84808469542 93.5578350888632
13.717143657644304 45812.29339617954 108.7391480524013
13.917143657644303 45663.098015526164 111.9646048665362
14.117143657644302 45657.62683554074 92.0943190888154
14.317143657644301 45876.495212761416 83.91311103487253
14.5171436576443 45907.552793656054 99.93049279328864
14.717143657644304 45752.835014235396 102.08125534701985
14.917143657644303 45882.49527035651 79.01192341979738
15.117143657644302 45954.31771401783 82.521041262273
15.317143657644301 46153.62361670467 89.95585330493579
15.5171436576443 46030.49915301979 97.73516830036581
15.717143657644304 46263.54068672995 103.05429663487787
15.917143657644303 46120.21998533299 97.15613055740835
16.117143657644302 46356.06732997084 87.25756530712111
16.3171436576443 46180.659937028315 86.77310045394682
16.517143657644304 46293.57349126328 104.53900714584547
16.717143657644304 46681.92909583723 103.2227321889909
16.917143657644303 47182.51633336579 110.51955515574386
17.117143657644302 47098.42705460195 124.52717673929433
17.3171436576443 46966.12753110905 102.66219612955496
17.517143657644304 47151.76448682837 111.31030530419928
17.717143657644304 47396.478538638665 99.08040921427983
17.917143657644303 46920.94646252008 80.30363778858188
18.117143657644302 47388.85894994055 80.81948495273554
18.3171436576443 47174.08560845506 78.7051533111556
18.517143657644304 47565.755774921054 117.4766538614834
18.717143657644304 47411.250293618185 92.99648977394115
18.917143657644303 47800.174638363016 79.68635016339617
19.117143657644302 48583.25578410294 129.72177149992055
19.3171436576443 49881.113738033935 106.3264570773892
19.517143657644304 50191.848916482835 114.10000841818082
19.717143657644304 49653.57210051764 77.44496425169554
19.917143657644303 48258.533160592124 105.51951011995202
20.117143657644302 47440.91334809456 85.61370724951044
20.3171436576443 47008.77457797398 106.60465240891097
20.517143657644304 46957.1944550549 108.49663794442992
20.717143657644304 46787.5146412738 99.01407929360843
20.917143657644303 46805.916980369366 100.06085541122495
21.117143657644302 46565.919467220694 99.81509619983244
21.3171436576443 46633.99085935323 91.04215897762323
21.517143657644304 46670.4032962268 118.3512592974259
21.717143657644304 46698.664120510475 87.2093472443463
21.917143657644303 46462.69511455386 112.05117721118025
22.117143657644302 46583.98732215504 90.54133564111537
22.3171436576443 46544.45402557485 97.08336279974016
22.517143657644304 46637.3293276582 91.89555194538681
22.717143657644304 46467.98718499292 97.28111547970025
22.917143657644303 46504.10046591609 97.87049316465051
23.117143657644302 46478.2139901873 100.21225421531464
23.3171436576443 46538.41614729648 87.7908327194601
23.517143657644304 46461.12992830045 116.91379674177936
23.717143657644304 46547.48291359733 79.09111630495406
23.917143657644303 46503.499627255704 80.6441710319252
24.117143657644302 46689.84557745401 112.58923888207508
24.3171436576443 46488.99544130794 100.6666669834935
24.517143657644304 46495.06133557522 114.39995760646042
24.717143657644304 46691.08754130277 91.05612025696966
24.917143657644303 46686.8080053444 87.46412676210056
25.117143657644302 46645.49451338493 92.22562269923412
25.3171436576443 46866.55052027937 99.21842658202483
25.517143657644304 46531.373734284 97.74749257471709
25.717143657644304 46611.088746859365 83.83397716441647
25.917143657644303 46496.54835217285 93.06017372773854
26.117143657644302 46488.500234669176 84.57752642074324
26.3171436576443 46517.07297957905 102.85775624927597
26.517143657644304 46516.72331861738 82.78341137441063
26.717143657644304 46511.70336214003 98.70593670071858
26.917143657644303 46650.66505275031 76.20798680612593
27.117143657644302 47040.034508966164 93.53357470651427
27.3171436576443 47675.04478133469 84.37692357745216
27.517143657644304 47808.75316592241 78.27902904530283
27.717143657644304 48120.12329942535 89.98068175497909
27.917143657644303 48295.252134994225 96.97394778262507
28.117143657644302 47352.620245463935 103.32725594394762
28.3171436576443 46394.213868315484 96.20070230718154
28.517143657644304 46379.823069691876 93.0942526241119
28.717143657644304 46481.25629409495 93.66167847175085
28.917143657644303 46750.63905851699 112.08855226000072
29.117143657644302 46600.348567885725 130.06413319668445
29.3171436576443 46501.98490270969 89.23876415888991
29.517143657644304 46525.23362488476 107.04428317860501
29.7171436576443 46590.43709132612 81.33409756859453
29.917143657644303 46512.09447950045 83.96555991735136
30.117143657644306 46664.96798138497 81.34184955241791
30.3171436576443 46448.36519857017 79.85111481292677
30.517143657644304 46753.46791419132 107.0789444843375
30.7171436576443 46352.72869501195 103.35931430251351
30.917143657644303 46558.71831230384 85.97711403196463
31.117143657644306 46407.04047711704 94.62591974220759
31.3171436576443 46736.33563174202 73.78942196076233
31.517143657644304 46225.017804405536 111.24868845364752
31.7171436576443 46523.060464874645 98.41426249515004
31.917143657644303 46264.46483150556 100.83643412471584
32.117143657644306 46442.7784915247 86.69050678068687
32.3171436576443 46224.19698964466 91.53926353257526
32.517143657644304 46457.911712924906 85.31842270436432
32.7171436576443 46213.885881182505 92.92153591373709
32.9171436576443 46423.67063595837 95.11214472841874
33.117143657644306 46782.60827386994 98.60345327746244
33.3171436576443 46990.72944858658 77.6105457314527
33.517143657644304 47356.214721324366 85.89508678863378
33.7171436576443 47699.781661534114 103.30820339484175
33.9171436576443 47648.96854920527 90.61003362091353
34.117143657644306 47857.62751294031 102.49284024597115
34.3171436576443 47625.769112333925 83.16494087282344
34.517143657644304 46982.313408486705 110.03947875240462
34.7171436576443 46550.9657449245 89.33624541583143
34.9171436576443 46278.856137885276 94.38695505967038
35.117143657644306 46037.89077994728 74.55264463187652
35.3171436576443 46410.141183011816 82.42032974042229
35.517143657644304 46260.44329338788 110.70099673401954
35.71714365764431 46586.755797274454 94.71596407440788
35.9171436576443 46332.61624675062 101.56492277355129
36.117143657644306 46589.13284524351 95.8973297222763
36.3171436576443 46471.22478901198 99.82293980654109
36.517143657644304 46486.82999128677 84.08093816283998
36.71714365764431 46322.51045294092 98.71782746483652
36.9171436576443 46795.63418135932 90.93866389333002
37.117143657644306 46414.26002591926 94.81478014426857
37.3171436576443 46644.94028551083 89.36261250086909
37.517143657644304 46542.87780465108 83.16075729209854
37.71714365764431 46741.09126256437 96.92278651375211
37.9171436576443 46421.267495164924 95.20942170045593
38.117143657644306 46455.57872431105 93.21637058464512
38.3171436576443 46632.576390466056 92.21168114511863
38.517143657644304 46788.330713599375 103.02768686632223
38.71714365764431 46515.25292121907 85.44228345629008
38.9171436576443 46480.5651040683 97.27045184012107
39.117143657644306 46420.45514501116 80.37305488804797
39.3171436576443 46715.14705400211 98.6350907098562
39.517143657644304 46184.818173005144 90.58862444521245
39.71714365764431 46439.21768038492 91.08780432646591
39.9171436576443 46444.438032259706 101.43670974205122
40.117143657644306 46710.668764669994 116.05053966777481
40.3171436576443 46331.94555554014 90.26367209741946
40.517143657644304 46409.62755382348 93.25268199417461
40.71714365764431 46249.46344784714 82.64963921587189
40.9171436576443 46653.412133185404 87.98701215360492
41.117143657644306 46318.6281147564 123.38891678586911
41.3171436576443 46199.06944631487 88.16077425054723
41.517143657644304 46367.89134911749 86.7856311240594
41.71714365764431 46243.22846897389 104.56554678148821
41.9171436576443 46205.18351862973 97.75056910895344
42.117143657644306 46300.72175394359 95.62383199405197
42.3171436576443 46212.42620281318 80.09965164554441
42.517143657644304 46443.637849899256 99.76458959395221
42.71714365764431 46044.09628665426 111.61898037985529
42.9171436576443 46160.63236039087 89.67678741285917
43.117143657644306 46269.43485081846 81.82925831100236
43.3171436576443 46442.58499306069 113.4942090521801
43.517143657644304 45994.7445154595 111.89443593872123
43.71714365764431 46262.525927724855 103.34275046406933
43.9171436576443 46293.79859781632 102.40216506547925
44.117143657644306 46294.846334471375 98.71890677424358
44.3171436576443 46122.448401233254 78.41603196402627
44.517143657644304 45983.97084036238 89.4630096865145
44.71714365764431 45874.62446489335 104.66147297022148
44.9171436576443 46023.984779741055 78.10939797806216
45.117143657644306 45920.62993753735 102.8179627988329
45.3171436576443 45847.84029555218 106.57827791299312
45.517143657644304 45905.23481295381 95.61260136257621
45.71714365764431 45880.46847691227 81.54740252862267
45.9171436576443 45839.6559435198 93.05941646170295
46.117143657644306 46255.92208170782 97.23408059218013
46.3171436576443 46178.88334856064 123.13067365966057
46.517143657644304 46306.667452691145 84.30456610893545
46.71714365764431 46076.99385302063 87.4939199988821
46.9171436576443 46153.16785334188 101.14899015366426
47.117143657644306 46108.891784080086 106.09501466870923
47.3171436576443 46190.01322196649 91.63228596187867
47.517143657644304 46083.4746123143 88.09109647639349
47.71714365764431 46154.6513717799 115.63421758178848
47.9171436576443 46179.682138658725 117.91870248416834
48.117143657644306 46287.3193969154 98.16025404705529
48.3171436576443 46074.23087679974 87.84991348899689
48.517143657644304 46173.06384743035 86.70503198240122
48.71714365764431 46192.8722092124 92.49922087862163
48.9171436576443 46395.91805885257 86.7996080878852
49.117143657644306 46611.614980203325 118.9918075999391
49.3171436576443 46359.454536032754 97.13314649144507
49.517143657644304 46279.62361468626 108.34335165635748
49.71714365764431 46340.39160553513 91.77060201562057
49.9171436576443 46209.21577109096 97.68568929846542
50.117143657644306 46009.92557691745 118.10191921130654
50.3171436576443 45880.51708674861 95.98973489148429
50.517143657644304 46107.60911216684 103.04807248206072
50.71714365764431 45937.513562517786 90.57047168754544
50.9171436576443 45983.93853029275 93.26656300638156
51.117143657644306 45813.05570564235 104.7601376721134
51.3171436576443 46194.46950027326 95.83636520108723
51.517143657644304 45806.95470420249 95.86374544545627
51.71714365764431 45867.72357868508 97.02400740005558
51.9171436576443 45910.81832128783 95.11262320006121
52.117143657644306 45993.58800994191 84.66070132170614
52.3171436576443 45690.99420102408 80.82110243380527
52.517143657644304 45736.39729380501 93.74994611533161
52.71714365764431 45620.46659911438 91.6946402391656
52.9171436576443 46050.83033606611 83.08626658144019
53.117143657644306 45727.29633806138 119.58502234586557
53.3171436576443 45661.08796600255 88.60645985805492
53.517143657644304 45709.57650093814 96.12848503549203
53.71714365764431 45764.053361689796 91.98833013991758
53.9171436576443 45589.39066959712 94.86871284257508
54.117143657644306 45612.407516720516 91.35896502422406
54.3171436576443 45595.0765969601 104.98789831446943
54.517143657644304 45696.24424774515 82.87689085625462
54.71714365764431 45529.84170443101 91.20246253978911
54.9171436576443 45535.8356013225 82.91087319490441
55.117143657644306 45742.67309282048 99.73263399675933
55.3171436576443 45905.66968858526 99.37788101490771
55.517143657644304 45667.744103104866 101.60071784794835
55.71714365764431 45879.454956806454 85.85916846628099
55.9171436576443 45811.093969968424 84.60275459746494
56.117143657644306 45902.079398709604 123.98534484138526
56.3171436576443 45842.22580145133 117.82494310669706
56.517143657644304 45830.64797708844 107.85550632354975
56.71714365764431 45755.365728463454 125.00485306714205
56.9171436576443 46065.63032276148 99.05693090406952
57.117143657644306 45630.302777756035 113.15062497307481
57.3171436576443 45746.802953448016 87.37162362210832
57.517143657644304 45683.065010296 96.57258745927724
57.71714365764431 45838.496293663564 93.45980298104806
57.9171436576443 45579.251310277854 96.12687634085525
58.117143657644306 45653.35254077275 116.70039301170515
58.3171436576443 45519.8975864908 88.51962276048381
58.517143657644304 45749.88343584811 85.29689808532824
58.71714365764431 45485.205237618466 102.05503938411726
58.9171436576443 45535.59900659732 100.42540696633101
59.117143657644306 45680.768907094294 114.33148235683792
59.3171436576443 45789.847072243036 103.63294498882551
59.517143657644304 45692.37984626869 95.24852595612043
59.71714365764431 45620.2340409085 118.66229414210471
59.9171436576443 45546.430496888235 111.1535625786786
60.117143657644306 45604.14563425158 87.2487527594246
60.3171436576443 45592.07413879896 88.05552511547081
60.517143657644304 45510.21663381906 86.3081766504448
60.71714365764431 45322.37114904692 93.78799711496235
60.9171436576443 45661.90273769699 110.40023846631601
61.117143657644306 45609.00926965036 100.03583345299133
61.3171436576443 45459.49841956211 99.19410300818352
61.517143657644304 45371.202012515816 84.03643545632028
61.71714365764431 45617.228279618656 84.55882182688913
61.91714365764431 45385.52185399931 81.25922016193915
62.1171436576443 45503.426402171885 90.95860578707935
62.3171436576443 45372.437770315264 96.65456836366899
62.517143657644304 45447.49362200924 111.11422239628405
62.71714365764431 45186.23204792073 109.39073574653837
62.91714365764431 45336.18131777949 103.66397488086263
63.1171436576443 45419.784634957556 95.89719145805734
63.3171436576443 45441.66050873631 87.96491491116262
63.517143657644304 45384.88100577127 87.41372631943776
63.71714365764431 45494.363401916904 111.85151561587487
63.91714365764431 45292.39728575277 101.28615986868233
64.11714365764429 45507.29482205266 97.19902590996477
64.3171436576443 45238.29895475613 102.1875285498907
64.5171436576443 45283.19682589419 102.86947883778261
64.7171436576443 45279.102347502674 89.20521703031004
64.9171436576443 45348.89534985528 78.48141201060858
65.11714365764429 44967.73075485604 94.26706929492018
65.3171436576443 45204.6462697301 99.00023261945145
65.5171436576443 45283.92061024524 108.51745636879754
65.7171436576443 45357.570857187944 78.37997152634189
65.9171436576443 45185.20285068107 97.27711766998524
66.11714365764429 45026.07104383885 87.7955677037637
66.3171436576443 45121.887061366804 102.6052935303155
66.5171436576443 45232.408579923744 90.0348501686286
66.7171436576443 45179.39065292287 140.62160478382617
66.9171436576443 45139.70862018426 106.94593924083699
67.11714365764429 45138.6798863531 96.2613921110567
67.3171436576443 45279.93081354529 107.41658304130809
67.5171436576443 45105.01543666224 103.77760973507968
67.7171436576443 45253.21235923849 88.29053066938178
67.9171436576443 45192.35174149644 97.2412347853988
68.11714365764429 45292.65063882861 86.198590784009
68.3171436576443 44972.58788849587 82.61380327858058
68.5171436576443 45064.893492632764 90.31263290199307
68.7171436576443 45245.62192346736 81.22673212470444
68.9171436576443 45442.89861918291 103.81434190130338
69.11714365764429 45334.22714481093 90.62755125466823
69.3171436576443 45181.466109683526 85.0220339875542
69.5171436576443 45072.897440668676 98.34420972000213
69.7171436576443 45206.943224182556 98.1778149670502
69.9171436576443 44947.67307224614 74.39829242874676
70.11714365764429 44914.87861978206 93.5578089294461
70.3171436576443 44761.086736909914 92.14254512588023
70.5171436576443 45060.320559277825 97.00076439253282
70.7171436576443 44955.93308898673 92.42371824925544
70.9171436576443 44937.094558649536 108.62114667143119
71.11714365764429 44904.497263619545 94.63823783573969
71.3171436576443 45231.42077331185 94.96850959948131
71.5171436576443 44816.08202876675 74.65182123769159
71.7171436576443 44819.759679572766 90.90464273370887
71.9171436576443 44921.56403417645 82.13183041159908
72.11714365764429 45042.36750784509 84.86594525499622
72.3171436576443 44652.21979863606 96.23462281026923
72.5171436576443 44828.9086008639 102.31687557807216
72.7171436576443 44753.31592084027 107.70723401460337
72.9171436576443 44906.35788490569 105.53163957836519
73.11714365764429 44850.087690811415 100.6342881923941
73.3171436576443 45026.784789444784 103.79766960275126
73.5171436576443 44914.099066083814 90.02998402008146
73.7171436576443 44610.05098100363 95.93316041421829
73.9171436576443 44489.16511826642 97.46088059334426
74.1171436576443 44555.51843542965 100.85047970101422
74.3171436576443 44571.64242310835 83.02609787891362
74.5171436576443 44595.19663035114 102.79105207013919
74.7171436576443 44566.57223796034 97.85773298490841
74.9171436576443 44579.29446557718 119.03030213456327
75.1171436576443 44465.454365690515 96.08442120860457
75.3171436576443 44595.287177207545 104.78293133778104
75.5171436576443 44464.22835479381 99.59036981836391
75.7171436576443 44580.08255242315 90.39820519963138
75.9171436576443 44455.61085424266 121.2045935001002
76.1171436576443 44640.70424826131 101.69613392873478
76.3171436576443 44240.503339722825 100.2907416351118
76.5171436576443 44574.03383319674 85.45468378398263
76.7171436576443 44521.125281747285 87.95107364452528
76.9171436576443 44735.19675194759 107.3130691650864
77.1171436576443 44677.41982862698 87.79527868518765
77.3171436576443 44366.887261159005 88.36253484562467
77.5171436576443 44409.683003547856 100.8352166285544
77.7171436576443 44544.71186830531 110.3390677619838
77.9171436576443 44240.64853558553 86.59476026918253
78.1171436576443 44436.27961442791 107.77228593287755
78.3171436576443 44385.665577781016 82.12153786932771
78.5171436576443 44609.54518515158 102.46754131854065
78.7171436576443 44369.646505071265 82.37372996695404
78.9171436576443 44493.798989404786 86.51878987536864
79.1171436576443 44426.25752611249 114.23885248125438
79.3171436576443 44659.5575309546 99.86728657019592
79.5171436576443 44310.008510207634 98.74799927419804
79.7171436576443 44414.309775228125 90.79845977708415
79.9171436576443 44164.60106341162 94.55230178839928
80.1171436576443 44465.02637218474 86.53235750882303
80.3171436576443 44147.15725863636 103.11574762132831
80.5171436576443 44327.38318890366 87.57455107741703
80.7171436576443 44306.45700225798 85.96677666502374
80.9171436576443 44527.64248721316 91.41276841267742
81.1171436576443 44463.21081728645 97.53651621975233
81.3171436576443 44022.847492192974 88.94016147309146
81.5171436576443 44200.19289737554 86.98938951596315
81.7171436576443 44298.282338325414 106.77132473329785
81.9171436576443 44130.466899459236 87.46980666569132
82.1171436576443 44258.44017976641 105.81679156294314
82.3171436576443 44132.27963382501 97.15954296887523
82.5171436576443 44101.21661791259 80.79149008998074
82.7171436576443 44018.71251607926 91.2084266989635
82.9171436576443 43991.95838779684 89.20289799836674
83.1171436576443 44110.93176084472 75.81205120973091
83.3171436576443 44219.40727554806 113.81686354039074
83.5171436576443 44009.65735624869 87.03178021140815
83.7171436576443 44096.29765084034 93.99415669105444
83.9171436576443 43941.45917872915 106.96350287753782
84.1171436576443 44113.44002826511 78.3486035689044
84.3171436576443 43948.961315710345 105.36021646898146
84.5171436576443 44064.743469614994 84.63123908310814
84.7171436576443 44250.58558527089 104.21163372723412
84.9171436576443 44308.602029755755 98.78113836762904
85.1171436576443 44341.21107617406 97.83375870994233
85.3171436576443 44016.703056024024 93.69359203643556
85.5171436576443 43919.800595322544 78.30040196100516
85.7171436576443 44079.389613122315 74.46016215893708
85.9171436576443 44021.986435438324 104.99908394197963
86.1171436576443 43912.91272900444 89.05143667283275
86.3171436576443 44038.42138233451 92.71515868311712
86.5171436576443 43998.013712881104 98.0315385940564
86.7171436576443 43867.48974613954 83.35992069887448
86.9171436576443 43988.65613816199 105.38495343283465
87.1171436576443 43823.0649831062 93.72365717634602
87.3171436576443 44002.85452768426 97.63549608888802
87.5171436576443 43651.85384589811 126.68387893507597
87.7171436576443 43810.682990664616 104.56362526421555
87.9171436576443 43897.28201936733 92.67826668323508
88.1171436576443 43876.83692025963 100.00438229690182
88.3171436576443 43673.47087934487 104.00034647951753
88.5171436576443 43886.52648679711 82.64803054211664
88.7171436576443 43890.53444136493 84.26731637270527
88.9171436576443 43968.22582047923 99.85117064725439
89.1171436576443 44194.19960196379 96.73296866630193
89.3171436576443 43747.495732816984 84.64108196847589
89.5171436576443 43699.3915871238 95.56058950252277
89.7171436576443 43775.886290790244 87.92770163864577
89.9171436576443 43611.42854912233 87.39197810020003
90.1171436576443 43658.312104689 99.10097184600563
90.3171436576443 43632.32477525447 83.03649301163935
90.5171436576443 43790.732041906376 90.17314526912502
90.7171436576443 43577.461066394084 72.7399308243236
90.9171436576443 43621.69947385367 81.5034350104552
91.1171436576443 43551.26186466373 93.02886729084703
91.3171436576443 43750.60239008347 81.90325151877263
91.5171436576443 43534.64141739954 79.32461996592302
91.7171436576443 43652.49928682942 101.59403461694492
91.9171436576443 43528.73647767631 78.22059988272382
92.1171436576443 43752.3294456982 72.61760692768038
92.3171436576443 43443.52473151771 83.29078192289549
92.5171436576443 43617.52895080873 87.77126146246964
92.7171436576443 43610.964644571046 97.57640134227414
92.9171436576443 43658.6866909661 85.59490130347041
93.1171436576443 43438.51634703863 98.08722599101635
93.3171436576443 43654.52124830359 102.40938040409893
93.5171436576443 43580.0566144257 99.33163243700366
93.7171436576443 43483.75879238125 125.00687363970424
93.9171436576443 43275.821412115496 83.99631142329385
94.1171436576443 43547.40715286266 108.42344421077823
94.3171436576443 43395.918583321574 93.79108827838478
94.5171436576443 43477.60178835268 85.51487744459244
94.7171436576443 43307.03547641965 88.58314081749243
94.9171436576443 43533.42782424691 85.93842077571595
95.1171436576443 43435.43831393497 85.08768730549372
95.3171436576443 43534.44048869102 97.35377738697558
95.5171436576443 43333.16383148713 107.20258886970299
95.7171436576443 43334.27978805831 82.60506871917654
95.9171436576443 43273.55550703638 99.26370932796756
96.1171436576443 43341.314330276284 81.62945780982152
96.3171436576443 43233.413091186514 83.60617977958914
96.5171436576443 43448.71508162611 87.69098125174472
96.7171436576443 43625.906726780064 77.186971640282
96.9171436576443 43575.06171809676 93.46512307445855
97.1171436576443 43824.017953933544 83.55519546118325
97.3171436576443 43535.96627729044 105.83108301387041
97.5171436576443 43425.475952167144 83.1001300989429
97.7171436576443 43382.83360446548 80.09968608782255
97.9171436576443 43201.926012753516 87.31616625914651
98.1171436576443 43291.42004574143 96.76852898673543
98.3171436576443 43270.80575206794 91.48825574221937
98.5171436576443 43339.46196926447 105.5556969825791
98.7171436576443 43217.26956344303 83.83763277038217
98.9171436576443 42964.56795793607 105.58903711993035
99.1171436576443 43040.90700801539 80.16554089957394
99.3171436576443 43323.25859508677 93.43592070529766
99.5171436576443 43291.53224828389 76.87880271955176
99.7171436576443 43365.652834689594 88.74095642946213
99.9171436576443 43243.55503553125 77.12089839877257
100.1171436576443 43361.27812889902 81.98741600124507
100.3171436576443 43270.30217553921 98.9592166964474
100.5171436576443 43434.57888352401 94.89188911560359
100.7171436576443 43393.37016152447 89.7699132662424
100.9171436576443 43463.94654910336 82.51408051302337
101.1171436576443 43681.8172216664 83.95765719493642
101.3171436576443 43187.11065939128 105.12131096446659
101.5171436576443 43330.41434667002 93.08196709022837
101.7171436576443 43280.03149772051 80.05401931203187
101.9171436576443 43214.63055772679 96.1685303807748
102.1171436576443 43073.130345721576 80.56735932211535
102.3171436576443 43098.94306871459 104.00298570021448
102.5171436576443 43074.024205429225 102.49374151764948
102.7171436576443 43048.06646347348 90.42992847001008
102.9171436576443 42995.850276052035 80.92845794231474
103.1171436576443 43085.32649176529 104.44122473318662
103.3171436576443 43121.91728723247 89.89672679960981
103.5171436576443 42895.394346440946 76.9648541522564
103.7171436576443 43244.61726203047 92.41771702880592
103.9171436576443 43049.2462018204 110.8735132409178
104.1171436576443 43311.5450105848 87.63003131986218
104.3171436576443 42932.24923663064 86.55051668262593
104.5171436576443 43286.6890568971 88.42925045361535
104.7171436576443 43015.58985496005 82.52872417862974
104.9171436576443 43367.58602553431 82.73050385286601
105.1171436576443 43310.772948978454 76.43979154623277
105.3171436576443 43158.35042541891 91.03588871007089
105.5171436576443 43174.34202385513 92.88866924500938
105.7171436576443 43205.346764819835 91.9892763532906
105.9171436576443 42821.371475059364 91.97331536793155
106.1171436576443 42974.88331422128 106.43559733561798
106.3171436576443 43078.28508315091 89.37381254252828
106.5171436576443 43076.62984952303 92.44980851416412
106.7171436576443 42867.346681872055 96.21607866938487
106.9171436576443 43045.37499070838 101.0068507502622
107.1171436576443 42975.3265072619 71.13111510408243
107.3171436576443 43247.559252987034 92.49351564508535
107.5171436576443 43000.24963860458 113.10354029382775
107.7171436576443 43027.80869941244 74.37442110012599
107.9171436576443 43149.96417913925 93.05621044534011
108.1171436576443 43167.518217044235 97.0195479889354
108.3171436576443 42854.582445262546 107.68658784077388
108.5171436576443 43016.39319390395 76.93827995311908
108.7171436576443 43034.08791277335 91.90024711708774
108.9171436576443 43328.35454271722 100.71572164185852
109.1171436576443 43400.73941017937 89.29438279727638
109.3171436576443 43325.38333879896 93.65972500214089
109.5171436576443 43038.09734758292 93.3125530935728
109.7171436576443 43037.00349410433 94.87801819107962
109.9171436576443 42913.70876990928 83.6029816637182
110.1171436576443 42971.56607194117 79.6503441456957
110.3171436576443 43079.7527059703 93.36866892612184
110.5171436576443 43018.131639152445 107.08341810167954
110.7171436576443 42955.7764761147 95.67837660687353
110.9171436576443 43007.157428753046 103.27790127209666
111.1171436576443 42983.93909824309 89.50647498437628
111.3171436576443 43209.867026718915 88.10241043546495
111.5171436576443 42977.427928359844 91.80359746078719
111.7171436576443 42974.440332069 96.671681719487
111.9171436576443 42961.45863332572 104.78285486984137
112.1171436576443 43104.45231120669 84.80714509619618
112.3171436576443 42934.2 90.87007977378057
112.5171436576443 43077.562197785635 79.49787920261532
112.7171436576443 43165.86503367646 83.45575711151419
112.9171436576443 43339.91801585235 97.5037313101722
113.1171436576443 43906.622818074844 119.28256856398569
113.3171436576443 43044.162705606854 84.64792300726026
113.5171436576443 42969.11487426609 90.987795823142
113.7171436576443 43072.95443377625 93.03261702686454
113.9171436576443 42761.635610684156 98.04411928412136
114.1171436576443 43035.18895175274 96.13141832468635
114.3171436576443 42883.71409068824 82.92577695324779
114.5171436576443 43137.78697190365 121.65930721743477
114.7171436576443 42821.88873969415 70.68836537387928
114.9171436576443 42828.59698047829 113.94219722013098
115.1171436576443 42890.144984440274 88.39024065221578
115.3171436576443 43153.884687178084 106.89983851879705
115.5171436576443 42655.701124063504 96.73076138311228
115.7171436576443 42988.16206154147 102.94290884390165
115.9171436576443 42888.80615534643 98.3623363304689
116.1171436576443 43109.872180446284 94.18483965880758
116.3171436576443 42794.177706600094 116.98504043596775
116.5171436576443 42939.41145641681 105.84362179083675
116.7171436576443 42862.28284521764 89.42865458634714
116.9171436576443 43302.730183995314 84.96686694885824
117.1171436576443 42929.07232675662 85.47961111529396
117.3171436576443 42777.54577913265 93.37719532826353
117.5171436576443 42895.84521273642 95.12723711479697
117.7171436576443 43061.47298201954 96.69375610005267
117.9171436576443 42682.408101835004 79.01071453982016
118.1171436576443 42746.995497871096 84.46609350759196
118.3171436576443 42842.91834315032 101.23666726989956
118.5171436576443 42920.24456316961 83.36981479872877
118.7171436576443 42635.80581444077 84.29105569824108
118.9171436576443 42816.59532433322 117.61467317072594
119.1171436576443 42716.06797378919 91.52740617143209
119.3171436576443 43001.496269226955 113.69021597170007
119.5171436576443 42646.15584715815 99.8796215998706
119.7171436576443 42764.032070404064 101.43696164276335
119.9171436576443 42841.3381280806 106.48178411635497
120.1171436576443 42941.37665364616 101.79555030329043
120.3171436576443 42612.48195744418 79.6919464797918
120.5171436576443 42590.749533397655 86.74549840896978
120.7171436576443 42380.89584226942 100.5787229452633
120.9171436576443 42480.50904298276 79.7274233496924
121.1171436576443 42490.10544067822 80.97556940477874
121.3171436576443 42651.05909831759 78.32269080687266
121.5171436576443 42564.136869920054 85.067106345088
121.7171436576443 42426.40766608581 91.17464299829709
121.9171436576443 42266.91048838953 73.12879009637777
122.1171436576443 42400.783667993106 78.80679738809516
122.3171436576443 42332.0395484125 87.76449586652028
122.5171436576443 42288.00145409381 109.085995092295
122.7171436576443 42006.28564777093 98.51889306838092
122.9171436576443 42039.5932555445 76.09903470996244
123.1171436576443 41749.21993476569 84.78678847733525
123.3171436576443 41557.074651705414 84.93664633993887
123.5171436576443 41118.5093046511 98.12226274546256
123.7171436576443 40957.715894388224 83.31031853527516
123.9171436576443 40988.707658586245 82.1654198590056
124.1171436576443 41004.43051339324 90.96828354281153
124.3171436576443 40899.51716164882 80.09898232324703
124.5171436576443 40871.88635687893 90.99635823283924
124.7171436576443 40921.41151920339 101.70068067779522
124.9171436576443 41087.69243363236 100.94846942434047
125.1171436576443 41058.20690296717 88.71831619950936
