   4266144.7854960915     
   6442915.9546159748     
   1202065.9839774515     
   1362664.1446279006     
   802696.18659563456     
   902304.41525152663     
   784231.84739280317     
   3639388.5415928382     
   1515224.5489701740     
   940238.71653533541     
   821181.28299569094     
   809281.02954679751     
   608747.51187096292     
   660795.46862003638     
   779448.88123309985     
   745613.03100818163     
   607658.69940301077     
   583900.15213323734     
   664219.80871995294     
   658078.59708397626     
   658622.47601319337     
   685358.26518870599     
   714545.04024048010     
   646455.20285290550     
   640564.25185379467     
   686582.47129310342     
   627801.35583134636     
   641480.65748867404     
   604562.46426593803     
   595215.45218322775     
   634116.13449105108     
   579915.78588254307     
   680895.30610287562     
   729469.49713042891     
   598046.96576252754     
   652880.76135376969     
   644290.98960237089     
   27135.706024871019     
   1445866.8515719620     
   1001890.4121984642     
   739099.88096389605     
   771535.90787033923     
   621550.68362703430     
   550207.79949345998     
   15186464.102896938     
   1399943.9694716043     
   784363.82945612783     
   810179.20212056115     
   787945.33308813546     
   690346.70669052913     
   701350.11307797860     
   675129.16861955333     
   632170.48164283496     
   667830.60891909990     
   747754.17266758357     
   612408.76727331756     
   563839.43772197876     
   622639.30136244989     
   576556.90135245002     
   758099.73751528247     
   592862.59425646148     
   560513.81421793019     
   590070.71308926214     
   658988.19294967153     
   623919.98651617556     
   615688.16072883771     
   603729.02350217861     
   634544.78695492307     
   621328.35154393921     
   711905.66349002253     
   625930.23735019192     
   663185.42140874953     
   641793.53182033694     
   556567.63622002944     
   854471.25916225184     
   692201.56003058737     
   677666.29800448869     
   560856.39336236659     
   656639.22326839820     
   536776.46386626689     
   740044.27331614378     
   590143.97967168130     
   717908.58703404292     
   680837.66802579665     
   602434.27099257929     
   597643.80882917403     
   604914.87746429117     
   598339.06440413499     
   603244.16876545409     
   645818.24917521805     
   571323.43743999396     
   636450.64605870529     
   733282.43957331823     
   653358.28015676304     
   656563.06694597960     
   594844.52235752391     
   737437.48769257846     
   3540175.4965961445     
   970364.27137929492     
   828021.90763967368     
   746169.39225627459     
   612498.75130277348     
   636586.93143089395     
   574411.14935777709     
   620720.99266541190     
   664194.25530395191     
   673219.02031991445     
   683263.95862410113     
   566720.70520235156     
   571838.78457820648     
   574853.13639537571     
   742311.90400568396     
   677213.26030491025     
   709752.96411106223     
   528750.79495377082     
   664867.10264842398     
   579264.05207766220     
   518152.66587807622     
   595057.75038341316     
   633382.64820342523     
   707631.20908051508     
   599626.22667218605     
   634663.15066325059     
   620160.09718170075     
   684533.31764040026     
   721977.73469783948     
   646611.54259040894     
   745370.93845158524     
   579126.28311613610     
   605865.33955220110     
   649892.41004627466     
   678919.83071700484     
   648811.40460116649     
   606483.70618303970     
   591380.51359356428     
   571237.75097433059     
   599112.24399296555     
   565198.08377665433     
   600037.99101914698     
   641678.14385398733     
   536723.15080193267     
   599812.92161025491     
   657620.69622897252     
   523439.80893393140     
   645939.94509080832     
   640304.51923206577     
   641832.08447063447     
   697065.52906185377     
   678957.06548758107     
   559131.85143397236     
   585656.77259606565     
   622238.06714057713     
   596005.52780756506     
   666314.87895246537     
   660725.57598258881     
   634872.96116870618     
   568705.03106765263     
   606384.62273751025     
   613727.90110175242     
   640161.75424551871     
   682605.20701185148     
   576102.11480471643     
   741528.73566542566     
   618090.98894993332     
   579710.41851030069     
   725448.38389312918     
   577009.49064023257     
   652954.29241977958     
   36842.438116036967     
   1558594.9905937957     
   855951.25380251638     
   816431.64039259369     
   687492.17216675042     
   637024.12535127020     
   759236.36008346756     
   692879.32796644024     
   686746.68124640547     
   651784.01179842337     
   1540371.3393682700     
   815512.77305079240     
   647445.90729628631     
   583494.25887968356     
   637618.92358926672     
   610240.04892060126     
   639502.45680938952     
   782795.74241580500     
   734430.32489083696     
   678996.82950221596     
   674104.78528764611     
   717850.82867994416     
   595215.24050238729     
   591783.55605051026     
   679508.55625563860     
   690894.56880010932     
   617247.62365918234     
   637978.03003980056     
   676326.56192559632     
   688760.37650714128     
   577979.23521625239     
   664898.21250707353     
   611123.52024908876     
   639918.91340677324     
   589795.56479056180     
   620154.31291932368     
   581242.16661487881     
   644117.01842883159     
   721261.62290212163     
   634342.93736081012     
   604510.31804601825     
   670195.21211353072     
   576401.57552817976     
   556250.64336917794     
   647669.07330983982     
   559400.72623433196     
   645215.16037011263     
   632837.80880389560     
   585192.03704994114     
   614026.84184971312     
   616050.04213245760     
   726340.37093800562     
   734118.25854303699     
   580796.56154637749     
   678006.83724968706     
   626785.76193968614     
   649369.31794705219     
   601058.39829678857     
   591269.71785296779     
   538210.88984521828     
   582261.68480825913     
   634344.72961330367     
   565327.45485839201     
   610946.13248492975     
   638578.05075470195     
   697927.26271608879     
   609215.66403591703     
   674245.04938566615     
   658792.42722284491     
   724834.99959599844     
   610252.01254022308     
   569552.33943324129     
   632045.87000359350     
   684429.83432966005     
   574318.05074611504     
   598628.27941220999     
   585354.67848863010     
   619178.46704192145     
   585133.67198970204     
   584588.87631796068     
   640867.74156728305     
   560412.25115758786     
   666436.10582587530     
   614403.08692357712     
   630810.86160770478     
   645402.94321259833     
   573658.34969254804     
   609840.70574763813     
   643100.89476256561     
   654422.11886177480     
   593429.40702072904     
   711482.22941321856     
   691900.27255939308     
   594610.90644939383     
   607261.25176901068     
   598140.98546186532     
   682581.35747420928     
   612475.33143025171     
   633739.99553192966     
   615617.92187188286     
   735753.07167553774     
   606896.68944076775     
   634737.18946932023     
   619069.49828878441     
   598611.98932347621     
   603499.42855702387     
   654581.21898876317     
   610467.47321555717     
   604880.29456444620     
   751702.40502164059     
   569776.32030444639     
   652750.21007424546     
   640025.62706757139     
   650309.99117680057     
   660892.72753591894     
   628812.66246732406     
   585673.68716195598     
   594479.98010083952     
   614558.47676598164     
   674302.00693593721     
   630465.61541511584     
   638890.33742128382     
   658908.89063861943     
   681773.71688458370     
   642759.33731954719     
   610037.32374947739     
   560143.90191155090     
   646785.95736138907     
   611878.14679796400     
   600014.23706516856     
   557375.34139436309     
   605619.44364138646     
   628756.82203983178     
   637643.40889168635     
   552309.41454219434     
   689239.08709687169     
   572877.96939458873     
   700623.49408809550     
   634699.51925518666     
   752117.13564974081     
   547769.51814952120     
   588411.04739351338     
   637618.45163823443     
   647806.05461076694     
   626235.86280924873     
   714695.89876568434     
   46110.842745597824     
   1347633.7569196697     
   751041.04266765458     
   772040.56274719315     
   803122.18484493834     
   688168.55351955665     
   681331.21791195171     
   647208.24097248435     
   799697.77800192276     
   665243.42689501669     
   670791.54085859586     
   824370.00456824992     
   40102.109621378986     
   1454627.1852253457     
   953854.36273726437     
   703256.36643627263     
   600555.21886200889     
   680949.77384273545     
   668288.57876787812     
   619470.97344883997     
   624775.38822723401     
   641769.58488421666     
   622140.26109285781     
   685546.94387689279     
   641454.85718509159     
   666402.36588831258     
   572670.82892105612     
   633700.75786321762     
   589215.63432391395     
   690927.29897188488     
   661972.85283954919     
   554095.22052723600     
   652580.37738375622     
   673994.65586263814     
   619381.72992186202     
   657546.72909633117     
   38215236967.644127     
   681513.62659724231     
   612150.33435558516     
   612047.18184209301     
   651470.09593286680     
   660790.91650043533     
   695153.96406811452     
   659466.19548442634     
   713229.56414853444     
   724507.41792928276     
   657774.36325567251     
   626734.57000144524     
   684801.19964536326     
   651839.34875905840     
   624433.10098091862     
   590417.65309300541     
   666384.99638380262     
   641680.42674796516     
   597633.11872427631     
   655394.34337415930     
   702504.55430154083     
   634513.54787405895     
   671767.78080177563     
   830550.19101885357     
   634062.69861302234     
   616449.71799441229     
   688987.61421558191     
   674614.51492153085     
   585054.68423218199     
   618929.49920451571     
   564188.33851547015     
   571811.20551988238     
   619943.58405394829     
   598092.62383264466     
   646329.05117629573     
   707152.74002777389     
   620633.54194283136     
   716479.53096236428     
   602642.07458674547     
   601006.83984811930     
   567135.04715130862     
   609971.77842955233     
   684847.17760848661     
   583694.89550601935     
   675430.00149616436     
   615621.13323806564     
   11827536.859067155     
   1226425.7835870590     
   772850.71285672451     
   782513.20972253592     
   8580839.3446152806     
   1141778.5235873999     
   945518.08179132431     
   680564.17032212461     
   852704.94405616121     
   705840.81074465555     
   652940.78153479798     
   641631.90973720339     
   696997.13163844182     
   702099.70675343461     
   649524.84842365212     
   749156.24512228102     
   674878.51697595289     
   598845.18960244325     
   589112.19012803480     
   633045.16239894740     
   690694.72266521514     
   699387.22249789245     
   2627356.3932048306     
   949765.66191628820     
   829202.27453484002     
   798082.06179333862     
   672917.65785547625     
   744336.64824372705     
   690834.07585077081     
   731962.89995224262     
   817932.66085209465     
   751306.37614748836     
   616516.27906155295     
   688188.65848741436     
   661891.24530576600     
   608080.39822084992     
   602725.47467154777     
   676265.99352825619     
   640493.10302269657     
   710304.88390239724     
   713779.45703640883     
   1695713.5123134435     
   969138.63609778695     
   813417.13732526416     
   785613.04423684697     
   830166.65222483955     
   749583.35202477046     
   30224.339788959140     
   1328864.4526265024     
   1149833.5601464871     
   769746.94021620520     
   792074.64324533439     
   661880.57813737087     
   762628.28633971990     
   656583.95655819483     
   677496.62756764144     
   584684.98042293359     
   649215.94987605896     
   651797.66612936137     
   708704.06723047397     
   682115.72476179828     
   693226.68938128231     
   715185.28770100011     
   685446.74810819270     
   719480.09807372629     
   690203.42224917689     
   668925.46220879909     
   606368.78355049761     
   561394.13494090654     
   562685.39739914832     
   686128.61675021367     
   695538.90072989394     
   687156.87184107385     
   610541.90397689457     
   582895.68565641344     
   691898.83628145722     
   604663.69762895734     
   698456.49540482648     
   649496.01435588510     
   625906.20355743379     
   619344.13951160014     
   10889439.675930511     
   1611943.2523295167     
   894546.23514356569     
   770404.59446095384     
   745904.87654127099     
   792833.64788025746     
   636056.78681101569     
   819891.26446273772     
   717635.26759082987     
   635915.52702149481     
   652854.64412806230     
   725920.23135002749     
   694858.65655380010     
   718341.83878284099     
   652913.09778720501     
   646172.04858104151     
   572828.55925453978     
   659556.55144362524     
   656284.09527378052     
   628103.80574974127     
   610831.81915466627     
   683419.03582038963     
   715667.11313423875     
   598417.98760174867     
   596026.33783314656     
   651788.26748185977     
   625518.80553747329     
   705275.20345875551     
   643132.10047761735     
   596483.23250530846     
   608654.21071363299     
   569929.68588659877     
   726552.83003859443     
   603940.98126570601     
   725077.51483239350     
   600700.20493390691     
   697542.00859387987     
   724201.21839238342     
   648703.74414245749     
   702162.19654458691     
   596640.21558125666     
   626935.59402059356     
   659857.90803443873     
   638122.22705421678     
   587727.10507910361     
   692996.86260643916     
   589849.17070457013     
   547266.84626683267     
   671776.35924048908     
   672306.05314741726     
   625313.79996823194     
   591035.42263223568     
   692080.90357110696     
   665937.26022454677     
   622999.50818398746     
   633754.85502566805     
   671699.59301974333     
   620536.53785731702     
   733084.27345246100     
   623089.85687279887     
   617743.71532548475     
   14761789.754894126     
   1074079.1169552994     
   813994.46843046020     
   598060.73692154570     
   814544.13708651206     
   652357.85904490994     
   595188.06584513560     
   654559.93934546760     
   713798.91510942660     
   687619.84744291019     
   776021.95915218990     
   686800.47852525325     
   705878.24102788977     
   638908.42169775942     
   627546.13618125033     
   692018.81307176000     
   642562.55866612587     
   677914.38098955748     
   665947.70308584545     
   586175.32317929924     
   581453.99072482518     
   620696.77865689935     
   668199.40502223547     
   616645.60247625725     
   707340.45107076294     
   750074.27499666519     
   659710.21305518784     
   585436.50280611496     
   633195.58382523688     
   684590.38804880285     
   563243.14636986435     
   681397.70293559856     
   600724.59897254664     
   644458.52983807842     
   640111.03956968582     
   554781.30135463818     
   552122.48430752382     
   612902.20963154116     
   582322.21841979458     
   682766.52152764786     
   676426.41575249727     
   586284.63839058229     
   610463.07233049429     
   693874.79502890341     
   624630.55274892261     
   634186.88825852238     
   604504.49711522914     
   667721.37303851219     
   633447.81465686474     
   619323.39633024542     
   736414.69576898660     
   18664286.292887889     
   1584585.4952071118     
   1044970.3499012679     
   35568969433.266205     
   650454.08984302008     
   12813524.562467195     
   1523815.4495914185     
   981675.71562201448     
   891599.47813226760     
   885712.24322742189     
   714714.76682423707     
   588350.75121468375     
   663337.32098307204     
   617598.64580155769     
   677620.93151783349     
   650030.34032957198     
   725460.18033273588     
   614117.14942658471     
   743646.30630678148     
   746061.28230766288     
   690299.27437534789     
   638781.52104571403     
   560377.76110653614     
   662021.42411213892     
   641344.58945013303     
   638919.26121235895     
   9808067.4544408713     
   1240544.0762669973     
   924666.52119408746     
   714779.52963300119     
   673060.58873470733     
   632769.16388530331     
   644491.44182981388     
   744817.92665502755     
   693967.87083389040     
   719180.99774238130     
   731494.75698900700     
   657484.13085733389     
   689102.86211631959     
   654991.60981255642     
   596562.23640694271     
   640852.36453695409     
   613371.49525562581     
   650007.12706014526     
   15347937.881543763     
   1119862.6304635964     
   820334.34187552473     
   775894.29987645173     
   691415.37195542443     
   736481.69086663367     
   725186.84992013732     
   685628.75657079532     
   624662.10683536669     
   633748.64843919128     
   688142.12658036035     
   644194.15079169441     
   668464.76459342928     
   548859.20633010496     
   581679.14077258471     
   671401.20278459648     
   643224.64858826005     
   648276.46043407463     
   696954.99301028135     
   613988.10410938621     
   1690825.7388741798     
   957630.17805262061     
   769138.53516070638     
   748631.38020847796     
   760258.17661599233     
   654471.02997486352     
   10381489.931810210     
   1296938.4675645749     
   880258.19574569690     
   788981.57432286721     
   789215.37287683494     
   700657.53825169371     
   662727.15194722381     
   619785.92552165478     
   692542.98253933422     
   690542.18866302457     
   660987.01239293534     
   668991.84509143268     
   730598.51295903709     
   675541.83399643539     
   667056.30242754391     
   658839.65758693602     
   674659.57043955650     
   829845.66210409114     
   677488.41596831265     
   656979.97341056273     
   769461.85621067148     
   560340.01876304136     
   602124.73001216224     
   594676.64951924700     
   733562.24273749138     
   666271.27595429623     
   621778.97425325762     
   561023.33775392803     
   621657.28923601611     
   759234.01942642161     
   558160.47675219725     
   599309.07529450825     
   582501.81925251673     
   671216.00086281146     
   562236.36728315987     
   670924.64849215036     
   681898.09778547136     
   662211.78993785649     
   665062.49870458792     
   558324.59492549370     
   651412.34785527026     
   683777.85194870387     
   712183.66462302173     
   589735.27992266044     
   606705.25421685586     
   587290.43947710842     
   599628.50432830781     
   716163.69273483288     
   567379.07512345456     
   588445.97008062468     
   12685392.487373689     
   1084747.5798660580     
   812066.63127310819     
   825797.30631280644     
   723948.33842121239     
   734615.48990924202     
   669693.42025434994     
   617801.97155856830     
   594908.77480510215     
   678947.04606031952     
   637034.85239877366     
   684289.85554102017     
   698504.15212049079     
   765773.98628612235     
   632590.97024932771     
   657831.66794973600     
   677141.56351966190     
   651043.85549958446     
   648179.24828129378     
   664278.46006874915     
   688189.92984889098     
   661095.28012703895     
   651147.27494429483     
   755740.20744245744     
   662377.43548879283     
   718133.74158075987     
   651816.13941176236     
   711684.89367382298     
   679264.79937340238     
   645566.04443972802     
   659748.36017703684     
   3925765.6504580951     
   1004333.6776369960     
   892636.45596778567     
   731777.30090227048     
   750267.37495885848     
   725545.80799659993     
   857787.27611340105     
   706290.07915245567     
   643623.15977911779     
   695414.85415217432     
   735252.50691066240     
   553767.40646732529     
   705880.12455561210     
   713060.23943649256     
   630720.35920399579     
   671488.67281581706     
   609842.70770749380     
   632085.03879910731     
   593354.79059528117     
   611113.09356508986     
   1637322.6586744955     
   902729.25908416265     
   873992.22661735723     
   788169.16066999908     
   652051.36300128105     
   729038.99746943999     
   660856.59638605081     
   719367.79241030023     
   743134.57825967204     
   648410.22760635533     
   787410.43379940256     
   616610.64859601564     
   683092.74537892058     
   638564.95631523465     
   695987.55372882076     
   620097.58430375415     
   532363.68344828708     
   657265.64193027490     
   638067.22198499355     
   588066.85972497321     
   656078.47466622212     
   629664.32213630620     
   606966.74838664511     
   614641.38997858251     
   681877.59111874632     
   588301.10599706415     
   626185.54954239365     
   663543.78969869076     
   623625.55953608442     
   594418.92747449316     
   36208.154444072505     
   9038541.1832259856     
   1946603.1694504910     
   913437.26287501457     
   775809.30983106280     
   843263.68910982530     
   697919.72136061662     
   677254.49334040086     
   645842.02938089857     
   672182.20289620443     
   608047.85414983041     
   572487.96480208647     
   765535.28491152020     
   596308.10593417101     
   659678.57110711257     
   668570.24407556490     
   696073.37107400328     
   700989.68279747316     
   689333.56342412904     
   613867.56530287268     
   641705.94249800174     
   678731.02590074914     
   611547.80286212626     
   661464.39190616866     
   659472.76161926764     
   644048.15835004498     
   712675.61115617724     
   722505.10025089816     
   739159.91290454601     
   638787.75787543505     
   14384823.267453929     
   1090404.5511554542     
   833341.81621970551     
   835745.63998770574     
   639037.08126095426     
   630465.39619470807     
   710762.08963043278     
   686679.38793373248     
   709954.12623280345     
   593236.27567742195     
   700168.31631889520     
   642429.13233883376     
   656262.66837221803     
   586986.02945523523     
   685199.52240291378     
   659415.61217564484     
   631344.45384674752     
   647358.40230831900     
   601964.35352700902     
   667556.24270343245     
   636298.14153478318     
   600724.28407895390     
   602299.28368094668     
   634436.68132131535     
   606338.06722573959     
   903946.55459408183     
   714357.33915084251     
   41497928442.618095     
   733458.34497595904     
   656659.47572613903     
   735543.72780267079     
   568718.09238238086     
   692164.22192011739     
   706941.28538827749     
   747983.01929203712     
   647344.26695322886     
   6690912.6724099303     
   1078075.4815760835     
   860232.35500327242     
   749649.59871319984     
   625281.66345217102     
   638588.30919510452     
   658614.32228430873     
   758750.22652343777     
   744866.51984816161     
   665222.11226194818     
   651832.47446607414     
   684575.65803239425     
   599257.73671471619     
   642528.02775695571     
   712885.02001868025     
   700954.25479412719     
   611442.87447908381     
   687259.59334672708     
   573229.21074887656     
   720346.18657378375     
   4798409.6038397234     
   882115.06463670358     
   897239.24825609091     
   714685.63260016835     
   797300.09957903367     
   644770.33372272656     
   769093.50309328432     
   678745.70286788885     
   680391.69257719209     
   690983.41551181697     
   710360.70733758807     
   642882.81949177757     
   713784.68906796875     
   610570.57167171640     
   682353.99009387940     
   665186.02269938670     
   579975.95930492377     
   9231827.8674899582     
   2191882.4996917425     
   889980.77944885439     
   823641.80732553930     
   758564.18513794930     
   808195.08485493402     
   717126.48840351577     
   663842.35296256491     
   600180.98923385935     
   743695.51250635344     
   635608.09450614417     
   672477.38620707148     
   639335.17727582378     
   755903.81155171699     
   626786.91687041125     
   651853.24535403238     
   608899.31525312457     
   580592.14151864557     
   719862.03012320364     
   701556.01482095639     
   661127.07381745882     
   727150.57107554190     
   602332.75116918795     
   645242.45476255449     
   623097.33876875881     
   669763.24994885072     
   646859.79835130484     
   587128.64654294099     
   687397.76095764700     
   756624.17059762380     
   665960.10488067707     
   663355.11392543523     
   688847.71572298242     
   679837.77130757400     
   691507.79605568643     
   679681.30641173641     
   738143.50077387539     
   656522.87478412781     
   630922.99282035732     
   631191.25688708492     
   606506.85492167948     
   601392.41513171128     
   743779.88240573497     
   629104.22050676227     
   700076.86916965200     
   741721.71690935025     
   645058.00492805580     
   655412.96824562747     
   648954.79704438057     
   653198.69325387524     
   654679.01743894245     
   557137.99606886727     
   643115.98209536774     
   654361.15987505112     
   739238.03494784317     
   690672.04792544083     
   698429.47562686226     
   616268.75367186265     
   709897.56071397034     
   724163.74815945898     
   654234.10929513071     
   649691.30233429151     
   742514.39606915961     
   2193713.0519629535     
   1101302.5296009660     
   848559.04412902682     
   909984.57962765160     
   817591.68458945677     
   722978.66726793873     
   729284.38684230438     
   764291.73584520165     
   670522.14919017442     
   623409.38705719379     
   577248.07795750047     
   656839.15891743870     
   613874.35176522809     
   630369.39102196333     
   767680.27138692758     
   675637.28970645729     
   654192.70174555003     
   636825.96094549156     
   642210.75335149874     
   534475.48149119504     
   699771.46968004026     
   669510.62879801565     
   705826.71816982841     
   628917.23708246637     
   627423.26794051705     
   573324.71710213507     
   580578.36311634164     
   655797.24115155882     
   730218.45814567327     
   637278.26635568484     
   692148.95013921126     
   659311.39231534488     
   637699.40506332542     
   623572.29748709872     
   647808.95101714623     
   706511.43843773718     
   597565.55123705708     
   633790.14067407930     
   633803.03352909163     
   636836.61985467793     
   734763.95145661256     
   608769.41181561002     
   666164.93640238279     
   623666.17341896868     
   703733.96731836046     
   709997.86526120396     
   616688.32259352924     
   569636.84654851409     
   664020.50011035579     
   589925.13118376199     
   610809.76589602465     
   708558.65008326177     
   586714.51446284272     
   757261.12266267207     
   775650.61349593010     
   607127.46362812642     
   690953.31987635675     
   635408.33509647718     
   686326.42319762392     
   582566.91978201480     
   678096.44642790302     
   660164.92935649282     
   649812.88085090229     
   723799.11883049784     
   557339.02288293128     
   753278.64504085411     
   658496.73252737999     
   577425.36168248171     
   627512.00441812677     
   682571.50708411890     
   653456.56263506878     
   634869.51019238774     
   768792.64992798562     
   723284.96027345303     
   650460.46511575393     
   620994.66424956324     
   593184.96763587510     
   31332.451699931600     
   1834273.0653467821     
   971383.28668981302     
   784822.02936548344     
   891703.77831278380     
   752450.62622620165     
   692814.50121985807     
   670846.21854652604     
   693534.03902139934     
   685735.30318180902     
   726025.61059709336     
   656481.30519563903     
   699501.54553516314     
   639145.68391649448     
   705608.70863314159     
   713207.85988291784     
   672730.14511151472     
   604237.29457528202     
   719799.77429078962     
   866744.92374078103     
   561259.54474072938     
   678407.96824483550     
   674493.59994284541     
   718879.57220825925     
   701266.88364678936     
   682373.60250362731     
   762986.84771120397     
   785816.13216907601     
   622595.25292856654     
   646678.94450412819     
   662361.14665095450     
   641282.89433687727     
   668915.85970115592     
   577978.69032730698     
   714172.58157647983     
   585890.81154382543     
   666196.55816944386     
   681748.02588889853     
   676612.86698289262     
   689895.37027331616     
   733529.02673280938     
   36635.903634149596     
   1730483.9825287778     
   789105.53597294155     
   842790.79086401185     
   698506.50115312939     
   604271.65507378359     
   827261.90943736804     
   679230.40979693516     
   637381.00892199227     
   705895.72717105155     
   733583.11955580255     
   637950.97844044550     
   642344.72754006390     
   649270.93507458922     
   783561.48113196366     
   669881.65054082673     
   715371.89085405029     
   792769.11956152134     
   606494.07420981862     
   690975.84256725665     
   667010.34720178833     
   656499.48807264236     
   651921.86879222014     
   636315.68521863385     
   756364.46566346183     
   610371.44384628744     
   672543.67432368349     
   685078.36117082916     
   576875.08380890358     
   608728.55365834595     
   655337.74134683982     
   684600.31428458262     
   627663.37440002232     
   638305.93234820385     
   556331.32945822435     
   662188.15596501017     
   687030.41900930379     
   695818.94086969504     
   582168.84167206043     
   646294.78226087755     
   754228.88987379929     
   675614.70166207757     
   602369.12866753014     
   685037.75425719586     
   809453.27190574305     
   591897.68266139226     
   754020.44954128261     
   575823.52713095152     
   648044.67620192131     
   691189.09100297710     
   607991.08854101901     
   659925.85458636703     
   651758.47244017723     
   669712.11904233799     
   639720.40433516062     
   666349.72353199450     
   617768.60425093363     
   659773.98158349772     
   595958.90034747857     
   665053.09402070369     
   682661.86453872244     
   579684.56289092009     
   614172.97152658238     
   685117.90901865496     
   665559.40589086968     
   34151100512.596516     
   613768.47293566458     
   585694.59413939831     
   639825.19764835376     
   628941.27351828734     
   670814.71536865877     
   612831.78520938812     
   749129.85854211333     
   629635.69310841779     
   744936.28580438986     
   735055.09156093362     
   577736.36370147683     
   626972.64466576895     
   608449.75936117326     
   660949.24668761168     
   641486.87037129211     
   665035.55402680719     
   722920.62245551660     
   668562.58293140295     
   733586.53628203203     
   661746.03643521992     
   638327.57703642524     
   742104.32494441071     
   699124.55426586862     
   700935.78558497608     
   1974828.8195404008     
   1116786.9434205792     
   800370.31267506478     
   781631.94915947644     
   637274.17006757786     
   766182.15695525764     
   814288.35942631098     
   675300.26559288916     
   606003.52228398807     
   702491.22659954708     
   746198.10884616291     
   722879.13443336624     
   652074.30804923410     
   656773.99279199366     
   596349.01658516540     
   744262.32355540711     
   630522.17651100957     
   664913.85783656081     
   668662.77339532773     
   550116.74234231398     
   599692.33739458513     
   753476.91400281829     
   638877.55124530871     
   711788.03115727741     
   605282.24412608135     
   632447.18955574790     
   591926.19638815499     
   638329.20910506113     
   687139.19914784981     
   678323.07969424012     
   653852.49555655487     
   758713.26145205158     
   731209.40803413722     
   672893.57345557876     
   624792.35499312414     
   657457.92171357537     
   604550.10002044705     
   653171.66726558132     
   733207.72288254974     
   636090.69438768097     
   742309.46393954509     
   687766.16897768341     
   630790.31560768909     
   691928.29210529197     
   637516.15538360830     
   613628.19206593314     
   725726.67371586873     
   727539.62943179009     
   740828.67744373600     
   594604.50950954994     
   601868.56409230980     
   655225.42209523299     
   747307.69043898571     
   749338.63390522380     
   682608.97219594033     
   651333.63252837805     
   677836.20929767052     
   643275.77398260951     
   620080.31041534769     
   667055.49324582401     
   625954.88615117827     
   632974.72446825996     
   664017.40283458563     
   664313.91399297758     
   706162.72663162905     
   576475.35225374810     
   738722.97025983268     
   29837.536548418619     
   1612779.5042604564     
   1081993.8970994188     
   879030.60149385629     
   720618.57610040437     
   741618.90587559412     
   794033.43402830581     
   652931.86296383606     
   671072.95938977774     
   633077.16172861320     
   619056.31318625098     
   744160.01924635295     
   645996.85258188669     
   606868.36136392900     
   737087.07656980678     
   636584.57614088361     
   756412.19048980344     
   612369.57867780025     
   686114.37231235625     
   690450.19077139976     
   635696.87202653650     
   792931.87976633327     
   651734.92677785398     
   722785.78096546512     
   681023.11666445073     
   702372.51243122714     
   783732.64434154087     
   597536.69926599041     
   580104.73418756877     
   645196.30209104833     
   637586.96202635497     
   624009.06749606738     
   720839.66058815678     
   669006.88930720906     
   658972.32348499901     
   621977.27711129910     
   605327.49135666876     
   692426.20698491612     
   734427.04303532466     
   634801.06433075829     
   659088.25816087960     
   597779.94977050403     
   745700.54810105404     
   695483.16394943011     
   630321.99042110622     
   767488.99640875554     
   721465.41513882065     
   624317.15477576084     
   724729.67057757813     
   651654.65260573698     
   584256.37223225262     
   651872.38732716441     
   592448.82802871731     
   632654.50713420380     
   1395886.8527843603     
   876472.13932951703     
   790125.74014666677     
   905995.21746613062     
   602527.00742943794     
   676250.74960439128     
   630036.98697036877     
   711229.79213985521     
   643156.79236968514     
   576097.40774899407     
   631319.08127380372     
   623983.31613451627     
   629544.87460754870     
   643613.64509160467     
   628343.07159734447     
   691714.76589847682     
   627007.31705672969     
   697603.12331383384     
   704018.41998610680     
   735409.49740674009     
   560049.07032230496     
   587769.13983162353     
   35701372053.979584     
   642744.57124718174     
   586884.78349328507     
   703336.98718685796     
   804690.03905404860     
   693744.64185868122     
   631689.28323571919     
   627099.06205617322     
   726446.99782987114     
   654097.04652973916     
   686298.77923416428     
   753483.40482598287     
   707084.35822456132     
   655646.75332010153     
   719431.15099626256     
   648972.25241287530     
   759034.99546150211     
   720235.59698356059     
   679900.68624491652     
   613756.72836232278     
   670766.75138651568     
   602121.05336075998     
   685183.02909776696     
   653068.64500652044     
   619026.07395170524     
   4514791.5646307068     
   945842.28001890378     
   933445.21148974565     
   716446.19725855277     
   825876.91071355355     
   651615.26490048505     
   779196.41880149045     
   623123.33277132118     
   658930.49326234020     
   668386.18971231708     
   42611.184248950849     
   1650928.8782800282     
   1139315.9269826543     
   766876.15997460508     
   679595.76697746408     
   764579.24154656124     
   690442.86880267889     
   704916.06291610864     
   606935.38340611802     
   739541.97108206677     
   652966.90699956089     
   724299.63613194332     
   815088.76985209517     
   741745.04457526433     
   788131.69520265807     
   659552.08730580157     
   729082.58369334333     
   811733.21607650572     
   647213.00689676113     
   672863.89718228730     
   694501.13728513161     
   631774.26103564561     
   613152.51512202062     
   701597.97852129582     
   650400.91098370613     
   749797.91192504717     
   582638.40097709035     
   618293.90042348544     
   738699.59338073712     
   671361.39648272155     
   685922.19707233075     
   651831.34747011575     
   36548.770218707439     
   1519746.0093374366     
   947533.07385181554     
   841928.11681030458     
   731109.84146537818     
   698801.74495944974     
   729045.69547733956     
   659866.50805309729     
   669451.45085858402     
   657376.94944555475     
   763737.40224343305     
   631992.09824446635     
   615393.84396869678     
   647476.69118067238     
   720159.29193601850     
   683506.61152863631     
   571980.12398056453     
   24495952.185261257     
   1102263.6188077163     
   744104.09948612226     
   751003.59404054587     
   784779.40561259654     
   606665.65051186993     
   735456.80265060079     
   614298.10769913148     
   681587.94619500637     
   910252.61767540069     
   686130.09326266742     
   598904.26521624730     
   724539.71967278013     
   700564.00282596645     
   661923.33206397085     
   631927.22619195725     
   745358.19718113332     
   676098.09522001620     
   594266.67489874840     
   739580.00876337825     
   649142.16684199963     
   625780.33464767493     
   712382.05053403915     
   695308.89675337973     
   643033.76577854564     
   604246.04859255755     
   641545.88623940013     
   661356.15921844367     
   655523.53874782275     
   635223.13965598296     
   792448.06608978275     
   569453.27953009773     
   699629.97316199238     
   634714.10859949165     
   640571.59477991855     
   697777.03106048948     
   685528.81584732269     
   676154.93547897087     
   630749.20807003207     
   697118.46763391199     
   659666.25144420727     
   605507.16259577300     
   518519.10812987789     
   689510.44184233889     
   640681.04609110195     
   670421.25232556195     
   620824.81527469598     
   623252.64063978894     
   676343.50338209944     
   677123.79662062030     
   680735.99066911754     
   630855.54745565075     
   700735.51984043885     
   607510.89723540074     
   612851.10146712733     
   34467.843796146488     
   2237804.6220014337     
   1107916.1202208425     
   702694.46760316659     
   771434.42204163072     
   743720.80139021738     
   891687.53216966265     
   635928.64252654533     
   755386.96100130258     
   652976.78216836986     
   634863.69312347646     
   742402.94620601996     
   615667.04074193409     
   670669.47531458864     
   553572.26994190668     
   587195.49771058501     
   768297.06961510237     
   534476.22602409020     
   1662454.9504091665     
   1114499.1426794485     
   752975.16625197907     
   777967.91377943556     
   721494.65694502613     
   747134.00229597394     
   818404.21470409958     
   662446.87008385116     
   690256.72728991916     
   391278.08785071271     
   675041.58240516519     
   700924.66420276533     
   678513.45159327867     
   682901.33171424794     
   681951.77250642329     
   625909.87539128563     
   691571.39082260814     
   679401.28082648781     
   758407.67672941659     
   657014.57918743405     
   644523.52718708257     
   602967.64415728918     
   608838.29092263500     
   606121.97686388332     
   674710.65461907722     
   642379.30069513433     
   640231.60748753941     
   620320.71748740354     
   692945.38057963212     
   692308.24064319499     
   753778.01605473389     
   794249.85612061410     
   602225.37605276448     
   606185.67973642086     
   626038.88027779234     
   701516.02675048029     
   660561.19818932679     
   644171.98894788243     
   770849.13479476399     
   689244.94092130126     
   637959.38560425059     
   654648.05823108961     
   554605.96078646311     
   656241.33252727764     
   729016.57301782840     
   635058.94606572110     
   42989.753104973002     
   1217772.3682638567     
   863735.38108313910     
   784452.01187992026     
   823098.52807531320     
   13327423.258916341     
   1165333.7282210777     
   871872.42723834235     
   826775.52822267171     
   764153.80512621871     
   823272.62422584463     
   687817.31595614355     
   750267.74977593473     
   796446.43548348255     
   740457.74083898973     
   722874.68164316087     
   7003288.4344729679     
   1464399.5441580105     
   976474.47059532546     
   862406.06483278889     
   752323.09989797440     
   636752.23690149619     
   744222.28997980186     
   661213.55926314380     
   702367.15977938927     
   717442.87406240776     
   727455.85186502943     
   625039.59056149144     
   676898.51649751037     
   669900.51959310262     
   668218.99161444360     
   695283.02533117682     
   861468.37358668551     
   574925.54681298148     
   669368.42368782405     
   642297.99026873894     
   659526.09761156747     
   657965.66719272488     
   615104.65871384169     
   719285.35245239246     
   39086.112301570414     
   1539840.6160114191     
   888326.38523136883     
   948238.16095297656     
   687807.21198020282     
   778830.71639777988     
   758828.11809049174     
   660438.39802770223     
   758536.61049534730     
   658253.51876796596     
   688449.77252778830     
   607050.40023839637     
   681816.63334817928     
   710527.56442307914     
   588746.37069087685     
   682572.61177454633     
   584891.84235303104     
   692905.94265119557     
   616685.21102649148     
   639644.76748864318     
   686746.93212737155     
   657723.88962097897     
   717414.18299715582     
   692119.06529591070     
   716411.33773930313     
   642204.68085555593     
   680884.97159538197     
   692920.08354607772     
   6194499.9744262965     
   1152108.0908205479     
   889211.18993135844     
   9738573.7937845103     
   1285599.0357699438     
   930487.89311509521     
   864790.20265187428     
   704922.18538900628     
   682260.30563502479     
   728717.38591133512     
   757531.64318784373     
   664648.95382156176     
   740116.48754522833     
   710114.25517967460     
   565407.53728502325     
   697953.21807106433     
   656451.12537496106     
   629416.12204686017     
   696568.26079636661     
   594127.78143076831     
   728381.73599335318     
   584857.59454046388     
   703734.52234924899     
   45205064322.063232     
   707173.85833607777     
   702955.07003096805     
   666511.21822686878     
   650719.90773316217     
   807258.99942071806     
   666701.51753360638     
   1735610.8365680869     
   1215893.2582153596     
   825936.31644202583     
   752077.00239911070     
   698409.23598764488     
   751999.47743469302     
   629542.04211997532     
   31643.726143465661     
   1404752.5257708649     
   999263.67156839848     
   2797877.8874420696     
   1190845.1146262151     
   883889.53054664319     
   794817.15087474126     
   699469.24297236023     
   781378.76366275584     
   751567.83645808604     
   746468.11355563987     
   728773.43262003025     
   717432.44752207201     
   631763.10260405997     
   742229.30959979515     
   707149.85243605333     
   738108.56824855437     
   729235.41593855713     
   693981.89863303176     
   707038.02815278829     
   742854.98889678472     
   776883.71320587466     
   697963.67955326580     
   706356.94421852822     
   665978.31474756566     
   751509.81723250658     
   614108.31912331900     
   670026.62790166028     
   684527.78808577254     
   685186.85965265275     
   738896.84080244997     
   757545.66548909165     
   648449.85918529204     
   702004.67872791644     
   611551.97607515822     
   666773.21481824247     
   636792.50682509178     
   708469.48102586612     
   617628.60012926010     
   636435.08517804649     
   551528.26498100348     
   800696.86573794496     
   605135.41663784813     
   701257.11589626491     
   718206.65680087265     
   577144.64139114181     
   666859.03341642150     
   675649.95300119440     
   689946.04023585003     
   579754.83515565610     
   636723.85835168336     
   38383.046301785616     
   1460665.7465181886     
   984161.55874834827     
   856227.81381415913     
   803500.38879074529     
   719705.35800861637     
   691879.31369196344     
   42851.540811746869     
   1707753.7560820661     
   1006358.0256167420     
   832701.05939893227     
   814337.52327737154     
   708633.61263890122     
   11284466.813746523     
   1245438.0321373837     
   941282.69463946391     
   927186.63664008072     
   896113.99280654022     
   730942.99067247880     
   652965.97601864242     
   654276.70850790478     
   729211.68086815649     
   659637.98165416252     
   703837.73786244658     
   659271.81043638324     
   707152.28541159257     
   680555.20126645709     
   783321.20490270294     
   720528.29162980756     
   708753.82355405658     
   657173.37558968505     
   661752.75053796521     
   627279.69883947482     
   699537.53696560115     
   708744.61154580989     
   779813.06669032434     
   707076.15339684172     
   717262.89769014122     
   556005.30750896421     
   619485.25961434306     
   756488.28936028562     
   593583.36838592857     
   720966.01738889422     
   695726.44981269434     
   641876.34190287674     
   669611.50984286400     
   581807.80918029905     
   654296.82046528207     
   574683.00137826649     
   624508.32675177790     
   632590.17746948579     
   678756.08040589630     
   708652.01165286312     
   663104.50281818199     
   733794.61299767741     
   685848.87500487140     
   680279.31203432078     
   602630.48120245035     
   1076703.8122270943     
   743021.85480126494     
   751749.42342737387     
   758254.37557281274     
   759487.79329463118     
   699806.55832080089     
   683105.83536532463     
   717940.18623127404     
   659368.96959688305     
   687927.55409339420     
   683580.51586215594     
   767378.11873767443     
   760220.28181880072     
   832288.32383397408     
   649634.20672412321     
   684053.44198716630     
   654574.86810260324     
   640945.03378483898     
   663018.83253361192     
   727013.79967473354     
   709395.85406110901     
   587680.24258010904     
   558653.64075774606     
   11030744.447153656     
   1204361.4631985500     
   937566.05464333482     
   972428.18114439712     
   779584.17645235150     
   8669896.9337174390     
   1628737.3257742948     
   1109038.6147514982     
   975295.32934445713     
   832162.67564742232     
   825566.57222580479     
   676715.45837135520     
   22530028.931242146     
   1939430.8433525101     
   903289.23576939490     
   846255.03326435189     
   952018.56545559340     
   830324.60194389650     
   695825.68997569231     
   726876.04927329917     
   736191.66370833805     
   791435.59133487928     
   720974.91621428845     
   772949.46765743021     
   765780.33793293068     
   630295.46918593638     
   644080.72690740845     
   718883.75232989935     
   671460.38090799388     
   706880.05091830215     
   641047.41035908565     
   586805.18625297467     
   580565.02548761584     
   764188.80765018251     
   743308.86559834110     
   678633.49932420603     
   678540.19339844363     
   565994.42416162812     
   780550.28968573641     
   43288.025174400485     
   1597423.1026024015     
   3832353.6105044875     
   1126538.3151881313     
   909032.67746799241     
   944565.03847725096     
   947691.99487260054     
   632795.07459320012     
   710179.74594742199     
   746153.34802249738     
   648613.75283776736     
   669579.14060388529     
   729773.85188866127     
   754186.86392942292     
   689443.82276519819     
   749913.62004653248     
   677895.50017093564     
   704384.29082567070     
   717936.10484401707     
   32854.620313253348     
   1425427.9190738802     
   1145663.6631207336     
   753610.20462076296     
   818637.40122591716     
   2022168.5106076405     
   1051089.6484407031     
   887885.06474024453     
   690830.96884622902     
   863829.22081055946     
   743121.03509257652     
   669351.62452909583     
   686682.36599410931     
   594577.56316083542     
   844865.86327445763     
   631864.86311735085     
   670985.83013451821     
   678000.53592631395     
   628354.72688886838     
   691538.21028464369     
   747168.54397738224     
   18370534.853892624     
   1036736.6871900550     
   836720.63877786952     
   675336.88835235825     
   689633.31448783819     
   693776.66594142560     
   665179.23905676347     
   754044.10666048550     
   596836.42657373461     
   678742.40081039292     
   791632.90886479488     
   734933.90302229638     
   736282.21590147633     
   657319.83211744262     
   669556.03478601575     
   718196.12145354156     
   591335.63925811346     
   754337.80206199910     
   713525.75079586369     
   696736.00946517114     
   769145.50009385974     
   778656.99843690265     
   622988.67493405251     
   4096319.0446538115     
   850085.79882868927     
   842774.64699590870     
   819643.86788998905     
   694565.88774756051     
   746590.87508107047     
   735812.72373575636     
   802370.89239848754     
   794846.43767513626     
   790657.79215991474     
   754855.61563970544     
   661499.76609378436     
   692519.86707727064     
   728765.14710521209     
   636929.04465403315     
   753489.95834068151     
   672570.18929223949     
   2394166.1021417473     
   964971.88626739429     
   905190.90706868609     
   864453.94841219822     
   699834.80912622996     
   690000.57671507006     
   640035.26939539157     
   715924.08443336759     
   651004.23520567035     
   689494.00223637430     
   653223.27630165452     
   736335.68021905841     
   657373.51511999045     
   783618.31101383327     
   663230.87717671145     
   42276.418390465653     
   9863530.9991999920     
   9853379.4767902680     
   3879253.7652418646     
   3876508.0448363330     
   2010282.5627692968     
   2009639.1002083730     
   2009197.4575341237     
   1360842.9892814700     
   1030205.4295022653     
   1029975.5863066968     
   1029748.1202404593     
   997236.97253442369     
   997062.66642244649     
   997011.55501407711     
   954082.50157768896     
   953838.54344769579     
   962118.39383659419     
   962026.72449255188     
   832787.04774552374     
   832667.88452221744     
   901623.05018497340     
   901482.97488466406     
   1031775.2128434191     
   1031705.9329856756     
   791890.87830302666     
   791804.74298768200     
   738215.78736799431     
   738219.87885186682     
   899706.75244003162     
   899640.77969572914     
   819550.29886075633     
   819481.79821425537     
   744390.02376855083     
   744307.21212027571     
   742137.71069224656     
   696139.88358400587     
   696117.87564640061     
   777738.78447358496     
   777737.48228898831     
   799732.74551293883     
   799631.58241757052     
   749841.78951741429     
   749763.02873964969     
   624111.36024471850     
   624080.52046883944     
   856959.72342334036     
   758434.03019755241     
   676867.14440612961     
   676848.16448234732     
   652314.89281363913     
   652250.81260544411     
   610021.07491726114     
   610049.16308689618     
   714776.25676538050     
   714776.25676538050     
   27195.888349847184     
   9763928.1606407873     
   9748900.9895713814     
   18103033.956172526     
   18088106.811281167     
   2091451.4131187652     
   2090268.8170837883     
   1819844.6062217958     
   1701269.4726493715     
   1700204.0565349737     
   1246550.5843157694     
   1246117.9234322035     
   1312744.2543069827     
   1156369.6100778363     
   1156003.0782679301     
   998526.15195839352     
   939388.46931315679     
   939183.46319882281     
   984407.48587589106     
   984171.67525851622     
   785355.15768803738     
   785192.65446832660     
   919182.72613132303     
   919027.82955534291     
   798364.12172672316     
   758089.26556058903     
   758086.03400860692     
   737833.29190844414     
   737713.45364544063     
   790941.22880557319     
   733076.75413916167     
   732943.72112511424     
   751913.29447670933     
   675163.49686759536     
   675133.59976335510     
   737622.96040807385     
   737576.19672785397     
   813304.63900877023     
   813254.55805212434     
   559724.45238479413     
   798761.15639326908     
   798666.66329274012     
   692258.85353391885     
   692271.76055017754     
   614713.15995462239     
   614700.96988043713     
   752373.60469522211     
   717467.15818755073     
   717386.19447619957     
   797329.73916087497     
   797259.38948177081     
   786317.71849915315     
   722187.50596237998     
   722137.49824737490     
   701667.91107859695     
   701616.71998248086     
   764591.41599162726     
   650797.15893514827     
   650786.35857097292     
   675364.57594210177     
   689670.21278921142     
   689649.32084625424     
   727620.00251926715     
   727616.41097572679     
   645848.13896147732     
   645831.33214893262     
   841005.63208109024     
   618219.91890200262     
   752167.33393666125     
   752133.19072210591     
   654486.00782444200     
   720491.29095093079     
   720421.29628112412     
   666297.16369548836     
   666308.32223100052     
   760080.05508454074     
   629997.93631097337     
   630006.97486962692     
   763021.68824639556     
   763005.27969961008     
   660453.54508183792     
   660389.58411795925     
   724549.66416662396     
   675974.37664262915     
   675944.82627150195     
   748423.25170518458     
   714094.81409629725     
   714091.22482359980     
   703678.54707208159     
   703645.28223295475     
   631577.90163154365     
   631621.74673569668     
   653504.66633910988     
   653504.86507510825     
   655589.73316987336     
   692351.67943666736     
   751303.21213201794     
   751290.94968713191     
   683015.99510802841     
   703562.48978580185     
   703492.81349197763     
   743905.31984981755     
   761264.23707240773     
   761258.38897017681     
   619354.71415344498     
   748666.36974361597     
   752137.88147627248     
   752052.13086610241     
   659876.35420472338     
   659853.17593183450     
   614686.34318863787     
   614698.04550093354     
   734066.14464796486     
   734035.66897002643     
   729795.58121414296     
   729813.08150830213     
   670702.50059526833     
   670707.18787390727     
   686774.65206296020     
   699157.11910880310     
   773925.34200180555     
   773925.34200180555     
   56400.910175764460     
   56648.662367119512     
   32874842.126816936     
   32848783.346116453     
   3155826.3695466919     
   1151284.9924193148     
   1150698.4396706342     
   1015539.2682480402     
   1039423.2405096015     
   1039160.0389866133     
   982824.82525141630     
   979189.67942584958     
   978913.13232154050     
   1012687.2469550436     
   1012507.8497057375     
   816898.15547241538     
   747857.70407205645     
   747728.21360549273     
   842371.06396294117     
   722591.21243975183     
   722524.45378087158     
   768786.71648837498     
   768721.93778322090     
   686719.62235944928     
   871645.05965440243     
   871521.45814984036     
   791456.23664819624     
   791391.34716189408     
   798606.38028643979     
   728639.08404353226     
   728614.56808376196     
   620895.45051363681     
   639070.24425810901     
   639032.63827433367     
   744830.77522226167     
   763877.46964076173     
   763837.63430618483     
   743879.62276085652     
   679046.30297592888     
   679052.11579148646     
   752146.27597771969     
   752045.52325726778     
   768600.87665196019     
   768603.38298408990     
   624568.14466053678     
   703561.72239481937     
   703563.29236392293     
   703044.80699013511     
   703030.38216197037     
   679893.94119965879     
   679880.47513091203     
   672756.36968397012     
   672770.84229754424     
   688768.01294869545     
   722941.74952323758     
   722946.77932978794     
   642035.44427828863     
   625942.10800541274     
   625889.02955901227     
   745910.50085934601     
   745898.93286268937     
   762214.04280919093     
   762152.68454204372     
   676959.99318471923     
   617185.53018922184     
   617197.39039814321     
   615490.48574706889     
   715528.83983581769     
   715518.05053795595     
   682665.66508357611     
   682622.54342437233     
   768718.57847521140     
   640431.24066262250     
   640444.02220177115     
   726075.03034165758     
   726087.53427708778     
   635292.15496470570     
   635291.75552647409     
   716342.35281128169     
   716331.30693459476     
   761417.20288136730     
   761366.98680126166     
   685865.78147033998     
   700099.96461334149     
   700091.62026899285     
   743738.36725984595     
   696532.14639341598     
   696535.59529799293     
   629284.27378527320     
   639896.63581378746     
   639893.98907651822     
   653149.01542032615     
   653150.05960273708     
   619823.89258566429     
   700089.16312281869     
   700085.65574154665     
   767927.80060206971     
   652553.74131014943     
   652575.70565116778     
   700737.52028617589     
   700624.97312348767     
   819309.59258455050     
   819297.78841842548     
   647330.17047663697     
   724360.22901028232     
   724360.07112508325     
   661840.58258437470     
   661853.23136638547     
   623403.42686332308     
   668569.84396986349     
   668565.69852057518     
   662362.78708600253     
   662321.49241944752     
   718552.85627837060     
   615459.08634159365     
   615464.37617738289     
   670489.95717427216     
   670498.13111684122     
   745287.47240548965     
   733270.65369345166     
   733260.62226922635     
   608827.27706265193     
   608773.78433707787     
   777591.39818425989     
   752493.69285954232     
   752458.40997028782     
   670965.34725011385     
   623065.59266325552     
   623077.79610699078     
   742931.47489633982     
   742898.37713331229     
   687589.83904116566     
   687581.20799650112     
   631033.10619136074     
   691828.07633198111     
   691796.63513979991     
   612225.60479877924     
   612241.68405158015     
   740500.04839366011     
   740526.65860847512     
   705270.82282924594     
   705299.56450330757     
   621181.79013111314     
   753691.01003135194     
   753654.73371421441     
   793554.38082863588     
   602113.65001480503     
   602138.60496837378     
   727565.19992243242     
   727559.06707348058     
   677649.37896427175     
   650819.57621165994     
   650801.72673044645     
   661134.71462075273     
   762143.23741100263     
   762143.23741100263     
   33151414644.084225     
   33147409407.092186     
   650578.40968371066     
   650567.05911858403     
   797489.82839907578     
   794246.47512569511     
   794188.55833964387     
   610958.57279532845     
   610971.48466430639     
   726148.31646249688     
   602641.38448090828     
   602656.67440470622     
   653985.42949554359     
   661533.62186894764     
   661526.66370163288     
   688795.32661874732     
   794907.17296615732     
   794854.69235735864     
   677508.37504268985     
   677531.08559408074     
   633730.43969117233     
   735752.91823130671     
   735726.85216320050     
   707903.61671820772     
   763136.19870150113     
   763068.07571123017     
   701236.14033764764     
   701213.93723226548     
   758388.99169367575     
   702767.95249579707     
   702802.37705211504     
   682292.74626805028     
   682277.12409752840     
   633399.51017454243     
   633376.09399078053     
   633356.90199388028     
   707811.92031778733     
   707773.47033200238     
   632406.32981543173     
   706004.92866881320     
   705929.14630990697     
   691356.53024999984     
   691312.02879494580     
   673891.79367815552     
   673829.30367273581     
   604518.34475207876     
   604504.59019222879     
   638850.57590844634     
   745223.94706785702     
   745147.54200921615     
   586587.92768704775     
   586626.43938382890     
   627604.53135261824     
   733448.54307728913     
   733449.50926173280     
   817638.90741779597     
   769938.86082190834     
   769926.47998034954     
   647418.35445701273     
   647443.49186789105     
   641388.28408990649     
   679634.92778282310     
   679605.99487532186     
   646873.46898766910     
   652723.11623068224     
   652769.49654553039     
   555083.52138274396     
   555087.28867859987     
   649925.89560135291     
   649917.32230943616     
   693190.07125266909     
   671165.09017454239     
   671114.83980698674     
   679965.74455202930     
   679980.94162088004     
   662956.80347113824     
   724902.53986319737     
   724862.01108959760     
   714044.09249703609     
   642117.24674314808     
   642082.99471484683     
   639852.87794970442     
   639860.46330968931     
   725016.36661115882     
   696034.09773964912     
   696003.00720484997     
   648222.88584116066     
   773054.26822200289     
   773029.58022131887     
   808882.29352210031     
   679504.85139925347     
   679467.24743884546     
   696285.80406482029     
   696291.37861852581     
   574710.90049708798     
   635825.46884656791     
   635833.28689914709     
   640087.40536328428     
   640119.67497088795     
   686489.80517432163     
   574843.99090839666     
   574896.60949113173     
   603426.15662722115     
   603461.23646605830     
   780705.48641234741     
   704547.98888478079     
   704560.24115898367     
   604784.59086304996     
   604755.26929955324     
   636816.87999163405     
   755050.02573182585     
   755051.07932502765     
   573939.59900317539     
   573936.22677216493     
   584018.23074324301     
   614009.37290160835     
   613989.96742388664     
   669510.70047634048     
   669506.46760770131     
   706908.71794726583     
   585934.75300008408     
   585969.82321602351     
   738742.56535402033     
   738706.13917373237     
   531738.26646071707     
   698522.97370560921     
   698501.42104032659     
   636141.86200986500     
   636168.15645565558     
   646668.19765524624     
   709530.66063517728     
   709532.77599631122     
   579846.83005303238     
   579852.02889332816     
   645970.46978201228     
   645927.07943269890     
   684111.12904127850     
   684083.21857032948     
   680676.69611492800     
   598653.19105911045     
   598634.40394424601     
   685211.26849069283     
   685184.74847996503     
   646652.82204554218     
   646676.35310270323     
   641147.82972305035     
   683225.03145185055     
   683203.31679831503     
   612463.98352813383     
   612518.00108611363     
   737085.94631945086     
   737091.00294631533     
   731389.30997544003     
   670962.52126378415     
   671001.57515261904     
   740744.88418957649     
   650401.89770069392     
   650388.50465746713     
   614623.19483249553     
   614622.89018956758     
   747599.68580693111     
   747602.53577918687     
   660477.05711590778     
   661128.88518437429     
   661124.55220063846     
   670930.09644013701     
   705946.70382128528     
   705925.00739473535     
   684655.84879780840     
   684628.78950389219     
   614376.65183766466     
   614413.71735338552     
   763834.27429297590     
   763844.56730604602     
   598049.72889325547     
   613088.00785506214     
   613091.10340555117     
   633017.34939956327     
   632995.65393770800     
   802760.45482471562     
   653670.50930616294     
   653695.94471472455     
   693957.28447911353     
   693928.24996984750     
   794126.46449348412     
   665608.74822692201     
   665611.69453306636     
   582532.46676434053     
   652314.47228692379     
   652279.06362033018     
   622329.34822289180     
   622360.91273147380     
   641795.58055674809     
   641823.96481426584     
   619939.91057603119     
   619970.74582899490     
   609146.18164309394     
   721033.69142669649     
   720979.85911772132     
   770435.20192486967     
   770388.33324629953     
   662899.97728994151     
   662935.51343784202     
   663871.30468558066     
   651345.84410622320     
   632747.01116432063     
   632792.27568420197     
   687072.05478441704     
   687064.69148608111     
   683511.18340231234     
   683528.67649749829     
   614484.82128688099     
   614486.00779335201     
   694181.16263796738     
   694171.13416593138     
   618141.89675285295     
   623898.80052686553     
   623928.08388463175     
   623915.74498993333     
   844174.19061140937     
   844153.65808713459     
   711780.24651575193     
   711742.18465761840     
   677725.92313811847     
   733542.10134273185     
   733548.71442694927     
   669293.78495079465     
   669255.64269313077     
   678243.10248542519     
   678262.25809548085     
   673569.93178260943     
   654134.67516317533     
   654158.40036062361     
   557497.43236565695     
   557533.91749434476     
   659716.52297480637     
   28242.226297461049     
   28546.526657629562     
   10318775.570438704     
   10305371.540376505     
   17856554.666917082     
   1996597.0556705832     
   1995506.6390011131     
   1994782.2385874828     
   1470304.6479031122     
   1656278.2591181824     
   1655678.3687015262     
   1264303.5349994120     
   1264011.3226667638     
   1011323.9775860667     
   1011125.7482024877     
   948366.46565914783     
   948072.16961500654     
   826266.57549208950     
   1112383.0654931245     
   1112007.4694412029     
   864379.77644138108     
   820265.77640602202     
   820082.29206529877     
   878483.03260521416     
   878327.61617159063     
   773068.73000740539     
   773021.90304122563     
   871929.53413161228     
   871835.65673969756     
   732897.03317888314     
   732868.28288319765     
   699073.00673733093     
   668475.41374597989     
   765669.88878949312     
   717606.09262445662     
   619923.82095099357     
   676348.10717875801     
   673787.12706409232     
   715112.06674772047     
   628238.24776037468     
   698679.38283438201     
   685198.78854370525     
   696306.83497213875     
   724760.85988523741     
   680088.86843010387     
   748373.05327164545     
   652880.84813121124     
   615724.80929011619     
   676502.46002387442     
   675500.52225786448     
   625622.36636652378     
   665449.89569797146     
   639106.11041328579     
   602321.58462466078     
   727392.55058338074     
   681668.90597836592     
   664838.35144016019     
   686738.32155846595     
   686478.46835784148     
   629371.66450141242     
   630413.00464726822     
   738616.98704217013     
   2079583.5178986636     
   40525.887914343301     
   1509334.1005139609     
   1175886.1741701246     
   889885.97582547518     
   737990.30168005172     
   849637.11570827314     
   715656.82093756157     
   703351.53391837981     
   659949.92546945123     
   771639.28899490437     
   771298.26629989431     
   613092.08090801269     
   695615.42066906660     
   684435.17570834816     
   719305.62967264443     
   690596.09202799678     
   692431.92845655454     
   726476.74867694289     
   663373.48729602888     
   647225.35068832629     
   771718.27638701268     
   612731.40354952519     
   836663.81351121410     
   624892.95676056587     
   731994.55469595187     
   647931.66002806358     
   691670.40089486272     
   724884.13430303393     
   565659.43647710304     
   629380.76631956268     
   696262.95837922895     
   645345.33724724548     
   4924653.7600341989     
   1092643.1534199440     
   672800.21447020781     
   829465.83424223971     
   668811.78630281170     
   686540.11701356166     
   743786.75641621673     
   700047.45272451802     
   647209.81371272332     
   598334.62099547638     
   638871.81904775847     
   747600.91975555406     
   745288.29839100328     
   711169.38215386379     
   713778.94517456985     
   708082.63521655637     
   664816.17802161397     
   635828.52502498496     
   666777.44421564462     
   711192.53554250987     
   7325978.8306178758     
   1160049.8334743441     
   916023.92979246017     
   797148.83187824744     
   906454.06257163140     
   696639.55564017093     
   760750.30960047862     
   807022.13558512833     
   567976.42909604823     
   615142.52999483002     
   606994.51581770380     
   631315.06225059857     
   699128.52779142663     
   637213.00531965599     
   610789.78295334126     
   658756.67041971791     
   740726.82814763789     
   733453.75302414491     
   657202.41858503723     
   675356.19428952609     
   589440.54612702050     
   567791.49594406376     
   640047.84684154834     
   669073.99434583681     
   640827.74846856773     
   660164.81509586261     
   638632.21475025627     
   634878.87181811500     
   630615.94858440629     
   694581.86265552021     
   785985.07008757559     
   657828.54750519211     
   699108.49424252112     
   631322.54501908785     
   578290.46518229414     
   644892.61985577922     
   661426.07597271446     
   699290.98788207327     
   637795.20502436697     
   786032.11249205191     
   732443.63825817010     
   642009.34129846352     
   745510.58725161420     
   635877.44872945908     
   672069.44095070276     
   635399.57946196292     
   663143.91883042140     
   643907.55048234470     
   605403.33497054561     
   684638.64173677599     
   779693.19508643169     
   740340.26682812045     
   626144.20718100155     
   663626.05814331863     
   665773.53108036472     
   647283.72263958747     
   600226.37086521927     
   686791.48600217747     
   734365.03943173599     
   646313.18391152506     
   738813.28801030852     
   651119.37445798388     
   648937.93133703398     
   716079.39471948589     
   616082.50464709441     
   690828.38977719727     
   614542.76378368703     
   651572.88937540259     
   605798.44400079479     
   578149.38070111943     
   661918.48784437240     
   704136.55948444852     
   652605.65349228936     
   624798.62486191629     
   590401.01684380299     
   570293.99037447874     
   721022.92448067211     
   734198.94434745854     
   669889.76762637089     
   621618.26563750196     
   626232.67989213730     
   673316.66852412431     
   579578.91623038193     
   696435.35164931987     
   655202.42118148296     
   631734.82770422217     
   691462.09625063755     
   610537.86054253776     
   706698.90564756538     
   690377.91496716253     
   669623.66481545253     
   679618.38320487831     
   649129.37720845104     
   623703.54622896307     
   623298.20504442975     
   715109.73444787622     
   745034.94574855117     
   664920.03844919009     
   34434.162343875920     
   1539403.5360875444     
   30230094.104941037     
   1370290.9162599118     
   1029392.0067915767     
   879668.51296797814     
   750563.87928108277     
   689488.94381732796     
   683677.01332128199     
   691784.66162289435     
   602787.28625325416     
   618869.71566842182     
   616802.07478947786     
   627012.98695064953     
   788218.15394643240     
   740802.51802343084     
   775519.25151686394     
   741991.34676154621     
   574638.87007772073     
   693862.38744089776     
   682475.05260520999     
   41317.495557164926     
   1285323.9825334975     
   1023978.4030790620     
   863473.68683702487     
   810002.38610363018     
   747688.03327266430     
   762504.81011103478     
   693723.32533046079     
   723427.43442300346     
   647002.20225786301     
   714271.39262602804     
   651648.81344381592     
   658588.01998429850     
   626664.74377770990     
   632181.48516778566     
   627173.33567971736     
   697912.80182539090     
   623863.93954033975     
   748941.91348901950     
   597560.64717207674     
   587251.01459313394     
   766122.64346889581     
   571056.46230640146     
   690703.16870489565     
   735232.80667092884     
   678622.79820488032     
   569207.13839956233     
   641563.44194453757     
   720686.86332417454     
   705178.24644540763     
   734628.34064542106     
   677640.43617278512     
   680554.44823307870     
   708649.77328725066     
   601378.42510997516     
   643296.96984867740     
   697507.93805389944     
   1494961.3151596531     
   994692.07927303249     
   863565.72977533494     
   782600.34141271887     
   780366.37571500137     
   746927.58167398593     
   1658692.6640823197     
   1183181.3772250894     
   774822.91007542575     
   738332.37484535587     
   663629.67596385127     
   720385.71470250620     
   637744.02089854016     
   738381.25723798166     
   704266.66003371985     
   641558.94295482640     
   704784.09281251347     
   701797.26148370968     
   644176.17097739456     
   625077.53942915332     
   679784.97607641527     
   643168.02054948220     
   779731.76418721431     
   739365.87696224498     
   636205.22656651714     
   710862.79555899301     
   662174.43607353943     
   574498.62416550773     
   613178.52924506983     
   658217.21906833095     
   660453.26523627050     
   686848.98468183400     
   727072.16694909625     
   629196.07007028954     
   704512.48350590572     
   757362.14220818796     
   617208.59086037416     
   709851.48721685656     
   623298.33176355204     
   718685.50920311711     
   680075.37033868139     
   666986.08520928794     
   644667.66888106125     
   671012.95784940443     
   693081.77962893841     
   721963.68574007123     
   623084.45618344203     
   659378.84514381364     
   674699.85091627249     
   793585.39340440929     
   669714.79169192957     
   644733.59389516467     
   679515.34479468944     
   653971.64395704295     
   723976.99709150777     
   690514.57385324652     
   627046.63717794779     
   660142.41147376911     
   640192.36006466975     
   646822.94725552667     
   737602.61727770080     
   700230.79859490506     
   728330.60108655586     
   616798.96006622782     
   700511.77672442421     
   624015.73650505068     
   697599.19098853075     
   627464.37735658151     
   629284.45584512246     
   711391.64805926371     
   724250.38041295786     
   707182.12965906761     
   723211.08949487284     
   699739.16952563683     
   640988.39298666327     
   690182.98521149135     
   738181.84152608132     
   656906.03784826212     
   579726.86442829494     
   743176.29920560727     
   668335.91211098700     
   610441.20137302508     
   598570.51773799502     
   673332.79862110619     
   696201.25623281056     
   688963.01455762517     
   602331.77953210403     
   633750.06244970358     
   660043.63143381919     
   595264.20868113788     
   628026.60162165773     
   675377.30774980935     
   723172.22516438528     
   5454914.4898360679     
   1124077.1502033444     
   823749.41581414302     
   807733.68552871782     
   678622.67332914181     
   677896.61246042827     
   759237.27509921300     
   641481.99310620187     
   716197.45604112663     
   165085.82867995260     
   1360947.6206889621     
   857631.29842944583     
   780984.34572809329     
   735087.67349578650     
   759079.09021119913     
   796454.31460908218     
   800638.45775102125     
   747190.14402958518     
   744772.67751959222     
   787255.95939706184     
   802078.90697123040     
   644713.04800326540     
   643094.86763010419     
   755894.79434916785     
   601977.60420275130     
   743647.07000682340     
   709755.74709461734     
   732345.27207635995     
   598487.80638329673     
   605738.19249848090     
   618447.62869850243     
   641143.96522822010     
   636203.99453715433     
   619938.35461865261     
   604051.35295354971     
   645589.41179824946     
   1661592.6178631799     
   1116950.2794602048     
   775170.02155305922     
   832669.44076646946     
   685720.24190021120     
   865179.31315740966     
   743710.59117158048     
   698914.50687101798     
   780782.56433495705     
   680674.09724977240     
   690783.67287836480     
   613265.59598404320     
   649269.08283637429     
   660490.85631802876     
   706453.12022742897     
   709576.60130716965     
   653817.36292071652     
   735935.54764827469     
   747264.60976245580     
   782750.42959138344     
   735063.33049895440     
   723349.60340452811     
   653732.08847507741     
   681481.15139149036     
   690263.17582828249     
   764073.70743316982     
   15773738.706897808     
   1142090.6951137430     
   1023094.8613785863     
   974428.25069992500     
   807977.28912964149     
   792312.43136814376     
   690299.10222982697     
   699000.09061158239     
   763307.86782327306     
   629971.40241258964     
   644856.18883127614     
   706890.78998629318     
   741193.81846579467     
   740526.35138312436     
   711956.50320849498     
   705916.35440970887     
   689616.39841887495     
   638212.22459883837     
   10099783.544234987     
   1406191.3242211579     
   1012287.9340712131     
   788301.99338137161     
   10025243.000068024     
   1351730.8712707169     
   883511.14220010093     
   907776.34373640665     
   812586.18768187647     
   766350.17616309982     
   703631.10015746602     
   839503.88648651575     
   572471.33324182627     
   770693.67543678649     
   714081.38810539152     
   756337.01195873949     
   701570.30006233929     
   698330.82470225671     
   656172.71281193488     
   661019.69528943498     
   604695.50800442905     
   1756474.5657875487     
   1094767.6161160911     
   873872.95719217474     
   798558.36455001077     
   782413.98453302763     
   783795.58923707297     
   757985.51247872622     
   724802.05293908971     
   752007.90880165494     
   683428.49038969679     
   670523.08196747978     
   684903.73202977865     
   698210.38178789138     
   835008.29040250997     
   731286.93452288385     
   759627.39630680182     
   697780.27764586394     
   673602.10530131252     
   614781.69566412910     
   637521.27949920692     
   733396.22341699316     
   694473.39737951930     
   712729.44303237891     
   596987.81988441595     
   622860.44597325311     
   641129.85868585564     
   582059.87818901055     
   650555.33679011185     
   716381.58768788713     
   574755.12887672358     
   616384.56119421159     
   577475.87923407264     
   799956.58613291197     
   701877.41817234037     
   661719.07192948717     
   651859.73572686827     
   804730.48961941840     
   653429.54211164324     
   756904.54155696649     
   656262.64210928860     
   668446.74305751082     
   697021.04416680953     
   620622.33389813546     
   676370.23673344392     
   752083.97074403893     
   708883.92550441087     
   716548.30110081588     
   635222.86868716346     
   724339.04183874791     
   600394.77707995614     
   631293.20984177210     
   616221.14533975930     
   721935.60837594012     
   784283.10747484770     
   716813.55968425807     
   727746.80419764481     
   711456.37623936008     
   620837.90803968254     
   726544.03142393893     
   726639.75085299090     
   566700.84533045208     
   770040.56747323927     
   659594.48766525136     
   645086.64031044464     
   653518.99875783816     
   629858.23910272936     
   685222.44341670419     
   831895.47991937969     
   651227.12797009700     
   682065.31163141248     
   678343.50281795231     
   663412.73458877497     
   616976.81011705508     
   744272.73628492828     
   739475.19603028498     
   557836.83535419800     
   601750.47408413258     
   714258.26040885667     
   674917.97167459910     
   630033.36870214134     
   865803.22044857300     
   712777.58490304206     
   648950.63611692761     
   13074642.067821689     
