   63999999.999999925     
   25000000.000000041     
   25000000.000000041     
   25000000.000000041     
   25000000.000000041     
   25000000.000000041     
   25000000.000000041     
   16000000.000000026     
   16000000.000000026     
   9000000.0000000149     
   9000000.0000000149     
   9000000.0000000149     
   9000000.0000000149     
   9000000.0000000149     
   9000000.0000000149     
   9000000.0000000149     
   1000000.0000000016     
   1000000.0000000016     
   1000000.0000000016     
   1000000.0000000016     
   1000000.0000000016     
   1000000.0000000016     
   1000000.0000000016     
   1000000.0000000016     
   1000000.0000000016     
   1000000.0000000016     
   1000000.0000000016     
   1000000.0000000016     
   1000000.0000000016     
   1000000.0000000016     
   1000000.0000000016     
   1000000.0000000016     
   1000000.0000000016     
   1000000.0000000016     
   1000000.0000000016     
   1000000.0000000016     
   1000000.0000000016     
   1000000.0000000016     
   1000000.0000000016     
   1000000.0000000016     
   1000000.0000000016     
   1000000.0000000016     
   1000000.0000000016     
   1000000.0000000016     
   1000000.0000000016     
   1000000.0000000016     
   1000000.0000000016     
   1000000.0000000016     
   1000000.0000000016     
   1000000.0000000016     
   1000000.0000000016     
   1000000.0000000016     
   1000000.0000000016     
   1000000.0000000016     
   1000000.0000000016     
   1000000.0000000016     
   1000000.0000000016     
   1000000.0000000016     
   1000000.0000000016     
   1000000.0000000016     
   1000000.0000000016     
   1000000.0000000016     
   1000000.0000000016     
   1000000.0000000016     
   1000000.0000000016     
   1000000.0000000016     
   1000000.0000000016     
   1000000.0000000016     
   1000000.0000000016     
   1000000.0000000016     
   1000000.0000000016     
   1000000.0000000016     
   1000000.0000000016     
   1000000.0000000016     
   1000000.0000000016     
   1000000.0000000016     
   1000000.0000000016     
   1000000.0000000016     
   1000000.0000000016     
   1000000.0000000016     
   1000000.0000000016     
   1000000.0000000016     
   1000000.0000000016     
   1000000.0000000016     
   1000000.0000000016     
   1000000.0000000016     
   1000000.0000000016     
   1000000.0000000016     
   1000000.0000000016     
   1000000.0000000016     
   1000000.0000000016     
   1000000.0000000016     
   1000000.0000000016     
   1000000.0000000016     
   1000000.0000000016     
   1000000.0000000016     
   1000000.0000000016     
   1000000.0000000016     
   1000000.0000000016     
   1000000.0000000016     
   1000000.0000000016     
   1000000.0000000016     
   1000000.0000000016     
   1000000.0000000016     
   1000000.0000000016     
   1000000.0000000016     
   1000000.0000000016     
   1000000.0000000016     
   1000000.0000000016     
   1000000.0000000016     
   1000000.0000000016     
   1000000.0000000016     
   1000000.0000000016     
   1000000.0000000016     
   1000000.0000000016     
   1000000.0000000016     
   1000000.0000000016     
   1000000.0000000016     
   1000000.0000000016     
   1000000.0000000016     
   1000000.0000000016     
   1000000.0000000016     
   1000000.0000000016     
   1000000.0000000016     
   1000000.0000000016     
   1000000.0000000016     
   1000000.0000000016     
   1000000.0000000016     
   1000000.0000000016     
   1000000.0000000016     
   1000000.0000000016     
   1000000.0000000016     
   1000000.0000000016     
   1000000.0000000016     
   1000000.0000000016     
   1000000.0000000016     
   1000000.0000000016     
   1000000.0000000016     
   1000000.0000000016     
   1000000.0000000016     
   1000000.0000000016     
   1000000.0000000016     
   1000000.0000000016     
   1000000.0000000016     
   1000000.0000000016     
   1000000.0000000016     
   1000000.0000000016     
   1000000.0000000016     
   1000000.0000000016     
   1000000.0000000016     
