tried moves    experiment_1   _ coord. constraints_1 _                                                                                                                                                                                                                                                                                                                                                                                                                                                                          
        0   615686   0.000E+00   0.000E+00
  OPTIMIZATION STUFF
      615686  -25374.781884263150        8388724920.5936861     
   88004.803078694269       -113379.58496295742     
        0   533757   0.000E+00   0.000E+00
  OPTIMIZATION STUFF
      533757  -25716.032286049682        8501696004.4889755     
   88545.929821487705       -114261.96210753739     
        0   543722   0.000E+00   0.000E+00
  OPTIMIZATION STUFF
      543722  -25346.160917030556        8386696210.5332193     
   88001.524630549509       -113347.68554758007     
        0   540996   0.000E+00   0.000E+00
  OPTIMIZATION STUFF
      540996  -25704.365991025708        8503376724.9070673     
   88558.806981047732       -114263.17297207344     
        0   529254   0.000E+00   0.000E+00
  OPTIMIZATION STUFF
      529254  -25684.284302222761        8496906320.2953596     
   88528.096445015428       -114212.38074723819     
        0   542329   0.000E+00   0.000E+00
  OPTIMIZATION STUFF
      542329  -25452.224741520244        8420454568.2386618     
   88162.570425015438       -113614.79516653568     
        0   494236   0.000E+00   0.000E+00
  OPTIMIZATION STUFF
      494236  -26381.224800325966        8734302955.3376408     
   89656.756205945276       -116037.98100627123     
        0   512365   0.000E+00   0.000E+00
  OPTIMIZATION STUFF
      512365  -24834.276903612270        8212470575.5917416     
   87153.481090926318       -111987.75799453858     
        0   497368   0.000E+00   0.000E+00
  OPTIMIZATION STUFF
      497368  -25266.205386798509        8363659163.1407461     
   87893.560790838703       -113159.76617763721     
        0   557937   0.000E+00   0.000E+00
  OPTIMIZATION STUFF
      557937  -25964.199820249669        8603982931.4454079     
   89049.667372425116       -115013.86719267478     
        0   588859   0.000E+00   0.000E+00
  OPTIMIZATION STUFF
      588859  -25682.129442250542        8506154716.3222246     
   88580.940069710894       -114263.06951196144     
        0   593483   0.000E+00   0.000E+00
  OPTIMIZATION STUFF
      593483  -24999.512562777578        8276657808.1506767     
   87473.894275802100       -112473.40683857969     
        0   521115   0.000E+00   0.000E+00
  OPTIMIZATION STUFF
      521115  -24411.333860862025        8052131538.0412931     
   86349.396738916621       -110760.73059977865     
        0   506044   0.000E+00   0.000E+00
  OPTIMIZATION STUFF
      506044  -25882.439197442091        8545413989.4627199     
   88744.088989934608       -114626.52818737669     
        0   502017   0.000E+00   0.000E+00
  OPTIMIZATION STUFF
      502017  -25350.044044782750        8369512895.1830177     
   87902.719878912685       -113252.76392369543     
        0   549029   0.000E+00   0.000E+00
  OPTIMIZATION STUFF
      549029  -25639.774204722497        8488721638.2961645     
   88494.766043122640       -114134.54024784514     
        0   543897   0.000E+00   0.000E+00
  OPTIMIZATION STUFF
      543897  -25865.622891623654        8559018700.0813074     
   88825.605838123171       -114691.22872974683     
        0   500512   0.000E+00   0.000E+00
  OPTIMIZATION STUFF
      500512  -26046.919790880496        8622406390.9640465     
   89128.919887831493       -115175.83967871199     
        0   585153   0.000E+00   0.000E+00
  OPTIMIZATION STUFF
      585153  -25050.434219260220        8273427013.5047979     
   87440.852917451091       -112491.28713671131     
        0   576206   0.000E+00   0.000E+00
  OPTIMIZATION STUFF
      576206  -26378.958715674431        8725286932.4765110     
   89607.128452781340       -115986.08716845576     
        0   579266   0.000E+00   0.000E+00
  OPTIMIZATION STUFF
      579266  -26493.978974253550        8767338306.1536903     
   89807.613175417937       -116301.59214967149     
        0   613097   0.000E+00   0.000E+00
  OPTIMIZATION STUFF
      613097  -25476.975328321492        8401003341.8115339     
   88045.028649729182       -113522.00397805068     
        0   552872   0.000E+00   0.000E+00
  OPTIMIZATION STUFF
      552872  -25545.954320621637        8438923706.0975809     
   88240.171826364283       -113786.12614698592     
        0   556947   0.000E+00   0.000E+00
  OPTIMIZATION STUFF
      556947  -25861.197432680492        8550090046.7160358     
   88776.621438664559       -114637.81887134505     
        0   591753   0.000E+00   0.000E+00
  OPTIMIZATION STUFF
      591753  -25697.842698243956        8508003172.7733583     
   88586.816476435517       -114284.65917467947     
        0   598675   0.000E+00   0.000E+00
  OPTIMIZATION STUFF
      598675  -26135.590244801602        8656585215.1580048     
   89294.547077152674       -115430.13732195427     
        0   616928   0.000E+00   0.000E+00
  OPTIMIZATION STUFF
      616928  -26054.126912986274        8610510927.2013702     
   89060.055007861825       -115114.18192084810     
        0   481696   0.000E+00   0.000E+00
  OPTIMIZATION STUFF
      481696  -26278.768250152421        8685510825.4438171     
   89414.412511063332       -115693.18076121576     
        0   613678   0.000E+00   0.000E+00
  OPTIMIZATION STUFF
      613678  -25520.297123198132        8437001908.6690283     
   88236.706326861007       -113757.00345005914     
        0   604441   0.000E+00   0.000E+00
  OPTIMIZATION STUFF
      604441  -24731.993051851859        8180279556.9525824     
   86997.747537713483       -111729.74058956534     
        0   592813   0.000E+00   0.000E+00
  OPTIMIZATION STUFF
      592813  -26208.027124378321        8671997519.4057255     
   89359.592846283587       -115567.61997066191     
        0   605442   0.000E+00   0.000E+00
  OPTIMIZATION STUFF
      605442  -25058.265747374757        8291336175.9122906     
   87540.958948632921       -112599.22469600767     
        0   470383   0.000E+00   0.000E+00
  OPTIMIZATION STUFF
      470383  -24910.746852539174        8227915450.8528147     
   87220.239291700665       -112130.98614423984     
        0   496748   0.000E+00   0.000E+00
  OPTIMIZATION STUFF
      496748  -25554.574298184329        8424376903.7315464     
   88155.207652016354       -113709.78195020068     
        0   487609   0.000E+00   0.000E+00
  OPTIMIZATION STUFF
      487609  -26388.050713611923        8703972782.2679291     
   89485.437708063837       -115873.48842167576     
        0   548746   0.000E+00   0.000E+00
  OPTIMIZATION STUFF
      548746  -27400.283406853119        9064705239.5034657     
   91180.752951089380       -118581.03635794250     
        0   492501   0.000E+00   0.000E+00
  OPTIMIZATION STUFF
      492501  -25939.696631311479        8560576025.6869802     
   88812.770277491669       -114752.46690880315     
        0   619811   0.000E+00   0.000E+00
  OPTIMIZATION STUFF
      619811  -25432.193138288119        8410394388.3974037     
   88111.281573781540       -113543.47471206966     
        0   549913   0.000E+00   0.000E+00
  OPTIMIZATION STUFF
      549913  -25919.109208272999        8570043103.7001219     
   88872.059059919047       -114791.16826819205     
        0   519228   0.000E+00   0.000E+00
  OPTIMIZATION STUFF
      519228  -25640.578170775159        8444527552.4798622     
   88244.480300743060       -113885.05847151822     
        0   561423   0.000E+00   0.000E+00
  OPTIMIZATION STUFF
      561423  -24794.975246405316        8190322674.4588928     
   87037.531427476963       -111832.50667388228     
        0   539490   0.000E+00   0.000E+00
  OPTIMIZATION STUFF
      539490  -25112.360464411733        8302971232.1262846     
   87591.897936006251       -112704.25840041798     
        0   552067   0.000E+00   0.000E+00
  OPTIMIZATION STUFF
      552067  -25490.158821686255        8427888953.8666553     
   88193.768244201172       -113683.92706588743     
        0   527972   0.000E+00   0.000E+00
  OPTIMIZATION STUFF
      527972  -26142.020982264359        8638631084.8131886     
   89192.072650970716       -115334.09363323508     
        0   531258   0.000E+00   0.000E+00
  OPTIMIZATION STUFF
      531258  -25898.788866271159        8561789093.8795462     
   88831.536230889615       -114730.32509716078     
        0   505508   0.000E+00   0.000E+00
  OPTIMIZATION STUFF
      505508  -26001.849341946781        8596618682.3294640     
   88997.317449056660       -114999.16679100344     
        0   526534   0.000E+00   0.000E+00
  OPTIMIZATION STUFF
      526534  -25607.858492085979        8455212565.4948435     
   88314.495689802498       -113922.35418188848     
        0   603710   0.000E+00   0.000E+00
  OPTIMIZATION STUFF
      603710  -26107.953575511714        8638896442.9840698     
   89203.538063705710       -115311.49163921742     
        0   575713   0.000E+00   0.000E+00
  OPTIMIZATION STUFF
      575713  -25854.045686115969        8545491090.8190241     
   88752.799462773299       -114606.84514888926     
        0   565384   0.000E+00   0.000E+00
  OPTIMIZATION STUFF
      565384  -25907.243247660514        8560078576.7808638     
   88819.442263996534       -114726.68551165705     
        0   595392   0.000E+00   0.000E+00
  OPTIMIZATION STUFF
      595392  -26337.321650703761        8703347854.7964172     
   89496.890130684362       -115834.21178138812     
        0   622654   0.000E+00   0.000E+00
  OPTIMIZATION STUFF
      622654  -25744.258137157951        8526672774.3171988     
   88678.666810482522       -114422.92494764048     
        0   596005   0.000E+00   0.000E+00
  OPTIMIZATION STUFF
      596005  -25055.758161200840        8300603985.7877684     
   87594.594403736963       -112650.35256493780     
        0   563019   0.000E+00   0.000E+00
  OPTIMIZATION STUFF
      563019  -25282.522998930021        8355160332.0539551     
   87840.505251635084       -113123.02825056511     
        0   537461   0.000E+00   0.000E+00
  OPTIMIZATION STUFF
      537461  -24631.915390246373        8151523144.7930336     
   86860.761503689209       -111492.67689393558     
        0   505964   0.000E+00   0.000E+00
  OPTIMIZATION STUFF
      505964  -26478.309580479974        8729601550.9325314     
   89601.901055127135       -116080.21063560710     
        0   516574   0.000E+00   0.000E+00
  OPTIMIZATION STUFF
      516574  -26927.489220003161        8900573131.2880764     
   90418.380076147630       -117345.86929615079     
        0   538364   0.000E+00   0.000E+00
  OPTIMIZATION STUFF
      538364  -26202.892239375087        8672631317.2182617     
   89364.644885491260       -115567.53712486634     
        0   521386   0.000E+00   0.000E+00
  OPTIMIZATION STUFF
      521386  -25259.400826239551        8354822061.4080458     
   87845.231693629306       -113104.63251986886     
        0   511170   0.000E+00   0.000E+00
  OPTIMIZATION STUFF
      511170  -25077.163913289944        8268890642.3564615     
   87407.245079698347       -112484.40899298829     
        0   575054   0.000E+00   0.000E+00
  OPTIMIZATION STUFF
      575054  -25146.972887671855        8320101418.2989340     
   87679.707874089261       -112826.68076176112     
        0   621250   0.000E+00   0.000E+00
  OPTIMIZATION STUFF
      621250  -24781.488933618210        8202345099.3320761     
   87110.406413728968       -111891.89534734718     
        0   550931   0.000E+00   0.000E+00
  OPTIMIZATION STUFF
      550931  -25178.492851020041        8340807265.8748665     
   87788.671043740032       -112967.16389476007     
        0   494913   0.000E+00   0.000E+00
  OPTIMIZATION STUFF
      494913  -26439.175848564566        8765844467.9624195     
   89815.446602525451       -116254.62245109002     
        0   545406   0.000E+00   0.000E+00
  OPTIMIZATION STUFF
      545406  -27419.229427082500        9075296108.9595261     
   91233.118803341029       -118652.34823042352     
        0   582292   0.000E+00   0.000E+00
  OPTIMIZATION STUFF
      582292  -26268.782742724379        8695798246.5874252     
   89474.852890647278       -115743.63563337165     
        0   583328   0.000E+00   0.000E+00
  OPTIMIZATION STUFF
      583328  -25870.609709148044        8547132765.3105679     
   88757.221219388695       -114627.83092853674     
        0   546940   0.000E+00   0.000E+00
  OPTIMIZATION STUFF
      546940  -26012.964150095118        8600928429.2322636     
   89018.279725897475       -115031.24387599260     
        0   553642   0.000E+00   0.000E+00
  OPTIMIZATION STUFF
      553642  -24860.664767616076        8197634704.3189917     
   87060.795147018987       -111921.45991463507     
        0   551652   0.000E+00   0.000E+00
  OPTIMIZATION STUFF
      551652  -25394.170415346598        8402278985.0537148     
   88076.189143093899       -113470.35955844050     
        0   554985   0.000E+00   0.000E+00
  OPTIMIZATION STUFF
      554985  -25945.544032920712        8578779085.8359089     
   88913.485088999194       -114859.02912191991     
        0   561510   0.000E+00   0.000E+00
  OPTIMIZATION STUFF
      561510  -25328.314795505790        8351248709.0870905     
   87805.040736320225       -113133.35553182602     
        0   517802   0.000E+00   0.000E+00
  OPTIMIZATION STUFF
      517802  -25557.775649659314        8453871539.7058773     
   88321.411014247045       -113879.18666390635     
        0   525636   0.000E+00   0.000E+00
  OPTIMIZATION STUFF
      525636  -24820.446864700094        7729377214.0370026     
   84340.515954513830       -109160.96281921392     
        0   511656   0.000E+00   0.000E+00
  OPTIMIZATION STUFF
      511656  -23475.793525829420        6814744423.9233665     
   79143.107989615819       -102618.90151544524     
        0   520442   0.000E+00   0.000E+00
  OPTIMIZATION STUFF
      520442  -21784.230656698663        6292255946.0082417     
   76273.869973300767       -98058.100629999433     
        0   543080   0.000E+00   0.000E+00
  OPTIMIZATION STUFF
      543080  -21352.117852380943        6164963941.2986641     
   75558.262318006615       -96910.380170387565     
        0   532744   0.000E+00   0.000E+00
  OPTIMIZATION STUFF
      532744  -21440.017750236166        6190941625.6441946     
   75705.133673442208       -97145.151423678370     
        0   512689   0.000E+00   0.000E+00
  OPTIMIZATION STUFF
      512689  -22516.614181636269        6501037088.9161482     
   77421.180401176302       -99937.794582812567     
        0   566502   0.000E+00   0.000E+00
  OPTIMIZATION STUFF
      566502  -23526.800597080310        6790575927.0247374     
   78975.094686172801       -102501.89528325311     
        0   584103   0.000E+00   0.000E+00
  OPTIMIZATION STUFF
      584103  -22310.294937864241        6451383380.1610518     
   77159.796007678509       -99470.090945542746     
        0   505038   0.000E+00   0.000E+00
  OPTIMIZATION STUFF
      505038  -22589.490336199466        6549292543.6526098     
   77711.051144630386       -100300.54148082985     
        0   508436   0.000E+00   0.000E+00
  OPTIMIZATION STUFF
      508436  -22474.022376113375        6511192514.3294115     
   77499.102140394927       -99973.124516508309     
        0   504547   0.000E+00   0.000E+00
  OPTIMIZATION STUFF
      504547  -22230.751909491639        6416379350.3900671     
   76955.656191918097       -99186.408101409732     
        0   544480   0.000E+00   0.000E+00
  OPTIMIZATION STUFF
      544480  -23242.603315217817        6727245031.6644392     
   78657.653300844569       -101900.25661606238     
        0   549754   0.000E+00   0.000E+00
  OPTIMIZATION STUFF
      549754  -22863.732817654611        6626502530.9200506     
   78126.514401725071       -100990.24721937969     
        0   549276   0.000E+00   0.000E+00
  OPTIMIZATION STUFF
      549276  -21645.506344467427        6263332665.5456448     
   76123.614737066091       -97769.121081533522     
        0   524290   0.000E+00   0.000E+00
  OPTIMIZATION STUFF
      524290  -22649.542374325534        6556847562.4060898     
   77742.175121614142       -100391.71749593968     
        0   540286   0.000E+00   0.000E+00
  OPTIMIZATION STUFF
      540286  -23180.334497081014        6699733626.9665928     
   78500.991838129208       -101681.32633521022     
        0   540251   0.000E+00   0.000E+00
  OPTIMIZATION STUFF
      540251  -22553.802372826183        6515950650.0517893     
   77506.623256204941       -100060.42562903112     
        0   544968   0.000E+00   0.000E+00
  OPTIMIZATION STUFF
      544968  -23281.801380452805        6724731418.9093924     
   78630.077854409741       -101911.87923486254     
        0   546356   0.000E+00   0.000E+00
  OPTIMIZATION STUFF
      546356  -22633.874362562743        6548078822.7209263     
   77690.324713317110       -100324.19907587985     
        0   541133   0.000E+00   0.000E+00
  OPTIMIZATION STUFF
      541133  -21805.477147600493        6307255398.9793882     
   76366.069463766835       -98171.546611367332     
        0   550752   0.000E+00   0.000E+00
  OPTIMIZATION STUFF
      550752  -22026.951795198594        6351175360.7348337     
   76589.743147152752       -98616.694942351343     
        0   550120   0.000E+00   0.000E+00
  OPTIMIZATION STUFF
      550120  -23325.541588716183        6744650320.9583569     
   78743.694544715312       -102069.23613343149     
        0   550402   0.000E+00   0.000E+00
  OPTIMIZATION STUFF
      550402  -22971.669908963013        6651218606.2558670     
   78252.929579981283       -101224.59948894430     
        0   553087   0.000E+00   0.000E+00
  OPTIMIZATION STUFF
      553087  -22518.194078275752        6516577647.8287287     
   77521.020267291606       -100039.21434556736     
        0   552262   0.000E+00   0.000E+00
  OPTIMIZATION STUFF
      552262  -21656.978989354819        6278422247.9292622     
   76219.403756418265       -97876.382745773080     
        0   553370   0.000E+00   0.000E+00
  OPTIMIZATION STUFF
      553370  -22962.548953312496        6654197625.9494829     
   78274.638111691136       -101237.18706500363     
        0   553235   0.000E+00   0.000E+00
  OPTIMIZATION STUFF
      553235  -22394.439533127810        6476263932.5333443     
   77296.526510124808       -99690.966043252614     
        0   552969   0.000E+00   0.000E+00
  OPTIMIZATION STUFF
      552969  -23389.675200837431        6766976179.1507244     
   78866.338022949029       -102256.01322378646     
        0   555546   0.000E+00   0.000E+00
  OPTIMIZATION STUFF
      555546  -21977.973939532410        6352965622.5238094     
   76615.496370101551       -98593.470309633965     
        0   552608   0.000E+00   0.000E+00
  OPTIMIZATION STUFF
      552608  -22186.170127917976        6410024540.5663204     
   76927.227921077472       -99113.398048995441     
        0   548663   0.000E+00   0.000E+00
  OPTIMIZATION STUFF
      548663  -23318.056989536148        6734629573.7140369     
   78682.258431915776       -102000.31542145193     
        0   555705   0.000E+00   0.000E+00
  OPTIMIZATION STUFF
      555705  -22608.071490008948        6536241147.2108660     
   77621.622314362321       -100229.69380437127     
        0   556792   0.000E+00   0.000E+00
  OPTIMIZATION STUFF
      556792  -22041.591173473440        6376947178.9730225     
   76753.602114262234       -98795.193287735674     
        0   554127   0.000E+00   0.000E+00
  OPTIMIZATION STUFF
      554127  -22837.080411442636        6615365999.9399776     
   78063.011460110109       -100900.09187155275     
        0   554696   0.000E+00   0.000E+00
  OPTIMIZATION STUFF
      554696  -22124.234697570460        6400142575.4730930     
   76880.822150390100       -99005.056847960557     
        0   552421   0.000E+00   0.000E+00
  OPTIMIZATION STUFF
      552421  -21312.420366776019        6159990215.8250275     
   75536.553759983377       -96848.974126759393     
        0   556727   0.000E+00   0.000E+00
  OPTIMIZATION STUFF
      556727  -21363.803304771522        6173061886.5327873     
   75608.529908257187       -96972.333213028702     
        0   556663   0.000E+00   0.000E+00
  OPTIMIZATION STUFF
      556663  -22611.361206463833        6550950768.3022585     
   77715.359567418083       -100326.72077388191     
        0   552589   0.000E+00   0.000E+00
  OPTIMIZATION STUFF
      552589  -22463.848375939575        6508515457.7999420     
   77484.778982344258       -99948.627358283833     
        0   553651   0.000E+00   0.000E+00
  OPTIMIZATION STUFF
      553651  -23531.511544219680        6815429628.7750597     
   79130.888995507412       -102662.40053972710     
        0   546453   0.000E+00   0.000E+00
  OPTIMIZATION STUFF
      546453  -22726.920480917845        6574558686.2571745     
   77833.448925967634       -100560.36940688548     
        0   549522   0.000E+00   0.000E+00
  OPTIMIZATION STUFF
      549522  -22329.777664298104        6447496042.8280382     
   77128.963900023009       -99458.741564321113     
        0   551064   0.000E+00   0.000E+00
  OPTIMIZATION STUFF
      551064  -23029.363306681553        6670332468.8698511     
   78358.030185544616       -101387.39349222617     
        0   547762   0.000E+00   0.000E+00
  OPTIMIZATION STUFF
      547762  -23491.786876918304        6793786483.2418404     
   79005.837965123123       -102497.62484204143     
        0   550358   0.000E+00   0.000E+00
  OPTIMIZATION STUFF
      550358  -22965.441195954118        6640666171.1103220     
   78187.305119088836       -101152.74631504295     
        0   545367   0.000E+00   0.000E+00
  OPTIMIZATION STUFF
      545367  -22004.523222588483        6375066010.1125240     
   76751.983478338123       -98756.506700926606     
        0   549152   0.000E+00   0.000E+00
  OPTIMIZATION STUFF
      549152  -22793.733774627457        6605748074.7784834     
   78014.061395301615       -100807.79516992907     
        0   547473   0.000E+00   0.000E+00
  OPTIMIZATION STUFF
      547473  -22042.835250074833        6384123330.3145294     
   76799.978805026942       -98842.814055101771     
        0   541341   0.000E+00   0.000E+00
  OPTIMIZATION STUFF
      541341  -21807.861950091905        6309488778.0448332     
   76380.010049819757       -98187.871999911658     
        0   548755   0.000E+00   0.000E+00
  OPTIMIZATION STUFF
      548755  -23062.353204365878        6693491527.0699997     
   78495.983284159665       -101558.33648852554     
        0   544180   0.000E+00   0.000E+00
  OPTIMIZATION STUFF
      544180  -22238.852540551685        6438645238.4225922     
   77097.851306649201       -99336.703847200886     
        0   543726   0.000E+00   0.000E+00
  OPTIMIZATION STUFF
      543726  -21769.461914615138        6298441696.3416767     
   76318.623050273891       -98088.084964889029     
        0   522281   0.000E+00   0.000E+00
