   11.037284584929388     
   11.100313275008833     
   11.158032652641630     
   11.242654424047871     
   11.271886310701653     
   10281129.145458292     
   10261748.105364220     
   10217552.770403454     
   10206710.534015995     
   12927902.719053771     
   12915572.450919474     
   12906344.941367116     
   12895193.404376289     
   35254782.208248526     
   35238831.179163948     
   35231609.238782592     
   3838367.2848094339     
   3837474.0775758158     
   3836864.2814723980     
   3836479.2168269893     
   3836107.8309050575     
   1286041.4238676061     
   1285914.5229952105     
   1285734.4027684506     
   1285163.2015126569     
   1659789.0879268288     
   1633978.8529149354     
   1633753.6560592586     
   1633475.3730307641     
   1165248.3069252698     
   1165198.3476695786     
   1164958.3445025405     
   1090513.2804082220     
   1090334.1025886156     
   1090307.0218871841     
   1135417.9052654991     
   1135408.0330358976     
   1135333.4489111514     
   1135282.7294362257     
   1135279.0117691020     
   1135215.0171706812     
   1018160.4997163657     
   1018151.8916431657     
   1018041.6265694054     
   1018014.1188515294     
   944832.67903888680     
   944798.77043684351     
   944762.09614674048     
   944688.29976633377     
   944627.51465548354     
   944630.44930482737     
   1094695.7998168145     
   1094626.2693058481     
   1094505.9633690750     
   1094444.1628969484     
   1094385.9923838712     
   1140306.6829292083     
   1140194.5194191788     
   1140138.5696765410     
   1140103.6397430804     
   1049589.9388750806     
   1049528.3985002935     
   1049468.4509559488     
   1049415.2010342448     
   920994.44845724548     
   920888.21166452428     
   920871.96473088255     
   920832.35843268689     
   920799.06509455526     
   895331.03186710482     
   895318.36967764178     
   895287.12790633854     
   895283.60485645337     
   895264.97784231068     
   877883.19588349329     
   877857.98213694419     
   877816.07755635318     
   877819.84178694303     
   877798.12907455594     
   934285.15263671603     
   934284.69882014592     
   934221.96657838789     
   934210.25147787365     
   833485.68937676435     
   833453.55726547819     
   833484.54583534098     
   805502.95717265294     
   805368.52831327287     
   805380.16513673775     
   851635.20612160710     
   851632.11857901933     
   851598.27460924734     
   881905.99688967038     
   881898.44687016413     
   881911.23543091409     
   881887.33355374390     
   826545.94538674108     
   826528.48984103452     
   826509.27058380935     
   826428.47584442375     
   965105.19425935985     
   965050.46799107653     
   965025.02106308052     
   964993.48400200007     
   964979.45681682776     
   824313.10950998915     
   824302.08646055951     
   824250.27884283522     
   824253.30421940691     
   812173.82954045990     
   812138.93661934370     
   812128.21478311869     
   812108.42060668836     
   986251.25777147268     
   986206.65429602168     
   986167.52013224200     
   986042.60242282436     
   886649.52731874154     
   886620.26539848349     
   886616.06404302223     
   886603.29753430537     
   870882.20947019174     
   870828.07426148537     
   870821.93791957328     
   870789.81268251711     
   798313.77068690467     
   798142.89224362641     
   798123.58905726403     
   798097.85978591070     
   1035243.8188812950     
   1035201.5457955957     
   780541.61599324993     
   780523.45471025712     
   780485.70679342072     
   780461.61008267605     
   863033.23796156270     
   890839.67897966679     
   840134.95733694383     
   868621.59390152176     
   830648.24152988603     
   861888.57442515215     
   874118.83050365129     
   846514.20655628410     
   898467.20615280385     
   779517.87236413150     
   820479.57121153886     
   742020.33545840590     
   868326.13120630430     
   899712.85033995472     
   909174.82939656940     
   796150.09658037475     
   744843.66503099410     
   778026.15394455078     
   833082.37737893057     
   898042.80890051485     
   949278.40228692850     
   758358.89068181580     
   804599.43867304968     
   794641.51357235026     
   892372.22441176616     
   896034.47168227832     
   961981.42231591896     
   869106.37655695877     
   715822.56339006464     
   759854.92007987888     
   796233.35427698516     
   701222.93099653942     
   798724.30732024414     
   751746.71060094400     
   936874.89598761429     
   796616.25387710240     
   756425.56791934278     
   788081.21958337666     
   892689.49754035426     
   873631.12535243190     
   723578.30550925189     
   953666.48062925530     
   929660.57467497513     
   835072.38486150361     
   2633305.7736134897     
   948931.59569636430     
   859759.85974464659     
   817812.57811752928     
   1026169.0727842004     
   1032117.8278468332     
   782748.22476376465     
   706646.69011907338     
   811563.28656900849     
   818275.77208053158     
   775008.10117179877     
   760021.44821063743     
   781320.36178690323     
   806557.86168624077     
   816674.38582017040     
   830711.62535544194     
   891060.36119469616     
   908187.84891041974     
   725426.53857627488     
   747900.11270433629     
   868947.97581716022     
   853453.07493158255     
   822463.35883828183     
   882290.89113102923     
   781383.15080421348     
   872104.90809163183     
   826022.79494425957     
   884706.07902859058     
   809722.09970556095     
   908554.94671045092     
   803410.71194826253     
   873494.29036493856     
   878274.44706675259     
   764855.21523907990     
   836156.94075270067     
   780183.55895113514     
   897274.02225414733     
   929188.69740731549     
   851747.81312075118     
   839801.25430310331     
   834686.08325896203     
   876299.34433284751     
   862494.01809643256     
   823105.28187047283     
   843695.21859447157     
   915423.97046928783     
   813741.18654485606     
   842833.19637469319     
   961486.16730524483     
   927914.51496179355     
   881944.25434660469     
   864872.59495393012     
   906941.14421169239     
   782624.55970094644     
   994518.51268277364     
   715747.72262158280     
   722211.91231975215     
   836822.22537733894     
   878468.94982272992     
   902091.80033325963     
   912905.58575447893     
   929176.78684437042     
   836468.32438616315     
   960102.98051616363     
   931463.52804974699     
   923455.93587650033     
   928226.12605901714     
   896549.50878750102     
   901555.49768826214     
   844368.46852146997     
   1027284.2050726013     
   853973.13100788090     
   834073.48033428879     
   852326.29291020345     
   805288.56660060969     
   752141.10745555419     
   1107873.5361028672     
   1019458.6480481760     
   921022.76716161333     
   871678.81155501946     
   890784.13999167760     
   912177.50399781740     
   931461.23600678216     
   939844.80664799199     
   890693.49716714956     
   998790.80854405090     
   936502.22070288623     
   55538984049.635612     
   852801.20534028916     
   764132.27732628863     
   950590.21760657197     
   897129.66411872103     
   873421.71984707750     
   796422.60779098608     
   860632.51809224614     
   799683.40234897519     
   677467.01822483435     
   848026.00646819081     
   841058.78897686012     
   947820.94964400993     
   976084.71978100366     
   989603.45740912226     
   747650.72467636515     
   891261.69889921113     
   878470.13994872989     
   39040.791728491866     
   820508.28210049600     
   977387.33152382111     
   1150183.7046681673     
   1000989.6594408860     
   897062.37611240754     
   976552.98435731372     
   865772.22720879188     
   763518.78045709291     
   812753.95969390334     
   817810.19364533736     
   883051.24601337546     
   796852.68082309095     
   898883.94322538760     
   849125.72887524683     
   753406.80602078512     
   913431.56244428433     
   875817.80646335124     
   869136.74716584419     
   889893.73235551582     
   714722.49832243915     
   879660.59962306404     
   753902.44124585495     
   856673.78354137274     
   872530.23295757629     
   860101.38955023035     
   752717.46901150222     
   965809.55456324469     
   979366.43777948525     
   792232.71365664364     
   912626.71193342051     
   860628.33232391474     
   800354.30464497232     
   783330.04576883069     
   950333.78861860000     
   812811.54427824577     
   834246.47986843495     
   805537.67924659513     
   900746.53525755694     
   888567.17491383210     
   802834.66094002605     
   869604.30379678239     
   765978.53326067457     
   893521.31243060599     
   924596.21441609878     
   802914.12818575953     
   859827.10389177315     
   969298.39764306147     
   849249.21169335756     
   825977.32861376461     
   812335.83393129858     
   899180.64167565748     
   831870.25772379129     
   865877.29448490439     
   847307.85713338444     
   846938.69690773182     
   740823.26452516147     
   932648.25365291943     
   978481.93723175104     
   713264.89401451510     
   856549.00625156588     
   1092686.9464499792     
   910905.43716616230     
   829233.90800654900     
   898068.94846814068     
   875851.66299594124     
   901090.82090005651     
   888119.49981216993     
   717865.12487236853     
   782194.19759498583     
   911206.48712791107     
   870664.83341508382     
   961245.82467124180     
   918834.01996728545     
   854828.66728951992     
   883646.27338172705     
   818342.34152511670     
   748543.77454221051     
   826241.66081313789     
   983191.61842062289     
   837541.52040463558     
   825928.15290576464     
   753945.77399020840     
   899306.76147311809     
   746113.45590999222     
   684477.04620937642     
   772964.66339930263     
   915107.49351555249     
   889421.38343916181     
   883720.65184466261     
   854870.14391154691     
   949186.29234563594     
   913342.65491395723     
   883291.05851061665     
   855843.87835860217     
   897246.09160870640     
   1041783.5145006529     
   1100554.6572503690     
   794542.54810726526     
   880891.22139171138     
   894830.57705349743     
   767797.36882127682     
   856859.70728846279     
   816185.09327799943     
   897497.08442416205     
   979895.36992559198     
   856863.43994169228     
   942829.45633796544     
   846150.72761015827     
   775488.51872032287     
   859840.89024199231     
   958425.75332512846     
   717329.74350023025     
   758116.76568658056     
   952696.09264827683     
   853001.74920608359     
   1000530.7410712936     
   809926.79713104398     
   882538.32881712692     
   808789.54908213601     
   948167.34521561197     
   899974.60090720828     
   911793.39471477654     
   1022035.0088158423     
   835548.87408980145     
   785423.62343249749     
   789263.65474227583     
   803248.03324589471     
   871222.54646938306     
   934548.68320215389     
   813354.78048616089     
   809136.67928978789     
   925655.20370641630     
   842553.58039972477     
   908759.48458008142     
   856385.77532027976     
   926300.07444348128     
   867692.97207137721     
   892640.73661477631     
   877944.73183282954     
   881646.70240445132     
   913108.67339766899     
   991365.80276736151     
   1430685.7209504978     
   792978.26575213706     
   785434.37673185859     
   854187.57357467175     
   766320.01386328856     
   1055960.9365528321     
   893081.29100466706     
   800797.21279713477     
   801351.86616182909     
   868509.80676099507     
   831127.25542762270     
   917310.05998686177     
   855666.62819780444     
   757882.24538657430     
   776076.70060900925     
   946606.95700262976     
   747406.63338399807     
   800911.39093721390     
   790108.51503444265     
   753873.35991442727     
   819979.82859664236     
   922496.20398585312     
   702344.45836408378     
   963289.29057031823     
   832516.25826122658     
   893162.30309916055     
   973889.90676790813     
   809751.56619312777     
   908636.06797992461     
   817880.81793536386     
   912582.54805204994     
   861374.99384372495     
   866192.44698547479     
   867587.18608971592     
   829705.62342399417     
   848186.67616546375     
   941311.22455566598     
   871044.40479029692     
   858175.68678795674     
   915660.09221344907     
   955198.54006542615     
   835602.30558005371     
   757065.76613660669     
   885207.43068507267     
   922000.45026874461     
   772654.50046493334     
   891994.38511613850     
   762942.17202914553     
   719068.64435169927     
   773160.21991262701     
   960571.90597650839     
   822571.44015490671     
   985679.45177487470     
   723018.78976067435     
   813977.07622800465     
   753781.33093399892     
   997446.00764254516     
   958912.51929933706     
   1014355.8351756282     
   884138.72712506750     
   848684.15963191527     
   861770.50881036860     
   877728.08794237243     
   913002.31594653334     
   788827.15488825366     
   913410.35213334952     
   857921.66720275395     
   843998.28143699374     
   713045.58187270432     
   857212.01670664013     
   867290.55460909323     
   833974.59231517336     
   976921.00016368169     
   845972.43486747192     
   871284.70784172206     
   778608.83847148751     
   787665.62506569386     
   827668.59169422078     
   894296.95704813593     
   888073.98374660453     
   870214.01313427766     
   980335.08841352002     
   905974.62529843417     
   920457.95463593164     
   820884.12313588592     
   897887.32039656839     
   884048.20661761845     
   886434.59945284994     
   871841.91643429780     
   933314.13002780848     
   716563.13371111336     
   832444.52558051632     
   991991.74121178128     
   813089.97741877870     
   735244.92300803110     
   963237.51769251877     
   864545.66264780704     
   930984.42601155164     
   862192.67561760696     
   970088.01981596102     
   964804.55600203807     
   916739.13562613924     
   888824.57210390770     
   984514.36135193380     
   931372.26564519375     
   855641.40995491855     
   759743.18508770689     
   1052920.7915941130     
   819812.66609110939     
   758130.58969503560     
   913921.19517692388     
   791303.64791871479     
   782250.93348613160     
   761916.29863106762     
   852628.30553514208     
   809791.87894016469     
   828945.02263705397     
   835335.86079463700     
   968364.37705898460     
   845305.16559016274     
   810757.31071892660     
   867301.95836422313     
   1036951.2543654556     
   807879.54976192559     
   829874.14269434381     
   915078.43230804696     
   851518.30229289178     
   884815.45992521266     
   895623.63178708486     
   849229.32709545281     
   859012.58722594241     
   875750.85744406912     
   937433.05471144663     
   767953.44973049301     
   877350.92900133261     
   771553.21478281007     
   891732.64984143944     
   897842.07695260609     
   869773.73429991084     
   789164.73338529351     
   973814.56220032624     
   747249.37290304562     
   738616.26967170998     
   777301.12249126856     
   888276.72080136847     
   873981.42230991274     
   847999.53644359321     
   789414.50813353935     
   899021.86118799215     
   757393.77726566000     
   745741.38280409225     
   885426.12264105619     
   1046805.8887013919     
   853985.37562249857     
   951903.77824664360     
   868577.26938863855     
   956252.34870512725     
   836289.87945321272     
   848025.67597720784     
   714987.27047492517     
   920991.02699630649     
   822982.02493497496     
   968226.99423792807     
   928183.81380384578     
   810736.21192569949     
   912395.21185033442     
   809473.33277384075     
   708746.81865909812     
   819486.55701888073     
   794600.73663054267     
   877291.90269017988     
   1017376.7230645004     
   791593.28386168287     
