tried moves    experiment_1   _ coord. constraints_1 _                                                                                                                                                                                                                                                                                                                                                                                                                                                                          
        0  1536399   0.000E+00   0.000E+00
  OPTIMIZATION STUFF
     1536399  -594041.65194067429        3666397205413.4380     
   1820305.3922825786       -2414347.0442232527     
        0  1445311   0.000E+00   0.000E+00
  OPTIMIZATION STUFF
     1445311  -441144.50107969850        1834643547305.7358     
   1280638.5424751511       -1721783.0435548497     
        0  1421908   0.000E+00   0.000E+00
  OPTIMIZATION STUFF
     1421908  -447813.07932721393        1869239430399.1541     
   1291782.8286452147       -1739595.9079724285     
        0  1397688   0.000E+00   0.000E+00
  OPTIMIZATION STUFF
     1397688  -456974.66101161356        1908137581491.7209     
   1303576.5189220929       -1760551.1799337063     
        0  1354400   0.000E+00   0.000E+00
  OPTIMIZATION STUFF
     1354400  -454765.20968694636        1895243650324.8674     
   1299396.8810118237       -1754162.0906987700     
        0  1373956   0.000E+00   0.000E+00
  OPTIMIZATION STUFF
     1373956  -452609.47221017274        1883701697870.9656     
   1295703.0383296146       -1748312.5105397874     
        0  1339632   0.000E+00   0.000E+00
  OPTIMIZATION STUFF
     1339632  -458940.21641764313        1917317218459.9954     
   1306403.8794394794       -1765344.0958571224     
        0  1348291   0.000E+00   0.000E+00
  OPTIMIZATION STUFF
     1348291  -459539.89161093574        1911458468535.3538     
   1303948.4485797600       -1763488.3401906958     
        0  1317084   0.000E+00   0.000E+00
  OPTIMIZATION STUFF
     1317084  -459815.77484807355        1917071348524.4680     
   1306001.8383315292       -1765817.6131796027     
        0  1464474   0.000E+00   0.000E+00
  OPTIMIZATION STUFF
     1464474  -448281.77215846791        1865272787362.5620     
   1290083.8112746882       -1738365.5834331561     
        0  1436042   0.000E+00   0.000E+00
  OPTIMIZATION STUFF
     1436042  -468960.16968863038        1952378656056.0210     
   1316227.5697240322       -1785187.7394126626     
        0  1280895   0.000E+00   0.000E+00
  OPTIMIZATION STUFF
     1280895  -451978.88976067526        1887530398666.5579     
   1297399.5074290975       -1749378.3971897727     
        0  1347104   0.000E+00   0.000E+00
  OPTIMIZATION STUFF
     1347104  -468797.13815711340        1954528195298.9529     
   1317101.9089480713       -1785899.0471051848     
        0  1432463   0.000E+00   0.000E+00
  OPTIMIZATION STUFF
     1432463  -457226.46937477624        1909421046128.2424     
   1303980.4453408492       -1761206.9147156253     
        0  1298983   0.000E+00   0.000E+00
  OPTIMIZATION STUFF
     1298983  -443980.40621008904        1847598082499.9253     
   1284709.8821918704       -1728690.2884019595     
        0  1469577   0.000E+00   0.000E+00
  OPTIMIZATION STUFF
     1469577  -435971.03111983935        1815044397129.2422     
   1274744.5458418508       -1710715.5769616901     
        0  1387392   0.000E+00   0.000E+00
  OPTIMIZATION STUFF
     1387392  -450887.70873696846        1876708961850.7246     
   1293603.1988058207       -1744490.9075427891     
        0  1385965   0.000E+00   0.000E+00
  OPTIMIZATION STUFF
     1385965  -438326.72542235925        1823531077624.6157     
   1277262.9953948902       -1715589.7208172495     
        0  1335333   0.000E+00   0.000E+00
  OPTIMIZATION STUFF
     1335333  -445396.01732301991        1856830468504.8601     
   1287809.3244955374       -1733205.3418185574     
        0  1379796   0.000E+00   0.000E+00
  OPTIMIZATION STUFF
     1379796  -438951.12031053874        1830481824849.4709     
   1279767.0642845884       -1718718.1845951271     
        0  1418713   0.000E+00   0.000E+00
  OPTIMIZATION STUFF
     1418713  -447545.41616239515        1870054584683.4424     
   1292191.0405027079       -1739736.4566651031     
        0  1417868   0.000E+00   0.000E+00
  OPTIMIZATION STUFF
     1417868  -471492.05708853021        1964683771691.0181     
   1319992.0498978184       -1791484.1069863485     
        0  1425236   0.000E+00   0.000E+00
  OPTIMIZATION STUFF
     1425236  -448913.72376224014        1872105391668.4680     
   1292509.9072294908       -1741423.6309917308     
        0  1464742   0.000E+00   0.000E+00
  OPTIMIZATION STUFF
     1464742  -461223.88789288496        1926202703274.7068     
   1308997.7954571499       -1770221.6833500348     
        0  1389666   0.000E+00   0.000E+00
  OPTIMIZATION STUFF
     1389666  -457067.02185992902        1903275859091.3215     
   1301677.9926769203       -1758745.0145368492     
        0  1438233   0.000E+00   0.000E+00
  OPTIMIZATION STUFF
     1438233  -453018.04366886319        1888957665413.0454     
   1297587.1136549874       -1750605.1573238506     
        0  1454579   0.000E+00   0.000E+00
  OPTIMIZATION STUFF
     1454579  -448261.31822334859        1866414440191.9734     
   1290533.3125404548       -1738794.6307638034     
        0  1459629   0.000E+00   0.000E+00
  OPTIMIZATION STUFF
     1459629  -470066.70873215050        1957502557156.6477     
   1317778.3753341725       -1787845.0840663230     
        0  1416874   0.000E+00   0.000E+00
  OPTIMIZATION STUFF
     1416874  -440277.32882387575        1831705042226.7615     
   1279789.4029685019       -1720066.7317923778     
        0  1381609   0.000E+00   0.000E+00
  OPTIMIZATION STUFF
     1381609  -450337.25171159144        1873829715932.6558     
   1292681.7379593118       -1743018.9896709032     
        0  1324739   0.000E+00   0.000E+00
  OPTIMIZATION STUFF
     1324739  -447661.01096140459        1864752981530.7019     
   1290097.9035700024       -1737758.9145314069     
        0  1389557   0.000E+00   0.000E+00
  OPTIMIZATION STUFF
     1389557  -458925.39852629299        1916825650189.2334     
   1306220.9341366095       -1765146.3326629025     
        0  1394183   0.000E+00   0.000E+00
  OPTIMIZATION STUFF
     1394183  -461985.62168667966        1922287640862.0679     
   1307232.5448124523       -1769218.1664991318     
        0   675664   0.000E+00   0.000E+00
  OPTIMIZATION STUFF
      675664  -438971.14542139298        1822465752208.1985     
   1276624.4889142730       -1715595.6343356660     
        0   512252   0.000E+00   0.000E+00
  OPTIMIZATION STUFF
      512252  -445395.03994127898        1848831727352.9436     
   1284700.3486216739       -1730095.3885629529     
        0   511243   0.000E+00   0.000E+00
  OPTIMIZATION STUFF
      511243  -451304.95674268407        1888383312827.7554     
   1297962.6916237767       -1749267.6483664608     
        0   379780   0.000E+00   0.000E+00
  OPTIMIZATION STUFF
      379780  -464482.06856601196        1938710569276.9502     
   1312618.3669511825       -1777100.4355171944     
        0   468480   0.000E+00   0.000E+00
  OPTIMIZATION STUFF
      468480  -442426.57103825145        1844206796448.0876     
   1283925.8256174391       -1726352.3966556906     
        0   621195   0.000E+00   0.000E+00
  OPTIMIZATION STUFF
      621195  -455906.76035705383        1897775255757.0493     
   1299970.8772190956       -1755877.6375761493     
        0   512421   0.000E+00   0.000E+00
  OPTIMIZATION STUFF
      512421  -445843.35926903860        1856003657149.1023     
   1287333.4285043643       -1733176.7877734029     
        0   620519   0.000E+00   0.000E+00
  OPTIMIZATION STUFF
      620519  -432334.86807011557        1793606642181.7866     
   1267554.0241080781       -1699888.8921781937     
        0   775588   0.000E+00   0.000E+00
  OPTIMIZATION STUFF
      775588  -466891.57129816356        1946743954264.3779     
   1314821.7426385640       -1781713.3139367276     
        0   841428   0.000E+00   0.000E+00
  OPTIMIZATION STUFF
      841428  -446374.49668896216        1855824859643.3684     
   1287079.8997533307       -1733454.3964422930     
        0   818952   0.000E+00   0.000E+00
  OPTIMIZATION STUFF
      818952  -446634.23497347836        1857607039240.3953     
   1287681.9869012889       -1734316.2218747672     
        0   729412   0.000E+00   0.000E+00
  OPTIMIZATION STUFF
      729412  -425553.73369234405        1766125317378.9302     
   1258979.4824060621       -1684533.2160984061     
        0   811378   0.000E+00   0.000E+00
  OPTIMIZATION STUFF
      811378  -442790.53659330186        1841107042586.8093     
   1282592.5242610082       -1725383.0608543102     
        0   871049   0.000E+00   0.000E+00
  OPTIMIZATION STUFF
      871049  -459708.92567467509        1909958567198.8606     
   1303313.5734940753       -1763022.4991687504     
        0   830390   0.000E+00   0.000E+00
  OPTIMIZATION STUFF
      830390  -452401.88345235377        1882682835775.9609     
   1295382.3264290446       -1747784.2098813984     
        0   754818   0.000E+00   0.000E+00
  OPTIMIZATION STUFF
      754818  -441925.07332893502        1841766492055.0388     
   1283147.9733913210       -1725073.0467202561     
        0   767051   0.000E+00   0.000E+00
  OPTIMIZATION STUFF
      767051  -441550.82256590511        1840142311267.4390     
   1282643.8252136917       -1724194.6477795967     
