   1920602.1201740887     
   1654440.0331119369     
   1771757.0499507952     
   1310853.7917303967     
   1640106.4628533381     
   1456272.8180955057     
   1517935.6663987718     
   1798840.0838886625     
   1966058.3183835542     
   1841916.2964449455     
   2013642.4643892488     
   1647147.6106324971     
   1514810.5821697840     
   2291311.5041548419     
   1845147.7514067006     
   1549652.2882752612     
   1948557.6108711530     
   1864386.4627108413     
   1363336.5149154840     
   1825447.1164639562     
   1613835.5531683860     
   1540680.4704313723     
   1324477.0833623179     
   1375601.9852519277     
   1533774.1923916026     
   1867201.1017443298     
   74005831.959288031     
   1954495.2670094681     
   1506093.5623524275     
   1868430.7799680973     
   1767325.9878239860     
   1974351.5535994729     
   1607994.2505400563     
   1684234.9061533171     
   1504484.9132394881     
   2101576.3968104571     
   1946606.6044681841     
   1253016.1519111355     
   1247310.0713136105     
   2288433.5846938360     
   1864544.1977929333     
   1488702.9819369826     
   1546121.9908056795     
   1470495.3117414727     
   2275133.0253178473     
   1366977.1506695712     
   1956608.2680076645     
   1992482.7984622100     
   1296412.2967054166     
   1888917.9043293104     
   1483599.3091565841     
   1526654.6775924261     
   3254948.4514071494     
   1778965.4686589190     
   2236904.3408894683     
   2099857.7089078985     
   1927611.5485758930     
   3304696.8230859572     
   1996156.6733309613     
   1704515.5480631995     
   1227970.4255751965     
   1308970.6791645710     
   1931853.6286707418     
   1538889.6948659404     
   1876760.3008218098     
   1739667.2689770993     
   1722576.1305626233     
   1426935.7166672761     
   2842327.6505581015     
   1791525.2904651943     
   1801515.7243575559     
   2254425.4888859182     
   1679822.3899873309     
   2744730.0706498814     
   1982995.1733300306     
   1869690.7314685052     
   1916515.5806533429     
   1421895.5100030785     
   1361281.9820993526     
   2063475.3575281766     
   1616578.1925188340     
   2121396.9788673907     
   1491103.4620552748     
   2833407.3166260174     
   1748495.1070279190     
   1779429.3109938088     
   1243950.7591674044     
   1595117.6511079224     
   4098248.7038500733     
   1329200.4649733440     
   2241492.9142871546     
   1547663.7729408711     
   2025716.1912825867     
   2086304.1426663699     
   3844001.1415292835     
   2141762.9609046853     
   2058645.8134117906     
   1671017.2882054860     
   1739477.0247367416     
   1993969.7038372471     
   2655894.0015807417     
   1570871.4590993603     
   1948243.9240553966     
   1535726.9683569539     
   1855605.0929813038     
   2088269.0501059678     
   1559133.8080500392     
   1718823.3732620485     
   1839561.5012874773     
   2291266.2214196995     
   1557859.5462966661     
   1559834.4488234483     
   1965888.3997544518     
   1814521.4317708970     
   1880047.8595840165     
   2232077.8918785816     
   2150702.2332911841     
   2184120.1655588974     
   2248169.9851092729     
   2007614.5894580660     
   2034888.7424665585     
   1930348.7998230536     
   1913001.0677963828     
   2543909.3211184349     
   1968047.4455867808     
   1683412.4710514203     
   2168012.4962443318     
   1498654.2966810812     
   1910776.0098859940     
   1528818.3187626959     
   1905086.2875152177     
   40054104612.184128     
   1296637.8843273348     
   2033164.7034029942     
   1527051.9397047409     
   2069337.3012840995     
   2016429.8820005639     
   1747920.3365885078     
   1647652.5950016922     
   2137388.2470717723     
   1764182.9820766875     
   1640267.3141780214     
   1605571.3111280391     
   1425370.1245054037     
   1747813.2787540308     
   1519908.5341479878     
   1944163.3539795610     
   2104616.0857236586     
   1714302.2714262560     
   1708121.3871322330     
   1592129.3549210620     
   1910593.8103656066     
   1489739.1617947882     
   1685325.6876000792     
   1827256.0698353949     
   1878778.6618255186     
   1767122.5461822178     
   1439679.8240658401     
   1738969.2657170657     
   1632667.8017064023     
   1742835.9635561870     
   1661581.5965097644     
   1922219.8871444250     
   1537806.0767756738     
   1686635.6315336770     
   1359351.5378151769     
   1430688.7138094625     
   1615529.6302192395     
   1990261.5441410895     
   1578861.6484314555     
   2577948.4656400504     
   1710848.8462214042     
   2265568.3567662705     
   1898065.9085629559     
   1899687.9089296090     
   1615199.5382361533     
   1517783.9354022229     
   1564166.8037947307     
   1642811.8105851964     
   1769870.9700898046     
   1882033.7967490864     
   31402.013331071907     
   5605778.8008665442     
   1684161.3639628717     
   1700636.4260955844     
   1578845.9770040431     
   1467749.8777959470     
   1332903.9881365453     
   2292072.2602487863     
   2214113.2278314782     
   2457889.2695258250     
   2083285.8470846287     
   2456166.3882633885     
   1664638.6380643316     
   1759577.5184291913     
   3142046.0306124464     
   1550522.7141879790     
   54322322.799886174     
   2095000.7712910725     
   1607713.7917606703     
   1897769.4280879351     
   1525304.5212494843     
   4356036.5692821471     
   1872510.4051401748     
   2170465.0666096420     
   1976201.6087432841     
   1721182.0887224204     
   1854823.5601978451     
   1453581.7162073422     
   1612938.4736116338     
   1815443.2964252634     
   1421714.6075353627     
   4267494.1269623777     
   1707106.5066614922     
   2286430.5454562693     
   1830077.9511845533     
   2349163.5415635444     
   1668135.3834994978     
   1443446.5899340266     
   1471977.3294803414     
   1546605.3752410293     
   1282523.5261103499     
   2624875.6099213371     
   1653929.3226397475     
   2223387.3426546701     
   1678673.3637864019     
   1415417.9813693401     
   1801267.9705076797     
   1850656.1088422853     
   2718193.0995089887     
   1746229.0913573024     
   1520200.9691797469     
   1786082.7048683413     
   2074423.0369296649     
   1773677.1164922784     
   3502242.5389599563     
   1811615.1508146212     
   1865050.6420345146     
   1836337.2971565579     
   1663036.8077413754     
   1502797.9026731574     
   1160700.2444511936     
   1692700.9857535725     
   1689066.3860178089     
   1713141.9915880614     
   1486009.5435723052     
   1784243.3741463954     
   1377920.9206886957     
   10565795.209394168     
   1463152.4217630727     
   205102940.59292242     
   1795770.8807790219     
   1316328.1194444455     
   1690175.3389581393     
   1640309.1058081093     
   1602801.6754136609     
   1918771.4518484005     
   1286535.4204612181     
   1330715.5428163542     
   2287040.3188648559     
   2552712.0013736207     
   1680317.5878037338     
   1300748.7174480371     
   1278041.0361916616     
   1439823.1193939559     
   1784671.8352968213     
   1711217.4520156621     
   1571297.6591916105     
   33267.928115946481     
   1454676.6699582073     
   1771656.4379265457     
   1658061.9251308744     
   1740217.4756396026     
   1624702.5601523444     
   1996923.8787449838     
   1424285.4903638354     
   2250634.1101436079     
   1410241.5436404713     
   1815556.7387886480     
   1859956.1162798887     
   1517760.4194746842     
   1759554.2366243606     
   2478399.1795249432     
   1483238.0755171147     
   1520138.0618313979     
   1392733.9895696149     
   1540485.4865573228     
   7323297.5096729621     
   1885698.1379582486     
   1439252.4721207980     
   1573733.9320828090     
   1902287.3943802163     
   1305544.5821588479     
   1260233.3241982763     
   1704699.7548576761     
   1303347.8845974919     
   1439817.4447867060     
   1995539.1234666219     
   1525203.4204002221     
   1416700.7288547035     
