   26502801.125586562     
   34508305.072296798     
   32533710.617967840     
   27774508.524873074     
   33823513.435975514     
   29388488.626452841     
   35238409.512355842     
   33076801.922168937     
   32018648.142587673     
   29717251.982223734     
   32301800.086697463     
   39608506.402610421     
   36097946.800377302     
   31016012.729060572     
   36241081.378259681     
   40792145.920457475     
   31164892.885742769     
   51628537.732020840     
   61717608.183079347     
   55320873.237695701     
   57737105.478326410     
   59341096.816118181     
   71201731.853591025     
   73925231.702305913     
   22423207.731524754     
   8916413.8625247758     
   12380551.495814551     
   15072614.944944395     
   9933361.2367467787     
   17583385.228747442     
   10760122.026070978     
   7970860.4542372571     
   9742561.3432251848     
   11263068.595646445     
   8317619.6755906893     
   13804919.242219314     
   9736995.4205966759     
   14625776.535267271     
   13949564.658023944     
   12045574.675960513     
   10925274.291290397     
   11282010.410380041     
   10149391.192452325     
   17261285.519611869     
   16129661.059539555     
   19799586.559723232     
   6969080.1739942813     
   9658308.2554933596     
   9300617.6017353032     
   17860851.300776139     
   10368579.445415353     
   10534040.423846096     
   7966557.7367206216     
   16108051.434649611     
   6937239.6974846646     
   5917760.5383610902     
   8373291.7354509942     
   14379834.713458221     
   16608917.883216251     
   12388735.119766233     
   7354170.4625104098     
   5657324.4148386223     
   12112869.672167031     
   11968046.658093544     
   10207598.399655579     
   12452517.435171399     
   14784451.104724118     
   5177885.6674809661     
   10268291.760566216     
   13516209.960186221     
   18801913.635278199     
   15130629.729685061     
   11160991.709301114     
   17695424.581300810     
   17378026.653204620     
   12307043.544429423     
   10988637.402298337     
   11271286.364221394     
   7499831.9408223340     
   11681730.558007983     
   11774598.411070321     
   10694252.473148882     
   10718795.121043449     
   11891096.513493862     
   16959763.489757735     
   16974649.229908284     
   10274880.889453420     
   11322621.689754965     
   10612388.626119688     
   16461515.412714424     
   15628924.883454442     
   13498816.190196825     
   6354090.8686051182     
   15930196.571069229     
   16259328.060467722     
   15730068.933572460     
   4487067.3492892040     
   7334521.6595768733     
   15497393.088204321     
   7152248.8041746262     
   19253252.577021763     
   5910100.5351647176     
   5201729.7160142902     
   10765050.447958451     
   9393825.6857145913     
   22731426.875623643     
   11217572.001417603     
   10358114.651953449     
   21294487.021177437     
   8336080.6797109321     
   7748998.6752385749     
   12499391.042516356     
   15992271.237204591     
   15324037.483835021     
   4266454.8102413034     
   5602276.1081506275     
   7720172.6874224702     
   5620619.0476862248     
   15696891.665556515     
   9557660.1966725197     
   15010346.459844699     
   11835177.823086407     
   12097024.299552446     
   15528556.367381640     
   16277767.544072194     
