           1  0.37461662292480469       0.29612123966217041       0.45142638683319092     
           2  0.68028450012207031      -0.11046624183654785      -0.64983367919921875     
           3 -0.27743685245513916       0.60907459259033203       0.84890425205230713     
           4  0.71584856510162354      -0.78873968124389648       0.40046107769012451     
           5  0.84097659587860107      -0.10498344898223877       0.79701077938079834     
           6 -0.71945226192474365       0.26612341403961182      -0.43633711338043213     
           7 -0.55630230903625488       0.64012658596038818      -0.37483191490173340     
           8  0.59878551959991455      -0.55613195896148682      -0.37354648113250732     
           9  0.40129959583282471      -0.14979553222656250        1.3891816139221191E-002
          10  0.87203180789947510       0.25426995754241943      -0.41329598426818848     
          11  0.82853186130523682        4.5381069183349609E-002  0.15627133846282959     
          12   8.3526849746704102E-002 -0.47681152820587158        6.0620784759521484E-002
          13 -0.47455644607543945      -0.95975434780120850       0.55715656280517578     
          14  0.33076214790344238      -0.82296681404113770       0.16370475292205811     
          15  0.18006193637847900       0.77328622341156006      -0.49670016765594482     
          16  0.24394226074218750       0.59424042701721191       0.61973917484283447     
          17  -1.7922163009643555E-002 -0.39551162719726562      -0.71522736549377441     
          18  -6.5624713897705078E-003 -0.53062498569488525      -0.29304194450378418     
          19  0.95542812347412109      -0.43163549900054932       -5.1197290420532227E-002
          20 -0.31998062133789062      -0.64377343654632568      -0.77502524852752686     
          21  0.83671712875366211       0.72592151165008545       0.73654842376708984     
          22 -0.12469732761383057       0.17407274246215820       0.60106205940246582     
          23 -0.79567551612854004       0.71699619293212891      -0.13872539997100830     
          24 -0.21743750572204590      -0.43426430225372314       0.63751101493835449     
          25 -0.97442650794982910       0.67136728763580322      -0.68648767471313477     
          26 -0.79477930068969727      -0.71996748447418213       -6.5450906753540039E-002
          27 -0.36269271373748779       0.27328860759735107       0.88817811012268066     
          28  0.46640074253082275        1.8042922019958496E-002 -0.39980137348175049     
          29 -0.49566626548767090      -0.54429268836975098       0.91394674777984619     
          30 -0.40867400169372559      -0.48738336563110352      -0.16026616096496582     
          31  0.85261321067810059      -0.78301668167114258       0.72539913654327393     
          32 -0.61998069286346436      -0.18587851524353027      -0.69223952293395996     
          33  0.83310174942016602       0.86767446994781494      -0.30864262580871582     
          34  0.98060619831085205      -0.60194230079650879      -0.94765901565551758     
          35  -9.7567319869995117E-002 -0.94526576995849609       0.88771045207977295     
          36  0.59686779975891113       0.98623859882354736       0.65180325508117676     
          37  0.12954914569854736      -0.77700507640838623      -0.81127858161926270     
          38  0.52486002445220947       0.88333022594451904       0.32164680957794189     
          39  0.85366952419281006      -0.89760923385620117        2.6858925819396973E-002
          40 -0.11050939559936523      -0.92206299304962158       0.10903513431549072     
          41  0.41502237319946289      -0.51864826679229736       0.32097172737121582     
          42 -0.99232590198516846      -0.18646538257598877      -0.44327056407928467     
          43 -0.51935827732086182       -2.6410460472106934E-002  0.33997774124145508     
          44 -0.47468388080596924       0.50190246105194092        7.4225187301635742E-002
          45  0.44989752769470215       0.77864956855773926      -0.27482163906097412     
          46   4.0243148803710938E-002  0.24780011177062988       0.98325634002685547     
          47  0.46628689765930176       0.40495467185974121       0.98384881019592285     
          48 -0.21729493141174316        9.8938345909118652E-002 -0.49683547019958496     
          49  0.27597868442535400       0.25474989414215088      -0.61558079719543457     
          50 -0.32305967807769775       -7.9928040504455566E-002 -0.11062109470367432     
          51 -0.85147118568420410      -0.56107342243194580       0.49848473072052002     
          52  0.47613143920898438      -0.23184645175933838       0.94708347320556641     
          53  -4.8573017120361328E-002  0.19503629207611084       -6.1600327491760254E-002
          54 -0.60172629356384277      -0.84091413021087646      -0.36287832260131836     
          55  0.14091014862060547       -1.9253134727478027E-002  0.20207774639129639     
          56 -0.65487909317016602       0.17193472385406494        6.9093585014343262E-002
          57 -0.14363646507263184       0.52282917499542236      -0.52939248085021973     
          58  0.76464223861694336      -0.44761562347412109       0.49620544910430908     
          59  -1.4120459556579590E-002 -0.20292258262634277       0.82778286933898926     
          60 -0.75620269775390625       0.31775581836700439       0.97314345836639404     
          61 -0.90596139430999756       0.46820020675659180       0.13832306861877441     
          62  0.77305471897125244       0.56686067581176758      -0.13301873207092285     
          63  0.54635059833526611       0.94126963615417480      -0.61402916908264160     
          64  0.34037578105926514       0.42011547088623047       -1.1023402214050293E-002
          65  0.10892736911773682      -0.92737793922424316      -0.28903400897979736     
          66 -0.75847387313842773       0.96130895614624023       0.15574884414672852     
          67  0.83498513698577881       0.43057370185852051       0.95499229431152344     
          68   4.0245652198791504E-002  0.67531561851501465       0.22484707832336426     
          69  0.38941383361816406      -0.72286701202392578       0.70446288585662842     
          70 -0.86111843585968018       0.17304968833923340       0.37414407730102539     
          71 -0.46277081966400146       0.18525230884552002      -0.78173089027404785     
          72  0.84015226364135742       0.75413668155670166       0.38441050052642822     
          73 -0.50523006916046143       0.57011556625366211       0.56613016128540039     
          74 -0.70389497280120850       -7.0348381996154785E-002  0.67724823951721191     
          75  0.48324084281921387       0.81041204929351807      -0.93353343009948730     
          76 -0.93661141395568848      -0.74307465553283691      -0.50015282630920410     
          77  0.14727878570556641      -0.11730539798736572      -0.26925396919250488     
          78 -0.16428589820861816      -0.14471089839935303       0.36137437820434570     
          79  0.12383043766021729      -0.99012136459350586       0.57288861274719238     
          80  0.25018501281738281       -4.1600704193115234E-002  0.61669075489044189     
          81  0.75083422660827637       0.41729557514190674       0.57644224166870117     
          82 -0.44782352447509766      -0.67007493972778320       0.25119698047637939     
          83 -0.51207876205444336       0.90271973609924316      -0.93777048587799072     
          84 -0.25023281574249268       0.88861560821533203      -0.29820227622985840     
          85 -0.85279941558837891      -0.97470259666442871       0.62814962863922119     
          86  0.68957674503326416      -0.52988922595977783      -0.71363115310668945     
          87 -0.79424369335174561       0.67215561866760254       0.90143203735351562     
          88 -0.61343777179718018      -0.33609592914581299       0.18503463268280029     
          89 -0.89264428615570068       -8.2630872726440430E-002 -0.95396852493286133     
          90  -5.0798773765563965E-002 -0.66927766799926758       0.35337352752685547     
          91 -0.68773162364959717      -0.43552887439727783      -0.40476238727569580     
          92 -0.94549167156219482      -0.28865408897399902       0.29706168174743652     
          93   4.8746943473815918E-002  0.68053877353668213       0.97094702720642090     
          94  0.62924683094024658       0.34263980388641357       0.18023836612701416     
          95 -0.62217438220977783       0.57468318939208984      -0.74038612842559814     
          96  0.57731473445892334      -0.82389390468597412      -0.92621421813964844     
          97  0.11452090740203857      -0.51384031772613525       0.72552955150604248     
          98  -3.9076805114746094E-004  0.60215330123901367      -0.21550774574279785     
          99 -0.66583096981048584      -0.10406970977783203      -0.24073910713195801     
         100 -0.96065509319305420       0.17110621929168701       0.73204779624938965     
