tried moves    experiment_1   _ coord. constraints_1 _                                                                                                                                                                                                                                                                                                                                                                                                                                                                          
        0   403566   0.000E+00   0.000E+00
  OPTIMIZATION STUFF
      403566  -8992.5103417327264        1128496564.7451131     
   32367.133368572249       -41359.643710304976     
        0   457922   0.000E+00   0.000E+00
  OPTIMIZATION STUFF
      457922  -8829.8390359509249        1106535831.8832216     
   32071.323241837385       -40901.162277788309     
        0   446428   0.000E+00   0.000E+00
  OPTIMIZATION STUFF
      446428  -9068.9258939401207        1139887406.5772884     
   32521.408175346754       -41590.334069286873     
        0   457209   0.000E+00   0.000E+00
  OPTIMIZATION STUFF
      457209  -9366.3233815150415        1176953434.0392861     
   33003.415283151691       -42369.738664666729     
        0   454119   0.000E+00   0.000E+00
  OPTIMIZATION STUFF
      454119  -9114.1263835778736        1144132400.4445271     
   32573.994239403568       -41688.120622981442     
        0   454460   0.000E+00   0.000E+00
  OPTIMIZATION STUFF
      454460  -8969.7169190263739        1128806947.0675273     
   32378.250809147477       -41347.967728173855     
        0   451015   0.000E+00   0.000E+00
  OPTIMIZATION STUFF
      451015  -9148.5259891132537        1150162466.3949678     
   32656.805395223324       -41805.331384336576     
        0   461894   0.000E+00   0.000E+00
  OPTIMIZATION STUFF
      461894  -8976.0633303716677        1129308644.6893487     
   32384.238940856798       -41360.302271228466     
        0   459475   0.000E+00   0.000E+00
  OPTIMIZATION STUFF
      459475  -8730.9495864297096        1092466527.8684332     
   31878.473100003648       -40609.422686433361     
        0   453525   0.000E+00   0.000E+00
  OPTIMIZATION STUFF
      453525  -8918.3032233902522        1115514200.2662840     
   32186.613178182495       -41104.916401572744     
        0   445282   0.000E+00   0.000E+00
  OPTIMIZATION STUFF
      445282  -8931.1437494008678        1120671362.2060764     
   32263.075388648464       -41194.219138049331     
        0   450584   0.000E+00   0.000E+00
  OPTIMIZATION STUFF
      450584  -8767.6917792317563        1103106568.2070496     
   32034.889559220297       -40802.581338452052     
        0   436057   0.000E+00   0.000E+00
  OPTIMIZATION STUFF
      436057  -9266.1308601630244        1164731006.9658401     
   32846.153897346558       -42112.284757509580     
        0   451320   0.000E+00   0.000E+00
  OPTIMIZATION STUFF
      451320  -9339.1358138582909        1173121387.3147323     
   32953.026106338730       -42292.161920197017     
        0   455285   0.000E+00   0.000E+00
  OPTIMIZATION STUFF
      455285  -8921.0772440592991        1122079333.1926627     
   32287.671238387418       -41208.748482446717     
        0   456645   0.000E+00   0.000E+00
  OPTIMIZATION STUFF
      456645  -8685.4858226186534        1086886584.6509988     
   31803.284746643531       -40488.770569262182     
        0   457161   0.000E+00   0.000E+00
  OPTIMIZATION STUFF
      457161  -9184.9926134635170        1154817506.3721395     
   32717.784415555405       -41902.777029018922     
        0   451652   0.000E+00   0.000E+00
  OPTIMIZATION STUFF
      451652  -9438.4343589807504        1183620690.7707789     
   33083.782244809772       -42522.216603790526     
        0   454023   0.000E+00   0.000E+00
  OPTIMIZATION STUFF
      454023  -9540.6476530659420        1199039483.7705221     
   33286.867172063059       -42827.514825129001     
        0   454908   0.000E+00   0.000E+00
  OPTIMIZATION STUFF
      454908  -9149.4615731234335        1150019936.9341295     
   32654.360962298240       -41803.822535421670     
        0   433665   0.000E+00   0.000E+00
  OPTIMIZATION STUFF
      433665  -8889.6089029510258        1113466403.2066205     
   32162.730866006921       -41052.339768957943     
        0   320109   0.000E+00   0.000E+00
  OPTIMIZATION STUFF
      320109  -9110.3215416234816        1141194540.1890044     
   32529.933624236550       -41640.255165860028     
        0   234381   0.000E+00   0.000E+00
  OPTIMIZATION STUFF
      234381  -9320.4688789904958        1168054507.0788350     
   32881.352875978271       -42201.821754968769     
        0   259310   0.000E+00   0.000E+00
  OPTIMIZATION STUFF
      259310  -9123.8207519337248        1134332228.3335693     
   32420.489250166367       -41544.310002100094     
        0   371677   0.000E+00   0.000E+00
  OPTIMIZATION STUFF
      371677  -6011.2541210747077        503791769.22716677     
   21625.369201912581       -27636.623322987289     
        0   435151   0.000E+00   0.000E+00
  OPTIMIZATION STUFF
      435151  -6131.0174338270381        515072034.27575630     
   21851.376604275192       -27982.394038102229     
        0   425359   0.000E+00   0.000E+00
  OPTIMIZATION STUFF
      425359  -6002.0608762128359        505351356.39571440     
   21663.947508105481       -27666.008384318317     
        0   443264   0.000E+00   0.000E+00
  OPTIMIZATION STUFF
      443264  -6183.3055125034789        521445611.35540640     
   21982.091444956972       -28165.396957460449     
        0   431942   0.000E+00   0.000E+00
  OPTIMIZATION STUFF
      431942  -5834.5182209366003        492666402.24920738     
   21415.527062829115       -27250.045283765714     
        0   442595   0.000E+00   0.000E+00
  OPTIMIZATION STUFF
      442595  -5921.5466482353859        499262191.40363055     
   21545.242553668380       -27466.789201903768     
        0   415533   0.000E+00   0.000E+00
  OPTIMIZATION STUFF
      415533  -5948.5439821399559        499906918.92317361     
   21552.766491003425       -27501.310473143381     
        0   423452   0.000E+00   0.000E+00
  OPTIMIZATION STUFF
      423452  -5840.3843859033796        493551123.45435005     
   21434.575658949867       -27274.960044853247     
        0   414818   0.000E+00   0.000E+00
  OPTIMIZATION STUFF
      414818  -6279.6411034851835        528624869.71062934     
   22117.662112484872       -28397.303215970056     
        0   418462   0.000E+00   0.000E+00
  OPTIMIZATION STUFF
      418462  -6119.9324757650693        513923051.08956444     
   21828.180812464434       -27948.113288229502     
        0   399283   0.000E+00   0.000E+00
  OPTIMIZATION STUFF
      399283  -6104.6926615956172        513700118.16559106     
   21827.341699644774       -27932.034361240392     
        0   413433   0.000E+00   0.000E+00
  OPTIMIZATION STUFF
      413433  -5876.9485981907201        495249530.05379313     
   21464.179584321813       -27341.128182512533     
        0   435257   0.000E+00   0.000E+00
  OPTIMIZATION STUFF
      435257  -5912.5987634895218        498678746.67979628     
   21534.157112405828       -27446.755875895349     
        0   429553   0.000E+00   0.000E+00
  OPTIMIZATION STUFF
      429553  -6186.6638109855885        521598611.18386286     
   21984.626493841195       -28171.290304826784     
        0   432349   0.000E+00   0.000E+00
  OPTIMIZATION STUFF
      432349  -6178.4930834181960        520845440.63792849     
   21969.789799997678       -28148.282883415872     
        0   445216   0.000E+00   0.000E+00
  OPTIMIZATION STUFF
      445216  -6093.4880313092317        515053545.09642690     
   21861.448916042093       -27954.936947351325     
        0   444349   0.000E+00   0.000E+00
  OPTIMIZATION STUFF
      444349  -6108.7531812772550        514843043.80136842     
   21852.372373991879       -27961.125555269133     
        0   447615   0.000E+00   0.000E+00
  OPTIMIZATION STUFF
      447615  -5866.7171838413497        493181914.49612814     
   21418.766163832799       -27285.483347674148     
        0   448633   0.000E+00   0.000E+00
  OPTIMIZATION STUFF
      448633  -5771.4553011539892        485799876.27601391     
   21271.816565183035       -27043.271866337025     
        0   455307   0.000E+00   0.000E+00
  OPTIMIZATION STUFF
      455307  -6167.2673602659497        518557531.07801342     
   21920.819883959899       -28088.087244225848     
        0   456833   0.000E+00   0.000E+00
  OPTIMIZATION STUFF
      456833  -6006.6830119729475        505543784.52317291     
   21667.107414623864       -27673.790426596810     
        0   450325   0.000E+00   0.000E+00
  OPTIMIZATION STUFF
      450325  -5989.1212355710959        504325708.77060485     
   21643.847522939082       -27632.968758510178     
        0   449618   0.000E+00   0.000E+00
  OPTIMIZATION STUFF
      449618  -6108.8592120977828        515114492.79524797     
   21858.552832290065       -27967.412044387849     
        0   444980   0.000E+00   0.000E+00
  OPTIMIZATION STUFF
      444980  -6030.9520904868850        508559561.82120365     
   21729.868354489761       -27760.820444976645     
        0   453315   0.000E+00   0.000E+00
  OPTIMIZATION STUFF
      453315  -6021.9872337283878        508229296.07129878     
   21724.754678203182       -27746.741911931571     
        0   449587   0.000E+00   0.000E+00
  OPTIMIZATION STUFF
      449587  -6098.6584376792316        514224546.94392431     
   21841.037342682426       -27939.695780361657     
