tried moves    experiment_1   _ coord. constraints_1 _                                                                                                                                                                                                                                                                                                                                                                                                                                                                          
        0    66457   0.000E+00   0.000E+00
  OPTIMIZATION STUFF
       66457  -25218.957370931585        6129630320.1694403     
   74119.056316797345       -99338.013687728933     
        0    48252   0.000E+00   0.000E+00
  OPTIMIZATION STUFF
       48252  -24494.554629859907        5947482325.8621550     
   73126.596525115019       -97621.151154974927     
        0    48191   0.000E+00   0.000E+00
  OPTIMIZATION STUFF
       48191  -23281.525596065661        5639109351.3311739     
   71393.836689527438       -94675.362285593103     
        0    72335   0.000E+00   0.000E+00
  OPTIMIZATION STUFF
       72335  -23902.536807907654        5783454154.2821665     
   72195.033682579480       -96097.570490487138     
        0    62837   0.000E+00   0.000E+00
  OPTIMIZATION STUFF
       62837  -23377.349332399710        5644002488.5815773     
   71396.792832539242       -94774.142164938952     
        0    83573   0.000E+00   0.000E+00
  OPTIMIZATION STUFF
       83573  -24641.585799241384        5958851898.1908092     
   73154.932489131825       -97796.518288373205     
        0    87694   0.000E+00   0.000E+00
  OPTIMIZATION STUFF
       87694  -23416.140214837964        5657875253.7231808     
   71481.183756022321       -94897.323970860278     
        0    81835   0.000E+00   0.000E+00
  OPTIMIZATION STUFF
       81835  -23706.115965051631        5737686350.5834970     
   71942.382615778173       -95648.498580829808     
        0    93246   0.000E+00   0.000E+00
  OPTIMIZATION STUFF
       93246  -24911.738841344402        6037799543.6801643     
   73601.663103362123       -98513.401944706522     
        0    59946   0.000E+00   0.000E+00
  OPTIMIZATION STUFF
       59946  -24931.146365061893        6042677524.3552637     
   73628.224651142620       -98559.371016204517     
        0    61635   0.000E+00   0.000E+00
  OPTIMIZATION STUFF
       61635  -25064.147805629920        6077765093.8995800     
   73821.091760262643       -98885.239565892567     
        0    78555   0.000E+00   0.000E+00
  OPTIMIZATION STUFF
       78555  -24560.292151995422        5947694947.0116587     
   73105.998361422375       -97666.290513417800     
        0    98007   0.000E+00   0.000E+00
  OPTIMIZATION STUFF
       98007  -23391.250114787719        5663606984.0674734     
   71529.409351223629       -94920.659466011348     
        0    92265   0.000E+00   0.000E+00
  OPTIMIZATION STUFF
       92265  -23772.882458136894        5744682978.3775063     
   71968.972745267893       -95741.855203404790     
        0    85303   0.000E+00   0.000E+00
  OPTIMIZATION STUFF
       85303  -23998.379306706684        5803372921.3802633     
   72301.111416296335       -96299.490723003022     
        0    72689   0.000E+00   0.000E+00
  OPTIMIZATION STUFF
       72689  -24969.286962263894        6053324995.8728352     
   73687.581752076469       -98656.868714340366     
        0    63651   0.000E+00   0.000E+00
  OPTIMIZATION STUFF
       63651  -24744.328447314263        5986529645.0566444     
   73309.261725569697       -98053.590172883967     
        0    96890   0.000E+00   0.000E+00
  OPTIMIZATION STUFF
       96890  -25168.877077097746        6099155904.8921509     
   73930.261270809089       -99099.138347906832     
        0    89300   0.000E+00   0.000E+00
  OPTIMIZATION STUFF
       89300  -25362.346024636063        6151195863.6618214     
   74215.545998048474       -99577.892022684537     
        0    86331   0.000E+00   0.000E+00
  OPTIMIZATION STUFF
       86331  -26675.687180734614        6474596846.0054970     
   75914.455536749301       -102590.14271748392     
        0    74948   0.000E+00   0.000E+00
  OPTIMIZATION STUFF
       74948  -26094.542215936388        6319428407.8627930     
   75089.967867908330       -101184.51008384471     
        0    85217   0.000E+00   0.000E+00
  OPTIMIZATION STUFF
       85217  -24816.219181618693        5993156240.0988140     
   73330.154136130615       -98146.373317749312     
        0    92248   0.000E+00   0.000E+00
  OPTIMIZATION STUFF
       92248  -24738.950979967052        5986606162.8707476     
   73311.598449914702       -98050.549429881750     
        0    88320   0.000E+00   0.000E+00
  OPTIMIZATION STUFF
       88320  -23664.911684782604        5593789274.7961893     
   70949.004430982881       -94613.916115765489     
        0    47072   0.000E+00   0.000E+00
  OPTIMIZATION STUFF
       47072  -24970.842539089044        5917626654.3805113     
   72760.454075469679       -97731.296614558727     
        0    71135   0.000E+00   0.000E+00
  OPTIMIZATION STUFF
       71135  -24792.032754621490        5871010600.4428091     
   72500.798011722494       -97292.830766343977     
        0    86866   0.000E+00   0.000E+00
  OPTIMIZATION STUFF
       86866  -25087.778877811801        5945236125.1813068     
   72909.803704024103       -97997.582581835901     
        0    98015   0.000E+00   0.000E+00
  OPTIMIZATION STUFF
       98015  -25249.821455899608        5986710723.4861946     
   73137.932975518168       -98387.754431417779     
        0    75462   0.000E+00   0.000E+00
  OPTIMIZATION STUFF
       75462  -25256.205109856612        5997009566.9012136     
   73206.104051165472       -98462.309161022087     
        0    83883   0.000E+00   0.000E+00
  OPTIMIZATION STUFF
       83883  -24727.715985360559        5862894224.6939116     
   72466.780574558812       -97194.496559919367     
        0    64927   0.000E+00   0.000E+00
  OPTIMIZATION STUFF
       64927  -25112.472469080658        5953850141.3125429     
   72960.358194037181       -98072.830663117842     
        0    82232   0.000E+00   0.000E+00
  OPTIMIZATION STUFF
       82232  -25136.732050783146        5989426922.4571857     
   73195.434449590612       -98332.166500373758     
        0    66518   0.000E+00   0.000E+00
  OPTIMIZATION STUFF
       66518  -25064.587780751066        5940102702.4639807     
   72882.570905841436       -97947.158686592506     
        0    78279   0.000E+00   0.000E+00
  OPTIMIZATION STUFF
       78279  -24251.012404348545        5738131555.0786228     
   71763.639487157809       -96014.651891506350     
        0    96142   0.000E+00   0.000E+00
  OPTIMIZATION STUFF
       96142  -24166.311289550871        5732661811.4351606     
   71754.102392070141       -95920.413681621008     
        0    60231   0.000E+00   0.000E+00
  OPTIMIZATION STUFF
       60231  -24567.789012302626        5811304446.6304636     
   72164.590968683842       -96732.379980986472     
        0    88425   0.000E+00   0.000E+00
  OPTIMIZATION STUFF
       88425  -23522.575629064173        5576192942.4653578     
   70872.289212641597       -94394.864841705770     
        0    63857   0.000E+00   0.000E+00
  OPTIMIZATION STUFF
       63857  -23717.622970073753        5632481682.7050972     
   71203.623807742595       -94921.246777816355     
        0    81575   0.000E+00   0.000E+00
  OPTIMIZATION STUFF
       81575  -24629.114311982834        5838464449.8927307     
   72331.674791200654       -96960.789103183488     
        0    73103   0.000E+00   0.000E+00
  OPTIMIZATION STUFF
       73103  -24395.869526558414        5790179545.4700832     
   72076.494750460930       -96472.364277019340     
        0    69691   0.000E+00   0.000E+00
  OPTIMIZATION STUFF
       69691  -25089.556040234747        5975932800.6844397     
   73119.402202071928       -98208.958242306675     
        0    91963   0.000E+00   0.000E+00
  OPTIMIZATION STUFF
       91963  -25053.676478583773        5914254323.0701399     
   72708.786387730317       -97762.462866314090     
        0    71556   0.000E+00   0.000E+00
  OPTIMIZATION STUFF
       71556  -23968.465257979755        5683019199.9971914     
   71473.994383791141       -95442.459641770896     
        0    65834   0.000E+00   0.000E+00
  OPTIMIZATION STUFF
       65834  -23196.258772063062        5466424786.2046900     
   70202.267521670394       -93398.526293733448     
        0    65874   0.000E+00   0.000E+00
  OPTIMIZATION STUFF
       65874  -24040.004402343864        5704497340.5668306     
   71600.108441971781       -95640.112844315649     
        0    67655   0.000E+00   0.000E+00
  OPTIMIZATION STUFF
       67655  -24257.168723671566        5782107175.1902924     
   72067.308404724128       -96324.477128395694     
        0    61504   0.000E+00   0.000E+00
  OPTIMIZATION STUFF
       61504  -23629.418411810610        5589313779.3883247     
   70929.291304142534       -94558.709715953140     
        0    52459   0.000E+00   0.000E+00
  OPTIMIZATION STUFF
       52459  -23609.938237480692        5599807915.4673052     
   71009.708715707689       -94619.646953188378     
        0    74901   0.000E+00   0.000E+00
  OPTIMIZATION STUFF
       74901  -24294.084858680122        5736918336.3706665     
   71740.614558630012       -96034.699417310127     
        0   103749   0.000E+00   0.000E+00
  OPTIMIZATION STUFF
      103749  -23990.713163500368        5681045931.7680101     
   71452.722926944218       -95443.436090444593     
        0   122261   0.000E+00   0.000E+00
  OPTIMIZATION STUFF
      122261  -23894.250824056726        5666980629.5547991     
   71386.591227707904       -95280.842051764630     
        0    68605   0.000E+00   0.000E+00
  OPTIMIZATION STUFF
       68605  -22711.445958749355        5371017486.8814135     
   69679.320528720869       -92390.766487470217     
        0    92543   0.000E+00   0.000E+00
  OPTIMIZATION STUFF
       92543  -22905.149498071165        5430803265.1037827     
   70043.967560203164       -92949.117058274336     
        0    73612   0.000E+00   0.000E+00
  OPTIMIZATION STUFF
       73612  -23759.577242840838        5605404264.9296236     
   70999.202489683666       -94758.779732524505     
        0    82827   0.000E+00   0.000E+00
  OPTIMIZATION STUFF
       82827  -23441.299334757987        5544442897.5454807     
   70674.948765766749       -94116.248100524739     
        0    92730   0.000E+00   0.000E+00
  OPTIMIZATION STUFF
       92730  -22945.540817426932        5430528483.2308788     
   70028.784366335196       -92974.325183762121     
        0    75366   0.000E+00   0.000E+00
  OPTIMIZATION STUFF
       75366  -23076.370644587743        5434571934.7915449     
   70014.663126127751       -93091.033770715498     
        0    71598   0.000E+00   0.000E+00
  OPTIMIZATION STUFF
       71598  -23607.136372524368        5585936561.6008730     
   70912.902026993019       -94520.038399517391     
        0    60893   0.000E+00   0.000E+00
  OPTIMIZATION STUFF
       60893  -23784.301972312085        5635140584.7141619     
   71200.053120795026       -94984.355093107108     
        0    75608   0.000E+00   0.000E+00
  OPTIMIZATION STUFF
       75608  -23101.804703206002        5438734513.0475540     
   70035.998832760873       -93137.803535966872     
        0    70141   0.000E+00   0.000E+00
  OPTIMIZATION STUFF
       70141  -23691.403743887309        5636583163.7344685     
   71241.143676800915       -94932.547420688221     
        0    83614   0.000E+00   0.000E+00
  OPTIMIZATION STUFF
       83614  -24362.666539096321        5771353556.2226343     
   71957.029089085045       -96319.695628181362     
        0    62513   0.000E+00   0.000E+00
  OPTIMIZATION STUFF
       62513  -25081.982947546901        5946618603.3304949     
   72921.277654395642       -98003.260601942544     
        0    66205   0.000E+00   0.000E+00
  OPTIMIZATION STUFF
       66205  -23818.253908315073        5647378549.5808372     
   71274.605087224947       -95092.858995540024     
        0    74958   0.000E+00   0.000E+00
  OPTIMIZATION STUFF
       74958  -24372.365191173718        5786675517.4564333     
   72060.136916637188       -96432.502107810898     
        0    83167   0.000E+00   0.000E+00
  OPTIMIZATION STUFF
       83167  -24229.757596161933        5744291775.1331587     
   71813.721683007010       -96043.479279168940     
        0    71163   0.000E+00   0.000E+00
  OPTIMIZATION STUFF
       71163  -23816.871126849619        5647432127.6505985     
   71275.443017757774       -95092.314144607401     
        0   108517   0.000E+00   0.000E+00
  OPTIMIZATION STUFF
      108517  -23780.018338140570        5628642588.8340015     
   71155.838247270338       -94935.856585410904     
        0    87226   0.000E+00   0.000E+00
  OPTIMIZATION STUFF
       87226  -23155.710453305204        5469286823.8827810     
   70236.029908341719       -93391.740361646924     
        0    74560   0.000E+00   0.000E+00
  OPTIMIZATION STUFF
       74560  -23766.396190987121        5606619710.6357250     
   71005.479526081355       -94771.875717068469     
        0    78215   0.000E+00   0.000E+00
  OPTIMIZATION STUFF
       78215  -24018.810330499258        5670550985.2649679     
   71369.795681173622       -95388.606011672877     
        0    90505   0.000E+00   0.000E+00
  OPTIMIZATION STUFF
       90505  -23992.237997900669        5672927704.2704754     
   71395.379543234914       -95387.617541135580     
        0    89707   0.000E+00   0.000E+00
  OPTIMIZATION STUFF
       89707  -23963.194065123123        5665237540.6880112     
   71351.263975386304       -95314.458040509431     
        0    66786   0.000E+00   0.000E+00
  OPTIMIZATION STUFF
       66786  -24060.862306471408        5717592454.8183661     
   71684.498741969233       -95745.361048440638     
        0    69163   0.000E+00   0.000E+00
  OPTIMIZATION STUFF
       69163  -23855.620056966869        5666065603.1765442     
   71393.101871778796       -95248.721928745668     
        0    73124   0.000E+00   0.000E+00
  OPTIMIZATION STUFF
       73124  -24505.941961599470        5814162629.5744133     
   72205.411418737393       -96711.353380336863     
        0    75186   0.000E+00   0.000E+00
  OPTIMIZATION STUFF
       75186  -24079.499507887100        5715554778.3164330     
   71664.025017899316       -95743.524525786415     
        0    94328   0.000E+00   0.000E+00
  OPTIMIZATION STUFF
       94328  -23837.778814349927        5644390517.6617699     
   71247.110950970498       -95084.889765320433     
        0    78638   0.000E+00   0.000E+00
  OPTIMIZATION STUFF
       78638  -23705.110760700929        5656815526.5266066     
   71378.450882248115       -95083.561642949047     
        0    73139   0.000E+00   0.000E+00
  OPTIMIZATION STUFF
       73139  -23888.845212540498        5669445614.6857281     
   71405.662864348575       -95294.508076889077     
        0   100023   0.000E+00   0.000E+00
  OPTIMIZATION STUFF
      100023  -24277.041280505480        5762854824.6403255     
   71926.907978203526       -96203.949258709006     
        0    85970   0.000E+00   0.000E+00
  OPTIMIZATION STUFF
       85970  -23148.511108526229        5486677729.1496973     
   70362.093222189855       -93510.604330716087     
        0    83377   0.000E+00   0.000E+00
  OPTIMIZATION STUFF
       83377  -23227.403840387633        5508911049.3601284     
   70493.962579753410       -93721.366420141043     
        0    78744   0.000E+00   0.000E+00
  OPTIMIZATION STUFF
       78744  -24534.599461546273        5805551415.0284386     
   72136.016276822033       -96670.615738368302     
        0    69883   0.000E+00   0.000E+00
  OPTIMIZATION STUFF
       69883  -23947.794885737585        5668106491.3855934     
   71376.534039530350       -95324.328925267939     
        0    72529   0.000E+00   0.000E+00
  OPTIMIZATION STUFF
       72529  -23311.365109128757        5506344789.6703291     
   70448.030820025218       -93759.395929153980     
        0    80480   0.000E+00   0.000E+00
  OPTIMIZATION STUFF
       80480  -24268.156684890651        5721323057.7472601     
   71640.628339405695       -95908.785024296347     
        0    94446   0.000E+00   0.000E+00
  OPTIMIZATION STUFF
       94446  -24262.951845499021        5629460832.7774696     
   70998.380266879787       -95261.332112378805     
        0    91714   0.000E+00   0.000E+00
  OPTIMIZATION STUFF
       91714  -24397.801862311102        5663163748.1736774     
   71189.261918221106       -95587.063780532204     
        0   113999   0.000E+00   0.000E+00
  OPTIMIZATION STUFF
      113999  -23539.055167150589        5451809952.8285379     
   69983.732643139141       -93522.787810289738     
        0    82768   0.000E+00   0.000E+00
  OPTIMIZATION STUFF
       82768  -23903.093586893490        5539604357.2093153     
   70485.789164806309       -94388.882751699799     
        0    91831   0.000E+00   0.000E+00
  OPTIMIZATION STUFF
       91831  -23473.282442748095        5458745480.8289213     
   70055.338784363150       -93528.621227111245     
        0    96358   0.000E+00   0.000E+00
  OPTIMIZATION STUFF
       96358  -23306.614396313747        5409378129.6052303     
   69758.009253323529       -93064.623649637273     
        0    79241   0.000E+00   0.000E+00
  OPTIMIZATION STUFF
       79241  -23121.316616398082        5365308264.5032310     
   69503.330729019770       -92624.647345417849     
        0    87740   0.000E+00   0.000E+00
  OPTIMIZATION STUFF
       87740  -22010.784704809670        5097779002.5928965     
   67921.310052673551       -89932.094757483224     
        0    66471   0.000E+00   0.000E+00
  OPTIMIZATION STUFF
       66471  -22278.305576868112        5165661411.5554209     
   68332.558214800563       -90610.863791668671     
        0    84950   0.000E+00   0.000E+00
  OPTIMIZATION STUFF
       84950  -23232.710417892882        5389937260.8887644     
   69643.222409126756       -92875.932827019642     
        0    61445   0.000E+00   0.000E+00
  OPTIMIZATION STUFF
       61445  -22894.580519163486        5323439407.1934366     
   69276.818561803026       -92171.399080966512     
        0   105934   0.000E+00   0.000E+00
  OPTIMIZATION STUFF
      105934  -22472.034474295320        5200503939.9531841     
   68523.803211287581       -90995.837685582897     
        0    82049   0.000E+00   0.000E+00
  OPTIMIZATION STUFF
       82049  -21901.272410388920        5069039727.7846222     
   67744.918588707151       -89646.190999096070     
        0    71373   0.000E+00   0.000E+00
  OPTIMIZATION STUFF
       71373  -23468.521009345277        5442518025.8991585     
   69941.021922281623       -93409.542931626900     
        0    80747   0.000E+00   0.000E+00
  OPTIMIZATION STUFF
       80747  -23952.081811088967        5557090375.6486397     
   70593.116892254737       -94545.198703343704     
        0    92260   0.000E+00   0.000E+00
  OPTIMIZATION STUFF
       92260  -22575.669304140476        5230212290.6731052     
   68706.269336525584       -91281.938640666063     
        0    80223   0.000E+00   0.000E+00
  OPTIMIZATION STUFF
       80223  -22964.330678234426        5311167269.6732931     
   69165.069118551415       -92129.399796785845     
        0    94434   0.000E+00   0.000E+00
  OPTIMIZATION STUFF
       94434  -22865.030073914062        5301084007.7461576     
   69125.063525939448       -91990.093599853513     
        0    91692   0.000E+00   0.000E+00
  OPTIMIZATION STUFF
       91692  -23670.712821183963        5490371910.8537359     
   70214.451969596499       -93885.164790780458     
        0    98095   0.000E+00   0.000E+00
  OPTIMIZATION STUFF
       98095  -22864.187777154799        5276487620.4189863     
   68947.201086846093       -91811.388864000895     
        0    88191   0.000E+00   0.000E+00
  OPTIMIZATION STUFF
       88191  -22207.580705514170        5132106964.5712233     
   68109.693317319368       -90317.274022833531     
        0    73182   0.000E+00   0.000E+00
  OPTIMIZATION STUFF
       73182  -22552.232789483754        5214492762.9061871     
   68599.486580550452       -91151.719370034203     
        0    72277   0.000E+00   0.000E+00
  OPTIMIZATION STUFF
       72277  -22168.082515876424        5145673545.8721409     
   68222.061413016796       -90390.143928893216     
        0    85016   0.000E+00   0.000E+00
  OPTIMIZATION STUFF
       85016  -23622.259339418466        5453991307.5185900     
   69971.281046010918       -93593.540385429384     
        0    78633   0.000E+00   0.000E+00
  OPTIMIZATION STUFF
       78633  -23042.631592334012        5346813976.7972822     
   69396.333520563261       -92438.965112897276     
        0    96336   0.000E+00   0.000E+00
  OPTIMIZATION STUFF
       96336  -23659.418597409072        5478493388.3750696     
   70133.624603378688       -93793.043200787768     
        0    93681   0.000E+00   0.000E+00
  OPTIMIZATION STUFF
       93681  -23257.504189750329        5391878605.9873457     
   69648.884448001685       -92906.388637752010     
        0   105457   0.000E+00   0.000E+00
  OPTIMIZATION STUFF
      105457  -23618.690556340498        5480094597.2055016     
   70158.763198971326       -93777.453755311828     
        0    97023   0.000E+00   0.000E+00
  OPTIMIZATION STUFF
       97023  -23861.172093215017        5506186387.5060606     
   70262.585021076738       -94123.757114291759     
        0    88650   0.000E+00   0.000E+00
  OPTIMIZATION STUFF
       88650  -23910.998307952625        5534591159.0524588     
   70447.535932561514       -94358.534240514142     
        0    67602   0.000E+00   0.000E+00
  OPTIMIZATION STUFF
       67602  -23864.012899026664        5534632203.9288883     
   70463.757296102063       -94327.770195128731     
        0    75569   0.000E+00   0.000E+00
  OPTIMIZATION STUFF
       75569  -22749.589778877584        5273087447.3990736     
   68960.449623620225       -91710.039402497816     
        0   114658   0.000E+00   0.000E+00
  OPTIMIZATION STUFF
      114658  -23724.293115177308        5500919691.6046038     
   70271.456565164175       -93995.749680341483     
        0   107906   0.000E+00   0.000E+00
  OPTIMIZATION STUFF
      107906  -23049.204863492305        5343643802.2445517     
   69371.305000016495       -92420.509863508807     
        0    91414   0.000E+00   0.000E+00
  OPTIMIZATION STUFF
       91414  -24045.304876714727        5584226123.7337904     
   70753.441168042336       -94798.746044757063     
        0    82117   0.000E+00   0.000E+00
  OPTIMIZATION STUFF
       82117  -23350.189363956313        5426600955.0397701     
   69866.799065844942       -93216.988429801248     
        0    82609   0.000E+00   0.000E+00
  OPTIMIZATION STUFF
       82609  -23537.780387124898        5378085241.9228039     
   69455.439933602625       -92993.220320727531     
        0    80097   0.000E+00   0.000E+00
  OPTIMIZATION STUFF
       80097  -21699.689126933590        4908657861.7176609     
   66616.674740729155       -88316.363867662745     
        0    74952   0.000E+00   0.000E+00
  OPTIMIZATION STUFF
       74952  -22254.793067563234        5041804692.5031939     
   67427.953239165829       -89682.746306729066     
        0    88973   0.000E+00   0.000E+00
  OPTIMIZATION STUFF
       88973  -23683.167927348743        5362535509.3680019     
   69293.889097762454       -92977.057025111193     
        0   103446   0.000E+00   0.000E+00
  OPTIMIZATION STUFF
      103446  -23769.660015853682        5393472213.1595182     
   69487.232466765039       -93256.892482618714     
        0    89748   0.000E+00   0.000E+00
  OPTIMIZATION STUFF
       89748  -23310.979074742609        5294726745.3035097     
   68929.855649641555       -92240.834724384156     
        0    91048   0.000E+00   0.000E+00
  OPTIMIZATION STUFF
       91048  -24637.169405148928        5588505925.4459114     
   70579.854130962223       -95217.023536111155     
        0    89977   0.000E+00   0.000E+00
  OPTIMIZATION STUFF
       89977  -22150.799648799140        4901288523.7338476     
   66412.578617703199       -88563.378266502346     
        0    97286   0.000E+00   0.000E+00
  OPTIMIZATION STUFF
       97286  -22682.515983800353        5036769920.0039148     
   67247.850438869471       -89930.366422669817     
        0    73166   0.000E+00   0.000E+00
  OPTIMIZATION STUFF
       73166  -22493.524997949873        4988546485.9019327     
   66952.130803048654       -89445.655800998531     
        0    89834   0.000E+00   0.000E+00
  OPTIMIZATION STUFF
       89834  -22941.787073936375        5098463450.6423025     
   67617.585408652885       -90559.372482589257     
        0    92201   0.000E+00   0.000E+00
  OPTIMIZATION STUFF
       92201  -22835.977917810007        5061620332.2089844     
   67380.549454173175       -90216.527371983189     
        0    66219   0.000E+00   0.000E+00
  OPTIMIZATION STUFF
       66219  -22528.673794530278        4940223184.6222458     
   66578.390200438836       -89107.063994969110     
        0    72589   0.000E+00   0.000E+00
  OPTIMIZATION STUFF
       72589  -22808.448938544399        4953525887.1867590     
   66583.034957897282       -89391.483896441685     
        0    72639   0.000E+00   0.000E+00
  OPTIMIZATION STUFF
       72639  -22619.288536461125        4923954375.4043932     
   66425.312656461858       -89044.601192922986     
        0   101976   0.000E+00   0.000E+00
  OPTIMIZATION STUFF
      101976  -22402.881560367139        4842704977.7643728     
   65884.868335275096       -88287.749895642235     
        0    69318   0.000E+00   0.000E+00
  OPTIMIZATION STUFF
       69318  -21823.173634553797        4613652230.4812641     
   64322.634608645967       -86145.808243199761     
        0    60697   0.000E+00   0.000E+00
  OPTIMIZATION STUFF
       60697  -22911.119989455830        4863800388.6106453     
   65870.182703856248       -88781.302693312085     
        0    69504   0.000E+00   0.000E+00
  OPTIMIZATION STUFF
       69504  -21993.014790515655        4649792592.8723555     
   64545.332079837615       -86538.346870353271     
        0    85912   0.000E+00   0.000E+00
  OPTIMIZATION STUFF
       85912  -20840.845865536830        4414103766.7904387     
   63085.362092956042       -83926.207958492872     
        0    79774   0.000E+00   0.000E+00
  OPTIMIZATION STUFF
       79774  -20714.252137287844        4384840553.4698057     
   62894.835335364951       -83609.087472652798     
        0    80713   0.000E+00   0.000E+00
  OPTIMIZATION STUFF
       80713  -21305.923457187819        4521731784.2231150     
   63779.223967210266       -85085.147424398077     
        0    80190   0.000E+00   0.000E+00
  OPTIMIZATION STUFF
       80190  -21333.863324604070        4518217163.9231873     
   63742.320632138115       -85076.183956742185     
        0    71487   0.000E+00   0.000E+00
  OPTIMIZATION STUFF
       71487  -21061.014590065330        4450758114.2375565     
   63302.383672928241       -84363.398262993578     
        0    73877   0.000E+00   0.000E+00
  OPTIMIZATION STUFF
       73877  -21647.603448976002        4587823679.9003773     
   64181.032593876669       -85828.636042852668     
        0   131512   0.000E+00   0.000E+00
  OPTIMIZATION STUFF
      131512  -21283.913255064177        4501280016.2722816     
   63626.056398484929       -84909.969653549109     
        0   189234   0.000E+00   0.000E+00
  OPTIMIZATION STUFF
      189234  -20566.943572508113        4353506340.0340328     
   62693.757042621874       -83260.700615129987     
