   5522499.9999999832     
   5522499.9999999832     
   5522499.9999999832     
   5522499.9999999832     
   5522499.9999999832     
   5522499.9999999832     
   5522499.9999999832     
   5522499.9999999832     
   5522499.9999999832     
   5522499.9999999832     
   5522499.9999999832     
   5522499.9999999832     
   5522499.9999999832     
   5522499.9999999832     
   5522499.9999999832     
   5522499.9999999832     
   5522499.9999999832     
   5522499.9999999832     
   5522499.9999999832     
   5522499.9999999832     
   5522499.9999999832     
   5522499.9999999832     
   5290000.0000000084     
   5290000.0000000084     
   5290000.0000000084     
   5290000.0000000084     
   5290000.0000000084     
   5290000.0000000084     
   5290000.0000000084     
   5290000.0000000084     
   5290000.0000000084     
   5290000.0000000084     
   5290000.0000000084     
   5290000.0000000084     
   5290000.0000000084     
   5290000.0000000084     
   5290000.0000000084     
   5290000.0000000084     
   5290000.0000000084     
   5290000.0000000084     
   5290000.0000000084     
   5290000.0000000084     
   5290000.0000000084     
   5290000.0000000084     
   5290000.0000000084     
   5290000.0000000084     
   5290000.0000000084     
   5290000.0000000084     
   5290000.0000000084     
   5290000.0000000084     
   5290000.0000000084     
   5290000.0000000084     
   5290000.0000000084     
   5290000.0000000084     
   5290000.0000000084     
   5290000.0000000084     
   5290000.0000000084     
   5290000.0000000084     
   5290000.0000000084     
   5290000.0000000084     
   5290000.0000000084     
   5290000.0000000084     
   5290000.0000000084     
   5290000.0000000084     
   5290000.0000000084     
   5290000.0000000084     
   5290000.0000000084     
   5290000.0000000084     
   5290000.0000000084     
   5290000.0000000084     
   5290000.0000000084     
   5290000.0000000084     
   5290000.0000000084     
   5290000.0000000084     
   5290000.0000000084     
   5290000.0000000084     
   5290000.0000000084     
   5290000.0000000084     
   5290000.0000000084     
   5290000.0000000084     
   5290000.0000000084     
   5290000.0000000084     
   5290000.0000000084     
   5290000.0000000084     
   5290000.0000000084     
   5290000.0000000084     
   5062499.9999999842     
   5062499.9999999842     
   5062499.9999999842     
   5062499.9999999842     
   5062499.9999999842     
   5062499.9999999842     
   5062499.9999999842     
   5062499.9999999842     
   5062499.9999999842     
   5062499.9999999842     
   5062499.9999999842     
   5062499.9999999842     
   5062499.9999999842     
   5062499.9999999842     
   5062499.9999999842     
   5062499.9999999842     
   5062499.9999999842     
   5062499.9999999842     
   5062499.9999999842     
   5062499.9999999842     
   5062499.9999999842     
   5062499.9999999842     
   5062499.9999999842     
   5062499.9999999842     
   5062499.9999999842     
   5062499.9999999842     
   5062499.9999999842     
   5062499.9999999842     
   5062499.9999999842     
   5062499.9999999842     
   5062499.9999999842     
   5062499.9999999842     
   5062499.9999999842     
   5062499.9999999842     
   5062499.9999999842     
   5062499.9999999842     
   5062499.9999999842     
   4840000.0000000075     
   4840000.0000000075     
   4840000.0000000075     
   4840000.0000000075     
   4840000.0000000075     
   4840000.0000000075     
   4840000.0000000075     
   4622499.9999999832     
   4622499.9999999832     
   4622499.9999999832     
   4622499.9999999832     
   4622499.9999999832     
   4410000.0000000075     
   4410000.0000000075     
   4410000.0000000075     
   4202499.9999999842     
   4202499.9999999842     
   4202499.9999999842     
   4202499.9999999842     
   4202499.9999999842     
   4202499.9999999842     
   4202499.9999999842     
   4202499.9999999842     
   4202499.9999999842     
   4202499.9999999842     
   4202499.9999999842     
   4202499.9999999842     
