   4591836.7346938914     
   4591836.7346938914     
   4000000.0000000065     
   4000000.0000000065     
   2938775.5102040754     
   2938775.5102040754     
   2938775.5102040754     
   2938775.5102040754     
   2938775.5102040754     
   2938775.5102040754     
   2938775.5102040754     
   2469387.7551020300     
   2469387.7551020300     
   2469387.7551020300     
   2469387.7551020300     
   2469387.7551020300     
   2469387.7551020300     
   2469387.7551020300     
   2469387.7551020300     
   2469387.7551020300     
   2469387.7551020300     
   2469387.7551020300     
   2469387.7551020300     
   2469387.7551020300     
   2040816.3265305974     
   2040816.3265305974     
   2040816.3265305974     
   2040816.3265305974     
   1653061.2244898067     
   1653061.2244898067     
   1653061.2244898067     
   1653061.2244898067     
   1653061.2244898067     
   1653061.2244898067     
   1653061.2244898067     
   1653061.2244898067     
   1653061.2244898067     
   1653061.2244898067     
   1653061.2244898067     
   1000000.0000000016     
   1000000.0000000016     
   1000000.0000000016     
   1000000.0000000016     
   1000000.0000000016     
   1000000.0000000016     
   1000000.0000000016     
   1000000.0000000016     
   1000000.0000000016     
   1000000.0000000016     
   1000000.0000000016     
   1000000.0000000016     
   1000000.0000000016     
   1000000.0000000016     
   1000000.0000000016     
   1000000.0000000016     
   1000000.0000000016     
   1000000.0000000016     
   1000000.0000000016     
   1000000.0000000016     
   1000000.0000000016     
   1000000.0000000016     
   1000000.0000000016     
   1000000.0000000016     
   1000000.0000000016     
   1000000.0000000016     
   1000000.0000000016     
   1000000.0000000016     
   734693.87755101884     
   510204.08163264935     
   510204.08163264935     
   510204.08163264935     
   510204.08163264935     
   510204.08163264935     
   510204.08163264935     
   510204.08163264935     
   510204.08163264935     
   510204.08163264935     
   510204.08163264935     
   510204.08163264935     
   510204.08163264935     
   510204.08163264935     
   510204.08163264935     
   510204.08163264935     
   510204.08163264935     
   510204.08163264935     
   510204.08163264935     
   510204.08163264935     
   510204.08163264935     
   510204.08163264935     
   510204.08163264935     
   510204.08163264935     
   510204.08163264935     
   510204.08163264935     
   510204.08163264935     
   510204.08163264935     
   510204.08163264935     
   510204.08163264935     
   510204.08163264935     
   510204.08163264935     
   510204.08163264935     
   510204.08163264935     
   510204.08163264935     
   510204.08163264935     
   510204.08163264935     
   510204.08163264935     
   510204.08163264935     
   510204.08163264935     
   510204.08163264935     
   510204.08163264935     
   510204.08163264935     
   510204.08163264935     
   510204.08163264935     
   510204.08163264935     
   510204.08163264935     
   510204.08163264935     
   510204.08163264935     
   510204.08163264935     
   510204.08163264935     
   510204.08163264935     
   510204.08163264935     
   510204.08163264935     
   510204.08163264935     
   510204.08163264935     
   510204.08163264935     
   510204.08163264935     
   510204.08163264935     
   510204.08163264935     
   510204.08163264935     
   510204.08163264935     
   510204.08163264935     
   510204.08163264935     
   510204.08163264935     
   510204.08163264935     
   510204.08163264935     
   510204.08163264935     
   510204.08163264935     
   510204.08163264935     
   510204.08163264935     
   510204.08163264935     
   510204.08163264935     
   510204.08163264935     
   510204.08163264935     
   510204.08163264935     
   510204.08163264935     
   510204.08163264935     
   510204.08163264935     
   510204.08163264935     
   510204.08163264935     
   510204.08163264935     
   510204.08163264935     
