   83086807.511959448     
   47783757.381300710     
   49902474.671494119     
   129823.59924174240     
   64267264.389030457     
   100236158.57958114     
   101711614.13911077     
   44499324.500721104     
   89756715.439405888     
   5793354.6017853031     
   63422838.095468938     
   49547929.563396141     
   39159673.961003743     
   73356536.212917164     
   110338536.77284881     
   118024642.06928526     
   89730746.583890855     
   62560539.390960529     
   37020287.844925560     
   88912621.324757785     
   94226127.500886023     
   33338694.782380801     
   29405606.506351620     
   47564068.837908372     
   29671369.660601079     
   17045929.125299279     
   21242599.179568030     
   86504021.350946382     
   66068532.754587561     
   20861990.104613487     
   33063971.565925661     
   108799052.97442827     
   43837015.591390431     
   50407981.668738760     
   30912355.622776747     
   27994509.481788933     
   71493436.161055833     
   29902537.138530001     
   26156445.550337102     
   80645140.076752305     
   67621045.548647940     
   68306177.183803007     
   72437677.328376532     
   51236220.694207527     
   19606138.140921474     
   19553179.927147795     
   34688908.460693285     
   12304830.162317729     
   19828161.666645803     
   542247.28786769207     
   314057.32459625014     
   44007623.741075769     
   69724649.695218831     
   34957403.748543307     
   38673260.526004896     
   21375295.822159726     
   29412591.440961484     
   32421579.251035728     
   64289625.194731086     
   13507866.980545726     
   16189588.302941594     
   91109662.192938656     
   85455779.302918956     
   25673791.157586910     
   27380564.782980435     
   32874758.403572511     
   36547805.308326274     
   17454588.177014302     
   37114198.904110521     
   72067773.199825287     
   27151234.020386349     
   26283018.361737493     
   20901688.317900367     
   62597821.212611981     
   19017903.105755467     
   32985506.350925457     
   43743130.225708298     
   20257801.477758415     
   22667850.466482982     
   21928181.211388510     
   10404915.624345843     
   14246268.872572016     
   23032373.508227546     
   15369212.407182213     
   180938.87765410513     
   28247009.908841245     
   26049990.972232878     
   14046567.912903549     
   23376459.576365225     
   27384919.480912894     
   5022678.7907291325     
   10995270.326652613     
   10471261.714980127     
   16656599.081564618     
   8296495.8362798793     
   492704.66777615366     
   11297930.267499303     
   19055240.430065449     
   17997279.863680605     
   14838244.557209205     
   291566.71912987501     
   14124799.953925528     
   11672811.037857611     
   16103198.449110389     
   21537625.556170363     
   8991330.4197642207     
   28935979.141552538     
   17861086.841784734     
   13946965.683504848     
   9854864.7252020016     
   12939674.101992972     
   54200300.366198540     
   15878903.762198415     
   17515532.962052278     
   9173781.0431489833     
   13992289.709428653     
   11703828.920784827     
   11720829.902364252     
   10473294.104423113     
   14524635.871469852     
   25914129.085387163     
   10764256.113282759     
   8363442.0453125583     
   9806280.0871468652     
   8785443.7244385500     
   14181869.783384539     
   8141795.0987547813     
   9280310.5047264844     
   9772116.3180545550     
   8975743.5379384477     
   7529525.7383471392     
   3105350.8613129007     
   60167048.386662513     
   883892.24189243070     
   6713970.6216603238     
   19681415.772241328     
   10645333.553756598     
   12337006.574134797     
   10276118.595070012     
   19677602.839025266     
   18531589.124215242     
   11408728.954443339     
   12743382.438827991     
   10318765.315947108     
   7275867.4374456555     
   9056009.2829712722     
   8617961.3745779488     
   18919450.197469316     
   11715557.332678201     
   22355333.534613527     
