tried moves    experiment_1   _      experiment_2    _                                                                                                                                                                                                                                                                                                                                                                                                                                                                          
        0     3116   0.162E+03   0.953E+04   0.237E+05   0.132E+07
  OPTIMIZATION STUFF
        3116   1.2604105043065710        900.83036098183823     
   29.987359442646362       -28.726948938339792     
        0     3191   0.498E+02   0.387E+04   0.103E+05   0.563E+06
  OPTIMIZATION STUFF
        3191  -3.1516697625569772        2751.4401675644790     
   52.359403599279695       -55.511073361836672     
        0     2479   0.151E+03   0.884E+04   0.275E+05   0.137E+07
  OPTIMIZATION STUFF
        2479  -14.549681093470134        6870.5645885273843     
   81.601907873564457       -96.151588967034598     
        0     3519   0.317E+02   0.837E+04   0.447E+04   0.142E+07
  OPTIMIZATION STUFF
        3519  -24.284584718244798        8461.9169837502195     
   88.725283481162293       -113.00986819940709     
        0     2718   0.719E+01   0.180E+04   0.112E+03   0.680E+04
  OPTIMIZATION STUFF
        2718  -39.986467380956569        13569.445137358483     
   109.40990614999257       -149.39637353094912     
        0     3131   0.814E+02   0.516E+04   0.126E+05   0.845E+06
  OPTIMIZATION STUFF
        3131  -54.529307045178150        20060.200086396992     
   130.71631405287434       -185.24562109805248     
        0     4162   0.164E+03   0.979E+04   0.339E+05   0.165E+07
  OPTIMIZATION STUFF
        4162  -66.893502865110179        28157.026090240706     
   153.89049796747102       -220.78400083258120     
        0     3014  -0.101E+03   0.391E+04  -0.172E+05   0.942E+06
  OPTIMIZATION STUFF
        3014  -88.048160259661969        36252.190255776055     
   168.81857637909678       -256.86673663875877     
        0     3883   0.667E+02   0.238E+05   0.671E+04   0.380E+07
  OPTIMIZATION STUFF
        3883  -91.443812095225553        50020.713513787094     
   204.10473473998633       -295.54854683521188     
        0     4320   0.423E+03   0.276E+05   0.671E+05   0.422E+07
  OPTIMIZATION STUFF
        4320  -103.03763747496737        51980.813517078241     
   203.38155958851195       -306.41919706347932     
        0     2633  -0.416E+03   0.244E+05  -0.817E+05   0.427E+07
  OPTIMIZATION STUFF
        2633  -90.810249863323307        42970.956035657757     
   186.34498800724035       -277.15523787056367     
        0     2266   0.141E+03   0.825E+04   0.265E+05   0.126E+07
  OPTIMIZATION STUFF
        2266  -91.685748237179425        35705.053454893685     
   165.22341548667438       -256.90916372385379     
        0     3447  -0.240E+03   0.122E+05  -0.326E+05   0.191E+07
  OPTIMIZATION STUFF
        3447  -73.531502997422166        28155.506521045500     
   150.82647177463772       -224.35797477205989     
        0     3681   0.247E+02   0.540E+05  -0.879E+02   0.914E+07
  OPTIMIZATION STUFF
        3681  -94.791586739113072        51314.446092592501     
   205.74013020330696       -300.53171694242002     
        0     1750   0.771E+03   0.334E+05   0.111E+06   0.464E+07
  OPTIMIZATION STUFF
        1750  -83.544869496107097        35525.195364729407     
   168.95398825007902       -252.49885774618610     
        0      508  -0.391E+02   0.470E+03  -0.103E+02   0.465E+03
  OPTIMIZATION STUFF
         508  -97.109911141667780        39543.175697458479     
   173.53051851336085       -270.64042965502864     
        0      275  -0.151E+04   0.245E+05  -0.225E+06   0.372E+07
  OPTIMIZATION STUFF
         275  -81.065790969241746        35457.002756897440     
   169.95687774088063       -251.02266871012239     
        0      363  -0.369E+02   0.412E+03  -0.176E+02   0.407E+03
  OPTIMIZATION STUFF
         363  -66.480677712554780        30283.685244103246     
   160.82289866490615       -227.30357637746093     
        0      368  -0.312E+02   0.400E+03  -0.304E+02   0.430E+03
  OPTIMIZATION STUFF
         368  -71.954066097088486        33461.749203055937     
   168.17955159635716       -240.13361769344564     
        0      497  -0.151E+02   0.393E+03  -0.268E+02   0.393E+03
  OPTIMIZATION STUFF
         497  -85.367671113558700        28173.387789206157     
   144.51902476094085       -229.88669587449954     
        0      389  -0.294E+02   0.427E+03  -0.232E+02   0.376E+03
  OPTIMIZATION STUFF
         389  -70.612190791527837        33679.252800576491     
   169.39058802719046       -240.00277881871830     
        0      564  -0.404E+03   0.897E+04  -0.907E+05   0.215E+07
  OPTIMIZATION STUFF
         564  -72.359166260782288        23198.127856752264     
   134.02342673874867       -206.38259299953097     
        0      388  -0.315E+02   0.382E+03  -0.131E+02   0.369E+03
  OPTIMIZATION STUFF
         388  -68.374025378030595        23285.233681725724     
   136.41930338236651       -204.79332876039712     
        0      609  -0.272E+02   0.366E+03  -0.933E+01   0.348E+03
  OPTIMIZATION STUFF
         609  -70.551629695105433        22804.714944499952     
   133.51847247427852       -204.07010216938397     
        0      467  -0.240E+02   0.363E+03  -0.135E+02   0.365E+03
  OPTIMIZATION STUFF
         467  -71.399498147231867        22628.354810130440     
   132.40266792800617       -203.80216607523803     
        0      644   0.196E+04   0.512E+05   0.305E+06   0.774E+07
  OPTIMIZATION STUFF
         644  -71.354891436764547        38438.289033321227     
   182.61097585131287       -253.96586728807742     
        0      392  -0.399E+02   0.596E+03  -0.229E+02   0.590E+03
  OPTIMIZATION STUFF
         392  -102.88067670014439        57240.997704094858     
   216.00130570395916       -318.88198240410355     
        0      452  -0.599E+02   0.533E+03  -0.142E+02   0.560E+03
  OPTIMIZATION STUFF
         452  -87.576344777656871        48585.494467820710     
   202.27673693038872       -289.85308170804558     
        0      270  -0.527E+02   0.569E+03  -0.304E+02   0.523E+03
  OPTIMIZATION STUFF
         270  -81.063886672037626        47400.805509123718     
   202.06298965111537       -283.12687632315300     
        0      355  -0.270E+02   0.578E+03  -0.239E+02   0.578E+03
  OPTIMIZATION STUFF
         355  -83.059307857130619        43785.223118049493     
   192.05825807901076       -275.11756593614138     
        0     1734  -0.857E+03   0.347E+05  -0.129E+06   0.537E+07
  OPTIMIZATION STUFF
        1734  -71.779708415785464        26206.984231997183     
   145.10223186340727       -216.88194027919275     
        0     3450   0.356E+03   0.287E+05   0.465E+05   0.537E+07
  OPTIMIZATION STUFF
        3450  -90.632085194069404        44672.149710256417     
   190.93971520778845       -281.57180040185784     
        0     3750   0.190E+03   0.241E+05   0.422E+05   0.415E+07
  OPTIMIZATION STUFF
        3750  -98.924881673844652        62300.349883675633     
   229.15980814595622       -328.08468981980087     
        0     3692  -0.304E+03   0.245E+05  -0.443E+05   0.402E+07
  OPTIMIZATION STUFF
        3692  -99.412215468087282        54952.398856935157     
   212.29604394020569       -311.70825940829297     
        0     2589   0.137E+03   0.869E+04   0.286E+05   0.145E+07
  OPTIMIZATION STUFF
        2589  -74.210759577556857        36351.574793350024     
   175.62556179631733       -249.83632137387417     
        0     2697   0.454E+03   0.257E+05   0.710E+05   0.369E+07
  OPTIMIZATION STUFF
        2697  -104.40923925817654        65546.820253039114     
   233.76383597675658       -338.17307523493309     
        0     2049   0.108E+04   0.518E+05   0.190E+06   0.860E+07
  OPTIMIZATION STUFF
        2049  -160.00810982661460        147496.82833648933     
   349.13354626303584       -509.14165608965044     
        0     2938  -0.119E+04   0.440E+05  -0.204E+06   0.780E+07
  OPTIMIZATION STUFF
        2938  -113.18286160145836        82510.370073344864     
   264.00759442305821       -377.19045602451655     
        0     3457   0.152E+04   0.668E+05   0.249E+06   0.105E+08
  OPTIMIZATION STUFF
        3457  -121.57938275271356        99032.914027935010     
   290.26086149772965       -411.84024425044322     
        0     2664  -0.726E+03   0.349E+05  -0.948E+05   0.489E+07
  OPTIMIZATION STUFF
        2664  -210.30906421706842        239053.51854040945     
   441.38828263621866       -651.69734685328706     
        0     3749  -0.739E+03   0.462E+05  -0.122E+06   0.823E+07
  OPTIMIZATION STUFF
        3749  -171.32988626378540        180330.75124251712     
   388.55735910590533       -559.88724536969073     
        0     4415   0.300E+03   0.169E+05   0.420E+05   0.224E+07
  OPTIMIZATION STUFF
        4415  -123.30534800795979        93304.013289639726     
   279.46342236914592       -402.76877037710574     
        0     1975   0.136E+03   0.715E+04   0.275E+05   0.122E+07
  OPTIMIZATION STUFF
        1975  -169.46864973318728        148292.35161764812     
   345.79289809835365       -515.26154783154095     
        0     3558   0.107E+04   0.700E+05   0.194E+06   0.115E+08
  OPTIMIZATION STUFF
        3558  -169.49179744383738        193181.68346260363     
   405.52954770504806       -575.02134514888542     
        0     4072  -0.444E+02   0.551E+05  -0.131E+05   0.102E+08
  OPTIMIZATION STUFF
        4072  -226.47525665032254        327057.76374271925     
   525.13495586171928       -751.61021251204181     
        0     4673  -0.408E+03   0.686E+05  -0.642E+05   0.112E+08
  OPTIMIZATION STUFF
        4673  -208.73336121402306        252789.31083762913     
   457.40539432097358       -666.13875553499668     
        0     3499   0.834E+02   0.423E+05   0.796E+04   0.657E+07
  OPTIMIZATION STUFF
        3499  -253.62823789008652        393840.73227067979     
   574.03262034090835       -827.66085823099490     
        0     3286  -0.308E+03   0.663E+05  -0.617E+05   0.124E+08
  OPTIMIZATION STUFF
        3286  -259.49103712734478        417487.18256087240     
   591.73607648295990       -851.22711361030474     
        0     3824   0.196E+04   0.124E+06   0.346E+06   0.214E+08
  OPTIMIZATION STUFF
        3824  -333.31313353817455        587124.01254978427     
   689.94664109679331       -1023.2597746349679     
        0     3357  -0.193E+04   0.823E+05  -0.345E+06   0.147E+08
  OPTIMIZATION STUFF
        3357  -276.01127995466737        433186.74555912591     
   597.49855137641305       -873.50983133108048     
        0     3582   0.210E+04   0.958E+05   0.371E+06   0.164E+08
  OPTIMIZATION STUFF
        3582  -334.70348234432225        704024.09952095174     
   769.41385380530789       -1104.1173361496301     
        0     2245  -0.759E+03   0.331E+05  -0.780E+05   0.369E+07
  OPTIMIZATION STUFF
        2245  -485.18632005062824        1285243.1359141995     
   1024.6157185744951       -1509.8020386251233     
        0     4023  -0.101E+04   0.811E+05  -0.210E+06   0.150E+08
  OPTIMIZATION STUFF
        4023  -416.75237991076159        938738.16887140996     
   874.67458103578508       -1291.4269609465466     
        0     3761  -0.316E+03   0.112E+06  -0.478E+05   0.191E+08
  OPTIMIZATION STUFF
        3761  -464.84931910976201        979611.01385302236     
   873.79981939584593       -1338.6491385056079     
        0     2117   0.175E+04   0.830E+05   0.273E+06   0.126E+08
  OPTIMIZATION STUFF
        2117  -294.65178039353242        575896.53451855399     
   699.34030545184191       -993.99208584537428     
        0     6118   0.464E+03   0.136E+06   0.882E+05   0.230E+08
  OPTIMIZATION STUFF
        6118  -462.65666682336717        1206303.0810693395     
   996.11841149194277       -1458.7750783153099     
        0     3662  -0.156E+04   0.891E+05  -0.263E+06   0.154E+08
  OPTIMIZATION STUFF
        3662  -498.97065630654441        1273500.5900277668     
   1012.1901373619401       -1511.1607936684845     
        0     2697   0.175E+03   0.104E+05   0.599E+05   0.311E+07
  OPTIMIZATION STUFF
        2697  -478.44081852384795        919784.63962405070     
   831.19132742966053       -1309.6321459535084     
        0     2273   0.231E+04   0.115E+06   0.217E+06   0.104E+08
  OPTIMIZATION STUFF
        2273  -448.91370473849946        1124215.2693744861     
   960.56845413142810       -1409.4821588699276     
        0     3367  -0.106E+04   0.155E+06  -0.110E+06   0.216E+08
  OPTIMIZATION STUFF
        3367  -309.70253145758460        527417.28252847737     
   656.88783253858583       -966.59036399617048     
        0     3029   0.116E+04   0.138E+06   0.200E+06   0.229E+08
  OPTIMIZATION STUFF
        3029  -564.58832954628394        1729987.6403081021     
   1187.9510336913045       -1752.5393632375885     
        0     4676  -0.190E+04   0.131E+06  -0.306E+06   0.214E+08
  OPTIMIZATION STUFF
        4676  -485.08100287357490        1188189.2806962968     
   976.15864558352587       -1461.2396484571009     
        0     3810   0.128E+04   0.136E+06   0.211E+06   0.204E+08
  OPTIMIZATION STUFF
        3810  -409.20918660041855        951536.32794217963     
   885.48527347664196       -1294.6944600770605     
        0     4028   0.486E+03   0.142E+06   0.679E+05   0.232E+08
  OPTIMIZATION STUFF
        4028  -335.46870067359021        622710.73745101539     
   714.26289860204031       -1049.7315992756305     
        0     3462  -0.377E+04   0.164E+06  -0.625E+06   0.273E+08
  OPTIMIZATION STUFF
        3462  -1794.8490278006309        5145683.6799846729     
   1387.1555959544708       -3182.0046237551014     
        0     4903   0.283E+04   0.174E+06   0.471E+06   0.297E+08
  OPTIMIZATION STUFF
        4903  -242.25034377321637        633061.17538918823     
   757.87594389249932       -1000.1262876657157     
        0     3818   0.523E+03   0.474E+05   0.740E+05   0.621E+07
  OPTIMIZATION STUFF
        3818  -450.21207158324478        1456019.3872066231     
   1119.5215396799413       -1569.7336112631860     
        0     4330   0.153E+03   0.128E+06   0.952E+04   0.198E+08
  OPTIMIZATION STUFF
        4330  -485.96793393741854        1314824.1041890248     
   1038.5852258594966       -1524.5531597969152     
        0     3943   0.669E+03   0.367E+05   0.115E+06   0.512E+07
  OPTIMIZATION STUFF
        3943  -585.42505993735449        1951079.6300309945     
   1268.2102070352294       -1853.6352669725838     
        0     3787  -0.121E+04   0.526E+05  -0.192E+06   0.844E+07
  OPTIMIZATION STUFF
        3787  -541.91630803150520        1736437.2390028464     
   1201.1510954465093       -1743.0674034780145     
        0     3488  -0.109E+04   0.790E+05  -0.150E+06   0.138E+08
  OPTIMIZATION STUFF
        3488  -516.29145091502085        1381552.2680026619     
   1055.9334286377737       -1572.2248795527944     
        0     4150   0.610E+04   0.338E+06   0.880E+06   0.472E+08
  OPTIMIZATION STUFF
        4150  -565.27952766800502        2001803.9103449977     
   1297.0208039751849       -1862.3003316431900     
        0     4687  -0.325E+03   0.389E+06   0.159E+05   0.619E+08
  OPTIMIZATION STUFF
        4687  -935.90856638559023        5231921.2151854625     
   2087.1023862167212       -3023.0109526023116     
        0     4328  -0.629E+04   0.318E+06  -0.101E+07   0.521E+08
  OPTIMIZATION STUFF
        4328  -577.89589000001638        2330321.3530135043     
   1412.9252256699904       -1990.8211156700067     
        0     4806  -0.420E+03   0.227E+06  -0.732E+05   0.397E+08
  OPTIMIZATION STUFF
        4806  -421.98614894521518        1130985.1115142682     
   976.17252656108644       -1398.1586755063017     
        0     4190  -0.382E+02   0.207E+05  -0.395E+04   0.327E+07
  OPTIMIZATION STUFF
        4190  -183.74044757964788        164231.68928234957     
   361.20788641110846       -544.94833399075628     
        0     4754  -0.209E+03   0.262E+05  -0.317E+05   0.376E+07
  OPTIMIZATION STUFF
        4754  -160.63994339611233        126221.06889235675     
   316.88464380283654       -477.52458719894889     
        0     3878  -0.496E+03   0.574E+05  -0.791E+05   0.855E+07
  OPTIMIZATION STUFF
        3878  -159.26848979604006        132174.92060424498     
   326.81564950646668       -486.08413930250674     
        0     3847   0.142E+03   0.292E+05   0.233E+05   0.472E+07
  OPTIMIZATION STUFF
        3847  -128.88582221881302        81652.911158638759     
   255.03206855142605       -383.91789077023907     
        0     4222   0.751E+02   0.318E+05   0.135E+05   0.459E+07
  OPTIMIZATION STUFF
        4222  -142.87512942233789        106989.43244904985     
   294.23821954599993       -437.11334896833785     
        0     3587   0.347E+03   0.333E+05   0.498E+05   0.504E+07
  OPTIMIZATION STUFF
        3587  -116.90008839079188        71379.111320002441     
   240.23630169944653       -357.13639009023842     
        0     2962   0.657E+03   0.368E+05   0.942E+05   0.512E+07
  OPTIMIZATION STUFF
        2962  -199.85548123212217        214717.73189702517     
   418.06162048016557       -617.91710171228772     
        0     2901  -0.131E+04   0.588E+05  -0.195E+06   0.898E+07
  OPTIMIZATION STUFF
        2901  -121.21320880055222        88683.400989864924     
   272.01242435252595       -393.22563315307821     
        0     4677  -0.262E+02   0.129E+05  -0.692E+04   0.218E+07
  OPTIMIZATION STUFF
        4677  -88.746611415810989        36226.357314254390     
   168.37575917116285       -257.12237058697383     
        0     3755   0.108E+03   0.501E+05   0.180E+05   0.718E+07
  OPTIMIZATION STUFF
        3755  -149.24930054997796        119861.72327842901     
   312.38817129297860       -461.63747184295653     
        0     5003   0.296E+03   0.547E+05   0.413E+05   0.855E+07
  OPTIMIZATION STUFF
        5003  -117.92244471767449        75111.705307526747     
   247.39846874896730       -365.32091346664180     
        0     3872  -0.566E+03   0.482E+05  -0.819E+05   0.705E+07
  OPTIMIZATION STUFF
        3872  -111.20255086206531        71059.091653289957     
   242.26655636934234       -353.46910723140763     
        0     3922   0.210E+02   0.143E+04   0.346E+04   0.217E+06
  OPTIMIZATION STUFF
        3922  -82.597099110514520        32165.095849513396     
   159.19426832659911       -241.79136743711365     
        0     3566   0.632E+02   0.209E+05   0.103E+05   0.310E+07
  OPTIMIZATION STUFF
        3566  -76.123426299418924        28048.689256827805     
   149.17745548595718       -225.30088178537611     
        0     4007  -0.280E+03   0.143E+05  -0.443E+05   0.217E+07
  OPTIMIZATION STUFF
        4007  -62.009979349365103        18535.755645004585     
   121.20444755080524       -183.21442690017034     
        0     5253   0.413E+02   0.143E+05   0.697E+04   0.208E+07
  OPTIMIZATION STUFF
        5253  -83.187933005184050        30302.952554302916     
   152.91409469577331       -236.10202770095736     
        0     4089   0.164E+03   0.754E+04   0.233E+05   0.105E+07
  OPTIMIZATION STUFF
        4089  -72.418921302600424        24563.701049862488     
   138.99352822067024       -211.41244952327065     
        0     3785  -0.668E+02   0.123E+05  -0.677E+04   0.175E+07
  OPTIMIZATION STUFF
        3785  -91.589165216046567        36555.011197737571     
   167.82859116600275       -259.41775638204933     
        0     4700   0.133E+03   0.103E+05   0.187E+05   0.163E+07
  OPTIMIZATION STUFF
        4700  -81.271942579701857        32871.199719271943     
   162.06810626583376       -243.34004884553562     
        0     3860  -0.528E+02   0.139E+05  -0.115E+05   0.205E+07
  OPTIMIZATION STUFF
        3860  -84.399963439614964        33115.205913731865     
   161.21988737473899       -245.61985081435395     
        0     3746  -0.121E+02   0.180E+05  -0.475E+04   0.237E+07
  OPTIMIZATION STUFF
        3746  -77.572998355988574        28927.436083066928     
   151.36005420562165       -228.93305256161022     
        0     4285  -0.232E+03   0.107E+05  -0.301E+05   0.140E+07
  OPTIMIZATION STUFF
        4285  -69.306700672280556        22952.903887572666     
   134.72002497585714       -204.02672564813770     
        0     4894   0.764E+02   0.420E+04   0.101E+05   0.661E+06
  OPTIMIZATION STUFF
        4894  -66.165925184798382        19247.800570282965     
   121.94208016399683       -188.10800534879522     
        0     3766   0.465E+02   0.309E+04   0.478E+04   0.293E+06
  OPTIMIZATION STUFF
        3766  -71.576229451634717        25017.028677462295     
   141.04563819895046       -212.62186765058516     
        0     4678  -0.158E+03   0.185E+05  -0.219E+05   0.270E+07
  OPTIMIZATION STUFF
        4678  -66.610254619412316        20663.131825416018     
   127.38212513909900       -193.99237975851133     
        0     4718   0.149E+03   0.829E+04   0.211E+05   0.138E+07
  OPTIMIZATION STUFF
        4718  -63.848351816073119        19987.885963217523     
   126.13989826216158       -189.98825007823470     
        0     4121  -0.116E+03   0.100E+05  -0.153E+05   0.162E+07
  OPTIMIZATION STUFF
        4121  -69.786425981850513        22606.317358071763     
   133.17722067512696       -202.96364665697746     
        0     3417   0.736E+02   0.523E+04   0.907E+04   0.854E+06
  OPTIMIZATION STUFF
        3417  -63.703070798528486        19394.197465560483     
   123.83907394840350       -187.54214474693197     
        0     4269  -0.809E+02   0.649E+04  -0.119E+05   0.983E+06
  OPTIMIZATION STUFF
        4269  -61.676250596614288        17804.140418178613     
   118.32235854022792       -179.99860913684222     
        0     4479   0.147E+02   0.452E+04   0.234E+04   0.686E+06
  OPTIMIZATION STUFF
        4479  -55.652915783504284        14760.633832488542     
   107.99716106121828       -163.65007684472255     
        0     3374  -0.618E+02   0.260E+04  -0.730E+04   0.355E+06
  OPTIMIZATION STUFF
        3374  -47.290759309309259        10313.493596889211     
   89.872563559955225       -137.16332286926448     
        0     3734   0.114E+02   0.103E+05   0.114E+03   0.149E+07
  OPTIMIZATION STUFF
        3734  -55.039652660030157        14014.391906231038     
   104.80948688594115       -159.84913954597130     
        0     4417  -0.866E+00   0.121E+05  -0.884E+02   0.186E+07
  OPTIMIZATION STUFF
        4417  -55.787203208789421        15536.216300968252     
   111.46301745022645       -167.25022065901587     
        0     4237   0.936E+02   0.165E+05   0.109E+05   0.217E+07
  OPTIMIZATION STUFF
        4237  -68.480491815232043        23805.282201793470     
   138.25955461572053       -206.74004643095259     
        0     4607  -0.511E+02   0.724E+04  -0.717E+04   0.677E+06
  OPTIMIZATION STUFF
        4607  -52.695352278399135        13341.468411398777     
   102.78457208965844       -155.47992436805757     
        0     3150  -0.121E+02   0.785E+03   0.590E+03   0.192E+06
  OPTIMIZATION STUFF
        3150  -51.899363358929044        12049.787126639174     
   96.727675510047419       -148.62703886897646     
        0     3651  -0.239E+02   0.823E+04  -0.161E+04   0.115E+07
  OPTIMIZATION STUFF
        3651  -59.193709560605932        16512.476562719741     
   114.05516784071807       -173.24887740132399     
        0     4491   0.626E+02   0.336E+04   0.807E+04   0.409E+06
  OPTIMIZATION STUFF
        4491  -56.977896129499698        15237.190884618414     
   109.50210151989941       -166.47999764939911     
        0     3206  -0.949E+02   0.392E+04  -0.120E+05   0.489E+06
  OPTIMIZATION STUFF
        3206  -57.866053071856051        15508.444675245502     
   110.27222940128962       -168.13828247314567     
        0     3832   0.124E+02   0.152E+04   0.131E+03   0.140E+06
  OPTIMIZATION STUFF
        3832  -45.788942486265505        10600.588783641073     
   92.216926481153891       -138.00586896741939     
        0     4253  -0.273E+02   0.261E+04  -0.543E+04   0.378E+06
  OPTIMIZATION STUFF
        4253  -46.814449143443362        10157.627869502288     
   89.252648257058709       -136.06709740050206     
        0     4874   0.439E+02   0.295E+04   0.667E+04   0.433E+06
  OPTIMIZATION STUFF
        4874  -45.353314714300666        10588.216200279647     
   92.364999024009336       -137.71831373831000     
        0     4560  -0.122E+02   0.259E+04  -0.388E+03   0.639E+06
  OPTIMIZATION STUFF
        4560  -57.339459669684764        15491.546175667765     
   110.47050529646526       -167.80996496615003     
        0     3225  -0.116E+03   0.124E+05  -0.176E+05   0.169E+07
  OPTIMIZATION STUFF
        3225  -49.798873003788238        12075.499818593125     
   97.956990899811217       -147.75586390359945     
        0     4283   0.216E+03   0.108E+05   0.307E+05   0.151E+07
  OPTIMIZATION STUFF
        4283  -54.863439464608057        15297.099147339877     
   110.84720184764775       -165.71064131225580     
        0     4320  -0.127E+03   0.129E+05  -0.185E+05   0.190E+07
  OPTIMIZATION STUFF
        4320  -47.947615988311114        13896.647985574498     
   107.69249791239848       -155.64011390070959     
        0     4327  -0.389E+02   0.992E+05  -0.510E+04   0.109E+08
  OPTIMIZATION STUFF
        4327  -125.13846711241706        110867.59779037636     
   308.55787437550651       -433.69634148792358     
        0     5029   0.295E+02   0.154E+06   0.372E+04   0.170E+08
  OPTIMIZATION STUFF
        5029  -159.93558927896981        235833.49305444452     
   458.53473187582335       -618.47032115479317     
        0     4681   0.189E+03   0.131E+05   0.207E+05   0.143E+07
  OPTIMIZATION STUFF
        4681  -60.942538919722743        19072.686831349878     
   123.93019721346350       -184.87273613318624     
        0     5070  -0.124E+03   0.102E+05  -0.159E+05   0.124E+07
  OPTIMIZATION STUFF
        5070  -53.274836124855973        13969.311973118336     
   105.50404641049592       -158.77888253535190     
        0     4717   0.244E+02   0.418E+06   0.239E+04   0.434E+08
  OPTIMIZATION STUFF
        4717  -341.31236926054447        1296039.6093836827     
   1086.0688173285505       -1427.3811865890950     
        0     4787   0.601E+02   0.398E+06   0.743E+04   0.387E+08
  OPTIMIZATION STUFF
        4787  -559.58558379312581        2123920.1770758634     
   1345.6538007551458       -1905.2393845482716     
        0     2859  -0.755E+02   0.405E+04  -0.126E+05   0.674E+06
  OPTIMIZATION STUFF
        2859  -63.969741884015704        20395.280992303120     
   127.68380130461156       -191.65354318862728     
        0     4281  -0.187E+02   0.601E+04   0.124E+04   0.119E+07
  OPTIMIZATION STUFF
        4281  -63.096169220606903        21361.589385365012     
   131.83498327473461       -194.93115249534151     
        0     4354   0.451E+02   0.366E+04   0.101E+05   0.643E+06
  OPTIMIZATION STUFF
        4354  -66.510439790579966        24196.597770407963     
   140.61635455832155       -207.12679434890151     
        0     3352  -0.588E+02   0.701E+05  -0.127E+05   0.604E+07
  OPTIMIZATION STUFF
        3352  -112.57380167417104        76408.530084079015     
   252.45924277138957       -365.03304444556062     
        0     4632   0.170E+03   0.895E+04   0.159E+05   0.799E+06
  OPTIMIZATION STUFF
        4632  -77.633979345763521        31691.914883422276     
   160.20262212075008       -237.83660146651360     
        0     3858  -0.281E+03   0.123E+05  -0.304E+05   0.134E+07
  OPTIMIZATION STUFF
        3858  -62.743061835030282        19654.313959848867     
   125.36994117975183       -188.11300301478212     
        0     6033   0.356E+02   0.815E+05   0.267E+04   0.798E+07
  OPTIMIZATION STUFF
        6033  -108.84380177681015        84910.287374895066     
   270.30226449230042       -379.14606626911058     
        0     4050   0.987E+03   0.530E+05   0.896E+05   0.486E+07
  OPTIMIZATION STUFF
        4050  -126.04949621874609        155805.70295434337     
   374.05511286085061       -500.10460907959668     
        0     3441  -0.111E+04   0.474E+05  -0.105E+06   0.461E+07
  OPTIMIZATION STUFF
        3441  -94.741010452318903        49153.013496908490     
   200.44239680113111       -295.18340725345001     
        0     4852   0.698E+01   0.126E+04   0.558E+04   0.343E+06
  OPTIMIZATION STUFF
        4852  -63.718626233187841        19238.454990572725     
   123.20061550791064       -186.91924174109849     
        0     5016   0.107E+02   0.163E+05   0.120E+04   0.171E+07
  OPTIMIZATION STUFF
        5016  -55.086752088490925        15940.196686882971     
   113.60302122401548       -168.68977331250642     
        0     4779  -0.112E+01   0.165E+06  -0.302E+04   0.161E+08
  OPTIMIZATION STUFF
        4779  -195.65004384205241        317472.93562660646     
   528.38811111834207       -724.03815496039442     
        0     4825   0.151E+03   0.256E+06   0.279E+05   0.584E+08
  OPTIMIZATION STUFF
        4825  -348.39742375630789        1230840.0338067124     
   1053.3087244140154       -1401.7061481703233     
        0     4742  -0.631E+01   0.185E+05  -0.781E+03   0.251E+07
  OPTIMIZATION STUFF
        4742  -80.526400503438893        38769.037904359415     
   179.67898242788212       -260.20538293132103     
        0     3745  -0.218E+03   0.604E+05  -0.332E+05   0.591E+07
  OPTIMIZATION STUFF
        3745  -124.54703700977747        88920.064780689572     
   270.93929274428746       -395.48632975406491     
        0     4342   0.591E+03   0.316E+05   0.589E+05   0.299E+07
  OPTIMIZATION STUFF
        4342  -132.60420916859920        132532.90090865802     
   339.04133172731082       -471.64554089591002     
        0     3280  -0.460E+03   0.262E+05  -0.563E+05   0.275E+07
  OPTIMIZATION STUFF
        3280  -142.52566405651956        143315.51760873347     
   350.71634221116869       -493.24200626768823     
        0     4603   0.434E+03   0.311E+05   0.427E+05   0.298E+07
  OPTIMIZATION STUFF
        4603  -120.95184379691096        94300.895539812031     
   282.26148696189438       -403.21333075880534     
        0     4953  -0.459E+03   0.401E+05  -0.441E+05   0.353E+07
  OPTIMIZATION STUFF
        4953  -96.443541702256880        71778.602948231593     
   249.95448828168026       -346.39802998393714     
        0     3674   0.439E+03   0.468E+05   0.187E+06   0.129E+08
  OPTIMIZATION STUFF
        3674  -71.142049472951413        41261.109668041710     
   190.26276163461375       -261.40481110756514     
        0     4240   0.202E+04   0.141E+06   0.522E+06   0.419E+08
  OPTIMIZATION STUFF
        4240  -199.20542579612362        373226.05457377678     
   577.53203626046741       -776.73746205659108     
        0     3909   0.449E+04   0.445E+06   0.149E+06   0.655E+08
  OPTIMIZATION STUFF
        3909  -436.21847058432763        1692064.8417743202     
   1225.4706392628875       -1661.6891098472151     
        0     4917  -0.408E+04   0.396E+06  -0.306E+06   0.539E+08
  OPTIMIZATION STUFF
        4917  -574.09745882428808        2819588.9414868243     
   1577.9737162761360       -2152.0711751004242     
