   74231434.182064474     
   107351039.96374504     
   175797570.51820663     
   191623095.22255647     
   191946965.36761841     
   231495720.85504633     
   373465316.20962083     
   321348958.99021626     
   347680243.80939877     
   639293177.50008917     
   422950784.47775221     
   483407957.63391078     
   370266193.46198308     
   370033123.39275640     
   565681754.70477867     
   565656768.55214930     
   503390355.68117243     
   503370593.32752305     
   503347855.60307789     
   503326429.60435617     
   503306531.36035419     
   451943653.90427637     
   451926351.79173684     
   451903977.17245132     
   451886878.52944261     
   649839281.50089872     
   649813970.37842405     
   649781609.17403948     
   649758876.26686406     
   649740845.29852855     
   424491150.44964534     
   585973432.90456200     
   745004103.84796727     
   580260202.65686405     
   654569269.24063253     
   847280582.98177660     
   1238701055.3367476     
   636810060.37518001     
   1501963786.3870060     
   1247600379.5589869     
   785772943.15506554     
   972659456.90261161     
   1027204235.1528542     
   1719694830.7536848     
   1666343603.7391007     
   1364638108.7107501     
   1392792442.2951124     
   1189066687.1686172     
   2518393124.4533367     
   1353355039.5225561     
   2688995089.9585009     
   2512189988.5866103     
   1662893649.6568882     
   1481837631.2674503     
   2063635097.4674580     
   2606150386.3893847     
   1636206792.1335838     
   1798338771.2864730     
   2297491500.2141476     
   1922764406.3011312     
   2533426411.5487857     
   1092815800.3107452     
   1902483836.5933862     
   2178084432.0989423     
   881358.89095356769     
   2322590483.6470838     
   2607258954.3176756     
   2649156937.2935247     
   3104012107.4853468     
   2371028549.8560004     
   1842990751.1262276     
   5519726705.7657452     
   5592557187.8093185     
   1196834894.1365976     
   842903004.60085833     
   826177397.56795323     
   674453830.02756238     
   365786671.41889483     
   455777720.70733011     
   512937817.75648230     
   692790588.83583391     
   973679831.42483246     
   404005057.88126689     
   371502581.77747548     
   439682892.02078730     
   647771268.29384565     
   328286079.29819870     
   341927179.26099831     
   378874652.33591694     
   200362881.62596026     
   237200136.18726993     
   333136691.67437613     
   307270490.08357853     
   395666211.36988705     
   350986102.15222484     
   333137962.92393655     
   203213745.61248830     
   252954557.51097316     
   271117582.74223036     
   167976624.21572474     
   268276265.80710405     
   204732832.82747772     
   235980050.76283315     
   184868181.65329611     
   195419083.56730482     
   170571407.43552092     
   171038390.12005368     
   170643836.00656575     
   217025605.54239213     
   183756620.51769763     
   185576875.41337571     
   179615929.64315543     
   216155404.58618802     
   177286201.19265291     
   177837565.67606238     
   154614751.68422243     
   187347813.07013583     
   185522106.01050889     
   128300040.12567252     
   260794525.78920424     
   180409245.72943330     
   158182532.82649237     
   177055921.08037215     
   274818471.99997830     
   193454673.48409855     
   204834294.52151719     
   240675238.67735827     
   204418315.41554427     
   209633734.43858957     
   253717942.68160576     
   210901812.12832704     
   285127254.67470503     
   166659308.99077985     
   182962895.60013363     
   549645772.78428328     
   184394452.29302028     
   211509456.68230963     
   217588044.10014176     
   203126261.41565976     
   338524316.28042424     
   334792751.75119889     
   209456433.61486509     
   467618999.37376994     
   281567051.58333796     
   479907380.27660489     
   259133312.66020292     
   948808007.67351604     
   3172235519.2966480     
   3770339715.0667963     
   2246127890.6846018     
