tried moves    experiment_1   _      experiment_2    _       Bragg          _                                                                                                                                                                                                                                                                                                                                                                                                                                                   
        0     2487  -0.968E+02   0.362E+03  -0.386E+02   0.116E+03  -0.405E+03   0.159E+04
  OPTIMIZATION STUFF
        2487   101.42743700269384        523005.88235893229     
   716.04354433372055       -614.61610733102668     
        0     4406  -0.171E+00   0.392E+02  -0.477E+01   0.504E+02  -0.250E+03   0.169E+04
  OPTIMIZATION STUFF
        4406  -59.320319683599386        433751.16762628593     
   655.92093067603923       -715.24125035963857     
        0     4265  -0.241E+00   0.346E+02  -0.177E+01   0.343E+02  -0.127E+03   0.958E+03
  OPTIMIZATION STUFF
        4265  -32.447371582545088        134802.40284415128     
   365.71788433372456       -398.16525591626964     
        0     3920  -0.512E+00   0.303E+02  -0.107E+01   0.306E+02  -0.428E+02   0.333E+03
  OPTIMIZATION STUFF
        3920  -3.9193786522004177        15359.306177785196     
   123.87067711434321       -127.79005576654363     
        0     2824  -0.111E+01   0.201E+02  -0.139E+01   0.205E+02  -0.501E+01   0.519E+02
  OPTIMIZATION STUFF
        2824   1.0373689682401563        493.64672572392243     
   22.193931408104667       -21.156562439864512     
        0     2804  -0.351E+00   0.897E+01  -0.444E+00   0.101E+02  -0.408E+00   0.877E+01
  OPTIMIZATION STUFF
        2804  -1.9723095269647837        40.643969870425053     
   6.0625048453810741       -8.0348143723458580     
        0     2721  -0.667E-01   0.626E+01  -0.203E+00   0.756E+01  -0.798E-01   0.437E+01
  OPTIMIZATION STUFF
        2721  -2.1178861971390934        18.313851587647584     
   3.7186569677257530       -5.8365431648648460     
        0     3813  -0.798E-02   0.551E+01  -0.763E-01   0.643E+01  -0.272E-01   0.312E+01
  OPTIMIZATION STUFF
        3813  -2.0803164761973432        13.479147817024575     
   3.0251332492778635       -5.1054497254752071     
        0     4115  -0.443E-02   0.509E+01  -0.450E-01   0.559E+01  -0.110E-01   0.273E+01
  OPTIMIZATION STUFF
        4115  -2.0139285493801204        11.754539181251623     
   2.7746406937193338       -4.7885692430994542     
        0     4106  -0.131E-01   0.500E+01  -0.188E-01   0.495E+01  -0.498E-02   0.241E+01
  OPTIMIZATION STUFF
        4106  -1.8171555338955840        10.389027018738249     
   2.6621368831017880       -4.4792924169973718     
        0     4120   0.986E-03   0.493E+01  -0.105E-01   0.470E+01  -0.118E-01   0.234E+01
  OPTIMIZATION STUFF
        4120  -1.9575576318214780        10.711479793664884     
   2.6228701667757730       -4.5804277985972508     
        0     4365   0.238E-03   0.482E+01  -0.515E-02   0.469E+01  -0.226E-02   0.223E+01
  OPTIMIZATION STUFF
        4365  -1.9745068907917669        10.342185703408141     
   2.5384066344114316       -4.5129135252031984     
        0     4331  -0.339E-02   0.495E+01  -0.143E-01   0.441E+01  -0.285E-02   0.256E+01
  OPTIMIZATION STUFF
        4331  -1.9617222440980113        10.255309427477830     
   2.5311964097021180       -4.4929186538001291     
        0     4098  -0.128E-02   0.452E+01  -0.147E-01   0.436E+01   0.193E-02   0.214E+01
  OPTIMIZATION STUFF
        4098  -1.9186235885184786        9.6818737377496724     
   2.4496443136361958       -4.3682679021546740     
        0     4135  -0.368E-02   0.462E+01  -0.678E-02   0.412E+01  -0.624E-02   0.208E+01
  OPTIMIZATION STUFF
        4135  -1.9298439591214316        9.5939158791885664     
   2.4227294881251362       -4.3525734472465683     
        0     4147   0.433E-02   0.470E+01  -0.113E-01   0.387E+01   0.528E-02   0.182E+01
  OPTIMIZATION STUFF
        4147  -1.8622776673424140        9.0763877872793923     
   2.3681870021172502       -4.2304646694596642     
        0     4102  -0.229E-02   0.451E+01  -0.830E-02   0.376E+01  -0.491E-02   0.203E+01
  OPTIMIZATION STUFF
        4102  -1.8566646677384875        8.9460338306871012     
   2.3449584521391063       -4.2016231198775937     
        0     4110   0.259E-02   0.459E+01   0.143E-02   0.368E+01  -0.755E-03   0.191E+01
  OPTIMIZATION STUFF
        4110  -1.9633367149952528        9.4946441211908059     
   2.3748585357326983       -4.3381952507279511     
        0     4523  -0.769E-02   0.447E+01   0.558E-02   0.366E+01   0.684E-04   0.177E+01
  OPTIMIZATION STUFF
        4523  -1.9047137064793709        9.0007332303403427     
   2.3179298795886729       -4.2226435860680436     
        0     4514   0.432E-02   0.477E+01  -0.118E-01   0.400E+01   0.450E-02   0.203E+01
  OPTIMIZATION STUFF
        4514  -1.9095862374164325        9.4973267604538947     
   2.4188441790085711       -4.3284304164250038     
        0     3211   0.729E-02   0.446E+01   0.159E-02   0.375E+01  -0.403E-02   0.198E+01
  OPTIMIZATION STUFF
        3211  -1.8988935465378813        9.0600710626299676     
   2.3354387942197832       -4.2343323407576641     
        0     2766  -0.752E-02   0.458E+01  -0.438E-02   0.333E+01   0.196E-02   0.165E+01
  OPTIMIZATION STUFF
        2766  -1.8861926711462091        9.0522767749926736     
   2.3440464974712003       -4.2302391686174090     
        0     4096   0.714E-03   0.448E+01  -0.293E-02   0.334E+01  -0.350E-02   0.164E+01
  OPTIMIZATION STUFF
        4096  -1.8160588979455772        8.5165079226812583     
   2.2843900721798707       -4.1004489701254476     
        0     4062  -0.237E-02   0.449E+01   0.932E-03   0.327E+01   0.418E-02   0.187E+01
  OPTIMIZATION STUFF
        4062  -1.8827119807111048        8.7426332036597607     
   2.2799185953333132       -4.1626305760444176     
        0     4095  -0.241E-02   0.463E+01  -0.581E-02   0.334E+01  -0.756E-02   0.175E+01
  OPTIMIZATION STUFF
        4095  -1.8791172530956157        9.4532063357766649     
   2.4335415930070012       -4.3126588461026172     
        0     4432   0.383E-02   0.435E+01   0.921E-04   0.311E+01   0.173E-02   0.155E+01
  OPTIMIZATION STUFF
        4432  -1.7794659903767449        8.0668988205981833     
   2.2136846229060483       -3.9931506132827934     
        0     4464  -0.408E-02   0.466E+01  -0.274E-02   0.335E+01   0.260E-02   0.157E+01
  OPTIMIZATION STUFF
        4464  -1.8364983432151478        8.7857245942068420     
   2.3265851434183231       -4.1630834866334707     
        0     4436   0.672E-02   0.465E+01  -0.723E-03   0.342E+01  -0.195E-02   0.210E+01
  OPTIMIZATION STUFF
        4436  -1.9540283543303723        9.4637362152631308     
   2.3760280734318076       -4.3300564277621802     
        0     4411  -0.128E-02   0.455E+01  -0.468E-02   0.335E+01  -0.136E-02   0.176E+01
  OPTIMIZATION STUFF
        4411  -1.9468333990335527        9.1077383256535160     
   2.3059874331966728       -4.2528208322302259     
        0     4468   0.219E-02   0.462E+01   0.571E-02   0.304E+01  -0.985E-03   0.172E+01
  OPTIMIZATION STUFF
        4468  -1.8995091347909490        8.9694539669538145     
   2.3154522266286461       -4.2149613614195953     
        0     4090  -0.645E-02   0.465E+01  -0.405E-02   0.321E+01   0.242E-02   0.194E+01
  OPTIMIZATION STUFF
        4090  -1.9978452260941924        9.2372419602941616     
   2.2903834641532863       -4.2882286902474789     
        0     4099   0.637E-02   0.443E+01   0.263E-02   0.306E+01  -0.499E-03   0.186E+01
  OPTIMIZATION STUFF
        4099  -1.9391614908996924        8.8232034381282443     
   2.2500791431280649       -4.1892406340277573     
        0     4111  -0.924E-02   0.471E+01  -0.242E-02   0.327E+01  -0.455E-02   0.178E+01
  OPTIMIZATION STUFF
        4111  -1.9330222409019571        9.4244978480295867     
   2.3849366583219695       -4.3179588992239264     
        0     4138   0.546E-02   0.466E+01  -0.615E-03   0.330E+01   0.913E-03   0.160E+01
  OPTIMIZATION STUFF
        4138  -1.9119856706654386        9.3234671535353950     
   2.3807095473210143       -4.2926952179864530     
        0     2809  -0.439E-02   0.451E+01  -0.153E-01   0.343E+01   0.405E-02   0.171E+01
  OPTIMIZATION STUFF
        2809  -1.9125135280304097        9.2228365612657850     
   2.3590524721519994       -4.2715660001824087     
        0     4127   0.104E-02   0.447E+01   0.274E-02   0.336E+01   0.177E-02   0.174E+01
  OPTIMIZATION STUFF
        4127  -1.9559854610679763        9.3087431940325054     
   2.3415516372959195       -4.2975370983638959     
        0     2782  -0.627E-02   0.448E+01  -0.816E-02   0.307E+01  -0.527E-02   0.169E+01
  OPTIMIZATION STUFF
        2782  -1.8043305769504123        8.2409266668721806     
   2.2327825321678718       -4.0371131091182839     
        0     2796   0.701E-02   0.436E+01   0.691E-02   0.298E+01   0.479E-02   0.170E+01
  OPTIMIZATION STUFF
        2796  -1.7699374655260194        7.6325226867812059     
   2.1212835866306365       -3.8912210521566557     
        0     4087  -0.146E-02   0.471E+01   0.443E-02   0.327E+01   0.724E-03   0.193E+01
  OPTIMIZATION STUFF
        4087  -1.8925455073400341        9.1236213357175941     
   2.3541225198287039       -4.2466680271687380     
        0     4072   0.176E-02   0.468E+01  -0.972E-02   0.298E+01  -0.192E-02   0.192E+01
  OPTIMIZATION STUFF
        4072  -1.9340383871663926        9.4321655158881601     
   2.3857202335678380       -4.3197586207342304     
        0     4045  -0.545E-02   0.455E+01  -0.561E-02   0.308E+01   0.756E-03   0.191E+01
  OPTIMIZATION STUFF
        4045  -1.9689993658278653        9.2868887619016540     
   2.3259256779336521       -4.2949250437615172     
        0     4040   0.441E-02   0.456E+01   0.187E-02   0.293E+01  -0.509E-02   0.171E+01
  OPTIMIZATION STUFF
        4040  -1.9674443982686067        9.1771351594041874     
   2.3035402534198677       -4.2709846516884742     
        0     4034   0.522E-03   0.446E+01   0.463E-02   0.299E+01  -0.601E-03   0.182E+01
  OPTIMIZATION STUFF
        4034  -1.9008981989648608        8.4939925361811675     
   2.2092031534816612       -4.1101013524465220     
        0     4057  -0.229E-02   0.466E+01  -0.310E-02   0.294E+01   0.470E-02   0.187E+01
  OPTIMIZATION STUFF
        4057  -1.8898470984605624        9.1971678198102893     
   2.3718443802767673       -4.2616914787373297     
        0     4007   0.155E-02   0.449E+01  -0.110E-02   0.296E+01  -0.184E-02   0.159E+01
  OPTIMIZATION STUFF
        4007  -1.8791821026621736        8.7155838386723392     
   2.2768966739196821       -4.1560787765818556     
        0     4042  -0.180E-02   0.456E+01   0.184E-02   0.307E+01   0.214E-02   0.170E+01
  OPTIMIZATION STUFF
        4042  -1.9166019191008681        8.7842146520030688     
   2.2607192960874065       -4.1773212151882744     
        0     4078   0.335E-02   0.465E+01  -0.485E-02   0.279E+01   0.345E-03   0.171E+01
  OPTIMIZATION STUFF
        4078  -2.0073600262599087        9.5697774479901145     
   2.3537806127513101       -4.3611406390112188     
        0     4143   0.211E-02   0.458E+01  -0.275E-02   0.286E+01   0.210E-02   0.161E+01
  OPTIMIZATION STUFF
        4143  -2.0050895057640643        9.4247758393758385     
   2.3247348049295127       -4.3298243106935770     
        0     4141  -0.169E-02   0.451E+01  -0.472E-02   0.282E+01   0.186E-02   0.172E+01
  OPTIMIZATION STUFF
        4141  -1.9320546591962939        8.8992348320935424     
   2.2729715409506199       -4.2050262001469143     
        0     4140  -0.347E-02   0.463E+01   0.901E-02   0.288E+01  -0.348E-02   0.175E+01
  OPTIMIZATION STUFF
        4140  -1.9754749918585959        9.3027083175770056     
   2.3238345195211911       -4.2993095113797875     
