tried moves    experiment_1   _      experiment_2    _                                                                                                                                                                                                                                                                                                                                                                                                                                                                          
        0    47491   0.490E+00   0.215E+04   0.287E+00   0.197E+04
  OPTIMIZATION STUFF
       47491  -23.008779275846589        5319.7241327457696     
   69.212139173566527       -92.220918449413119     
        0    35409  -0.547E-01   0.810E+02  -0.269E-01   0.462E+02
  OPTIMIZATION STUFF
       35409  -6.5949076429322764        66.230779624494019     
   4.7684350478629218       -11.363342690795198     
        0    39518  -0.318E-01   0.928E+02   0.108E-01   0.570E+02
  OPTIMIZATION STUFF
       39518  -6.6901465669281679        68.282301280287754     
   4.8501793980539523       -11.540325964982120     
        0    38903  -0.611E-01   0.131E+03  -0.260E-01   0.908E+02
  OPTIMIZATION STUFF
       38903  -6.5150403778829471        65.504108618250427     
   4.8019118580837414       -11.316952235966689     
        0    37746  -0.177E-02   0.778E+02  -0.159E-01   0.551E+02
  OPTIMIZATION STUFF
       37746  -6.3010826871054668        59.517421605454679     
   4.4512670753072578       -10.752349762412724     
        0    50418   0.431E-01   0.729E+02   0.996E-02   0.504E+02
  OPTIMIZATION STUFF
       50418  -6.3290172152178723        60.141109049155986     
   4.4815901350560603       -10.810607350273933     
        0    52886   0.395E-01   0.764E+02   0.285E-01   0.497E+02
  OPTIMIZATION STUFF
       52886  -6.3739332159739064        61.407015470168794     
   4.5585075220375941       -10.932440738011501     
        0    54786  -0.539E-02   0.116E+03   0.362E-01   0.806E+02
  OPTIMIZATION STUFF
       54786  -6.5938665653943946        66.614366221009490     
   4.8099157933152448       -11.403782358709639     
        0    71413   0.578E-01   0.102E+03   0.410E-01   0.717E+02
  OPTIMIZATION STUFF
       71413  -6.6041915216677181        66.727660384657952     
   4.8075268828983351       -11.411718404566052     
        0    76757  -0.604E-01   0.104E+03  -0.397E-01   0.727E+02
  OPTIMIZATION STUFF
       76757  -6.6850173730184173        68.199315493486708     
   4.8486965481383395       -11.533713921156757     
        0    75456   0.549E-02   0.691E+02  -0.727E-02   0.507E+02
  OPTIMIZATION STUFF
       75456  -6.3941185091963284        61.762132033337124     
   4.5691772261196055       -10.963295735315935     
        0    75854  -0.227E-01   0.870E+02   0.975E-03   0.624E+02
  OPTIMIZATION STUFF
       75854  -6.5299453625050043        64.833139483738591     
   4.7109397201023464       -11.240885082607351     
        0    65239   0.687E-01   0.111E+03   0.465E-01   0.850E+02
  OPTIMIZATION STUFF
       65239  -6.5713444612852339        66.051787925212594     
   4.7821773175352327       -11.353521778820467     
        0    53915  -0.136E+00   0.765E+02  -0.976E-01   0.596E+02
  OPTIMIZATION STUFF
       53915  -6.4390173872982359        62.879063143066432     
   4.6279712865506664       -11.066988673848902     
        0    73238   0.317E-01   0.806E+02   0.215E-01   0.618E+02
  OPTIMIZATION STUFF
       73238  -6.5400650909766656        64.704576569059810     
   4.6831746897642192       -11.223239780740885     
        0    71544   0.483E-01   0.740E+02   0.271E-01   0.585E+02
  OPTIMIZATION STUFF
       71544  -6.5328813339650917        64.423134870437693     
   4.6631101581206700       -11.195991492085762     
        0    63183  -0.582E-01   0.720E+02  -0.339E-01   0.549E+02
  OPTIMIZATION STUFF
       63183  -6.4964125815703468        63.673996311739330     
   4.6336400250509140       -11.130052606621261     
        0    56552   0.228E-01   0.628E+02   0.332E-01   0.513E+02
  OPTIMIZATION STUFF
       56552  -6.5583144887570581        65.247252300891120     
   4.7154812445232315       -11.273795733280290     
        0    56620  -0.543E-01   0.516E+02  -0.482E-01   0.422E+02
  OPTIMIZATION STUFF
       56620  -6.5157515768192722        64.078523485518971     
   4.6501080497872458       -11.165859626606519     
        0    76154   0.314E-01   0.104E+03   0.278E-01   0.808E+02
  OPTIMIZATION STUFF
       76154  -6.6879208032427844        68.536220185193201     
   4.8793376102444066       -11.567258413487192     
        0    76313   0.902E-01   0.893E+02   0.495E-01   0.662E+02
  OPTIMIZATION STUFF
       76313  -6.5375729916681005        65.064684287562883     
   4.7249152020088880       -11.262488193676989     
        0    73934  -0.811E-01   0.932E+02  -0.487E-01   0.715E+02
  OPTIMIZATION STUFF
       73934  -6.6510941715982694        67.454659607833506     
   4.8184651008765274       -11.469559272474797     
        0    76217  -0.525E-01   0.117E+03  -0.313E-01   0.854E+02
  OPTIMIZATION STUFF
       76217  -6.5972640716275457        67.183491321356797     
   4.8641132892408185       -11.461377360868365     
        0    74454   0.821E-01   0.799E+02   0.475E-01   0.623E+02
  OPTIMIZATION STUFF
       74454  -6.6066790190215547        66.534406062306815     
   4.7839521738754041       -11.390631192896958     
        0    76144  -0.210E-01   0.855E+02  -0.220E-01   0.650E+02
  OPTIMIZATION STUFF
       76144  -6.4530470577728991        63.103722031016133     
   4.6326996126648083       -11.085746670437707     
        0    72382   0.723E+00   0.264E+03   0.539E+00   0.197E+03
  OPTIMIZATION STUFF
       72382  -6.6537797588186569        70.814778903950383     
   5.1518922567427126       -11.805672015561370     
        0    68964  -0.730E+00   0.175E+03  -0.523E+00   0.131E+03
  OPTIMIZATION STUFF
       68964  -6.9878457290200000        81.475720580795809     
   5.7136444278772505       -12.701490156897250     
        0    61674  -0.341E-01   0.735E+02  -0.368E-01   0.587E+02
  OPTIMIZATION STUFF
       61674  -6.5055128708365846        64.318327026201359     
   4.6900564296798066       -11.195569300516391     
        0    63110   0.145E-01   0.816E+02   0.264E-01   0.638E+02
  OPTIMIZATION STUFF
       63110  -6.5388609266684981        64.854229077575425     
   4.7008006615111233       -11.239661588179622     
        0    62609   0.258E-01   0.914E+02   0.159E-01   0.702E+02
  OPTIMIZATION STUFF
       62609  -6.8036949829241760        70.826964195676240     
   4.9534532172019796       -11.757148200126156     
        0    71032  -0.126E+00   0.846E+02  -0.949E-01   0.666E+02
  OPTIMIZATION STUFF
       71032  -6.5640820302902858        65.903290699218033     
   4.7766220071132057       -11.340704037403491     
        0    66774   0.642E-01   0.824E+02   0.385E-01   0.694E+02
  OPTIMIZATION STUFF
       66774  -6.4624251214279438        63.268319389256916     
   4.6373894530429443       -11.099814574470887     
        0    59762  -0.130E-01   0.956E+02  -0.558E-03   0.711E+02
  OPTIMIZATION STUFF
       59762  -6.7284880360030819        69.282996894299686     
   4.9000454736321659       -11.628533509635247     
        0    61549   0.106E+00   0.702E+02   0.929E-01   0.562E+02
  OPTIMIZATION STUFF
       61549  -6.5696190584020133        65.555215273898455     
   4.7323694595180852       -11.301988517920098     
        0    62674  -0.124E+00   0.841E+02  -0.981E-01   0.671E+02
  OPTIMIZATION STUFF
       62674  -6.7287159954426761        68.993712058579106     
   4.8701224944813228       -11.598838489923999     
        0    72253   0.347E-01   0.677E+02   0.222E-01   0.572E+02
  OPTIMIZATION STUFF
       72253  -6.5447328678042371        64.992849690085521     
   4.7073688382331422       -11.252101706037379     
        0    46969   0.410E-02   0.795E+02  -0.916E-02   0.676E+02
  OPTIMIZATION STUFF
       46969  -6.7848833259004362        70.822276349646529     
   4.9787181687222226       -11.763601494622659     
        0    51341   0.215E-01   0.982E+02   0.323E-01   0.782E+02
  OPTIMIZATION STUFF
       51341  -6.6271162764960110        67.282561876353014     
   4.8336209754339103       -11.460737251929920     
        0    70355  -0.370E-01   0.868E+02  -0.499E-01   0.721E+02
  OPTIMIZATION STUFF
       70355  -6.6946385132404496        68.710679793964800     
   4.8879949847562756       -11.582633497996724     
        0    74483   0.281E-01   0.856E+02   0.304E-01   0.657E+02
  OPTIMIZATION STUFF
       74483  -6.6515914941516296        67.497727171148270     
   4.8222461328801920       -11.473837627031822     
        0    61072  -0.390E-02   0.929E+02   0.150E-01   0.713E+02
  OPTIMIZATION STUFF
       61072  -6.7016439458875032        68.770321461690074     
   4.8844948443251983       -11.586138790212701     
        0    46853   0.104E+00   0.800E+02   0.641E-01   0.634E+02
  OPTIMIZATION STUFF
       46853  -6.5878535387941515        65.968945006024100     
   4.7506979231920727       -11.338551461986224     
        0    61406  -0.598E-01   0.725E+02  -0.417E-01   0.604E+02
  OPTIMIZATION STUFF
       61406  -6.6157024045463189        66.378474295974556     
   4.7550978949391371       -11.370800299485456     
        0    71354   0.193E-01   0.600E+02  -0.946E-03   0.524E+02
  OPTIMIZATION STUFF
       71354  -6.6170016202799236        66.570021931138157     
   4.7733962215964247       -11.390397841876348     
        0    43758  -0.772E-01   0.186E+04  -0.254E-01   0.154E+04
  OPTIMIZATION STUFF
       43758  -11.322228828178648        676.48958544251434     
   23.415736584717440       -34.737965412896088     
        0    62362   0.380E-02   0.818E+02  -0.242E-01   0.660E+02
  OPTIMIZATION STUFF
       62362  -6.5511126781424753        65.399924435716414     
   4.7416080725843779       -11.292720750726854     
        0    57196  -0.161E-01   0.545E+02   0.156E-01   0.490E+02
  OPTIMIZATION STUFF
       57196  -6.4778059362281706        63.139581034848668     
   4.6019138722292210       -11.079719808457391     
        0    60699   0.215E-01   0.662E+02   0.203E-01   0.528E+02
  OPTIMIZATION STUFF
       60699  -6.5307398647193331        64.489262760289051     
   4.6731894440151640       -11.203929308734498     
        0    73399   0.927E-02   0.783E+02   0.308E-02   0.605E+02
  OPTIMIZATION STUFF
       73399  -6.5570306262552940        65.449428354065915     
   4.7386472458303990       -11.295677872085694     
        0    44928  -0.149E-01   0.746E+02  -0.300E-01   0.611E+02
  OPTIMIZATION STUFF
       44928  -6.6166358061627397        66.794825063639465     
   4.7973905065404692       -11.414026312703209     
        0    62898   0.262E-01   0.910E+02   0.353E-01   0.767E+02
  OPTIMIZATION STUFF
       62898  -6.6196442359870460        67.085189411578227     
   4.8234323464252826       -11.443076582412328     
        0    61232  -0.444E-01   0.941E+02  -0.521E-01   0.771E+02
  OPTIMIZATION STUFF
       61232  -6.7718417079233877        70.328061075378812     
   4.9467384161898096       -11.718580124113197     
        0    56605   0.333E-01   0.601E+02   0.537E-01   0.508E+02
  OPTIMIZATION STUFF
       56605  -6.5535916004896029        65.144001246619609     
   4.7110973647985386       -11.264688965288141     
        0    70388  -0.105E-01   0.743E+02  -0.722E-02   0.639E+02
  OPTIMIZATION STUFF
       70388  -6.5987646477924162        66.382775555164969     
   4.7790250761227435       -11.377789723915161     
        0    62185   0.586E-01   0.718E+02   0.249E-01   0.583E+02
  OPTIMIZATION STUFF
       62185  -6.7507030906359677        69.306500239818632     
   4.8718074697073801       -11.622510560343347     
        0    61425  -0.448E-01   0.888E+02  -0.368E-01   0.676E+02
  OPTIMIZATION STUFF
       61425  -6.8191752903670126        71.120589968981633     
   4.9617978927229185       -11.780973183089930     
        0    55948  -0.434E-01   0.982E+02  -0.461E-01   0.799E+02
  OPTIMIZATION STUFF
       55948  -6.6774152561332736        68.694874054852420     
   4.9098879368078272       -11.587303192941100     
        0    74217   0.571E-01   0.783E+02   0.557E-01   0.633E+02
  OPTIMIZATION STUFF
       74217  -6.7235772367176070        68.833244169778283     
   4.8607358817025954       -11.584313118420202     
        0    76131   0.152E-01   0.749E+02   0.731E-02   0.638E+02
  OPTIMIZATION STUFF
       76131  -6.5491495916264313        65.249028932831152     
   4.7283896370043887       -11.277539228630820     
        0    76745   0.308E-01   0.981E+02   0.410E-01   0.780E+02
  OPTIMIZATION STUFF
       76745  -6.8314878924456517        71.890496749046946     
   5.0220782475400974       -11.853566139985748     
        0    62661  -0.738E-01   0.949E+02  -0.787E-01   0.741E+02
  OPTIMIZATION STUFF
       62661  -6.6138502952595433        66.851904587183554     
   4.8071705668801483       -11.421020862139692     
        0    64497  -0.482E-01   0.679E+02  -0.167E-01   0.556E+02
  OPTIMIZATION STUFF
       64497  -6.6189013799454122        66.569842802532705     
   4.7707428483507082       -11.389644228296120     
        0    76872   0.358E-01   0.844E+02   0.241E-01   0.690E+02
  OPTIMIZATION STUFF
       76872  -6.6422990888279978        67.347775124252763     
   4.8195059849332598       -11.461805073761258     
        0    76947  -0.788E-01   0.783E+02  -0.555E-01   0.658E+02
  OPTIMIZATION STUFF
       76947  -6.5115530184513561        64.504064037861255     
   4.7014616158975802       -11.213014634348937     
        0    76147   0.752E-01   0.949E+02   0.643E-01   0.799E+02
  OPTIMIZATION STUFF
       76147  -6.6637626248814072        68.225792364723105     
   4.8805798880826412       -11.544342512964048     
        0    73782  -0.497E-01   0.851E+02  -0.527E-01   0.748E+02
  OPTIMIZATION STUFF
       73782  -6.6434342186352398        67.310971245478697     
   4.8141201717598490       -11.457554390395089     
        0    74605   0.499E-01   0.100E+03   0.480E-01   0.878E+02
  OPTIMIZATION STUFF
       74605  -6.7589995702461785        70.525027469652471     
   4.9840698509415420       -11.743069421187720     
        0    74188  -0.210E-01   0.754E+02  -0.147E-02   0.648E+02
  OPTIMIZATION STUFF
       74188  -6.6425080222216737        67.430745008508381     
   4.8278185739761481       -11.470326596197822     
        0    75425   0.551E-02   0.676E+02  -0.966E-02   0.602E+02
  OPTIMIZATION STUFF
       75425  -6.5933620668712223        65.959455069805472     
   4.7420493170093785       -11.335411383880601     
        0    72184   0.131E-01   0.734E+02   0.386E-01   0.651E+02
  OPTIMIZATION STUFF
       72184  -6.6390606975759239        67.025214997946861     
   4.7904162712492475       -11.429476968825171     
        0    72773   0.626E-01   0.899E+02   0.210E-01   0.782E+02
  OPTIMIZATION STUFF
       72773  -6.7331050281779588        69.387125326495237     
   4.9043268657400807       -11.637431893918039     
        0    67235  -0.961E-01   0.967E+02  -0.698E-01   0.809E+02
  OPTIMIZATION STUFF
       67235  -6.7135102902382036        68.942829360689942     
   4.8858580560179696       -11.599368346256174     
        0    68184  -0.732E-02   0.819E+02  -0.375E-01   0.712E+02
  OPTIMIZATION STUFF
       68184  -6.6107838391885210        66.918346813949952     
   4.8182864013540989       -11.429070240542620     
        0    74756   0.207E-01   0.744E+02   0.287E-01   0.617E+02
  OPTIMIZATION STUFF
       74756  -6.4998533830062568        64.086514369844551     
   4.6731595702764821       -11.173012953282740     
        0    75384   0.262E-01   0.802E+02   0.133E-01   0.619E+02
  OPTIMIZATION STUFF
       75384  -6.5360682988582717        64.813493674173500     
   4.7003515684290509       -11.236419867287323     
        0    74076  -0.677E-01   0.816E+02  -0.310E-01   0.682E+02
  OPTIMIZATION STUFF
       74076  -6.6630086966643729        67.856727611898421     
   4.8436600541401909       -11.506668750804565     
        0    69984   0.481E-01   0.889E+02   0.264E-01   0.705E+02
  OPTIMIZATION STUFF
       69984  -6.6280837321423460        67.269812212739126     
   4.8309748759902602       -11.459058608132606     
        0    70254   0.249E-01   0.103E+03   0.200E-01   0.861E+02
  OPTIMIZATION STUFF
       70254  -6.5544944554569451        65.762320463903265     
   4.7750311933313512       -11.329525648788296     
        0    74423  -0.295E-01   0.205E+03  -0.213E-01   0.162E+03
  OPTIMIZATION STUFF
       74423  -7.0618134543341178        82.469072567167146     
   5.7096289987487614       -12.771442453082880     
        0    68892  -0.243E-01   0.109E+03  -0.285E-01   0.905E+02
  OPTIMIZATION STUFF
       68892  -6.5823309487192079        66.423025505007161     
   4.8058240486456070       -11.388154997364815     
        0    72156   0.183E-01   0.765E+02   0.278E-01   0.641E+02
  OPTIMIZATION STUFF
       72156  -6.7939266173640682        70.856721644426173     
   4.9698372973668068       -11.763763914730875     
        0    68154  -0.767E-02   0.879E+02  -0.187E-01   0.720E+02
  OPTIMIZATION STUFF
       68154  -6.7497598511890011        69.774071417275692     
   4.9208549428481154       -11.670614794037117     
        0    60809   0.542E-01   0.919E+02   0.272E-01   0.766E+02
  OPTIMIZATION STUFF
       60809  -6.5536357452776324        65.423684497894712     
   4.7406268589833145       -11.294262604260947     
        0    61547  -0.893E-01   0.870E+02  -0.568E-01   0.763E+02
  OPTIMIZATION STUFF
       61547  -6.9058337113454318        73.586770555151091     
   5.0888339829862863       -11.994667694331717     
        0    61118   0.188E+00   0.960E+02   0.118E+00   0.749E+02
  OPTIMIZATION STUFF
       61118  -6.6669997956469063        68.130344141328322     
   4.8663598167595898       -11.533359612406496     
        0    62048  -0.132E+00   0.109E+03  -0.881E-01   0.852E+02
  OPTIMIZATION STUFF
       62048  -6.6050794573218505        67.016064898256801     
   4.8362165233498065       -11.441295980671658     
        0    72234   0.112E-01   0.837E+02   0.257E-01   0.711E+02
  OPTIMIZATION STUFF
       72234  -6.8397871053685257        72.139757859806778     
   5.0355804246423492       -11.875367530010875     
        0    73847  -0.247E-01   0.763E+02   0.675E-02   0.656E+02
  OPTIMIZATION STUFF
       73847  -6.6438185205864073        67.495405404741163     
   4.8327094750516721       -11.476527995638079     
        0    72526  -0.593E-02   0.974E+07  -0.170E-01   0.875E+07
  OPTIMIZATION STUFF
       72526  -18211.605082577673        17465837789.670422     
   130897.57534036547       -149109.18042294314     
        0    76613  -0.227E-01   0.176E+03  -0.445E-01   0.136E+03
  OPTIMIZATION STUFF
       76613  -6.9295747252181643        76.272238089689679     
   5.3153769590977529       -12.244951684315918     
        0    46983  -0.315E-01   0.814E+02  -0.614E-02   0.641E+02
  OPTIMIZATION STUFF
       46983  -6.7933738156043919        70.379382622470814     
   4.9223424123004120       -11.715716227904803     
        0    69619   0.806E-01   0.870E+02   0.784E-01   0.717E+02
  OPTIMIZATION STUFF
       69619  -6.8529683193266751        72.150539040557405     
   5.0187014510590613       -11.871669770385736     
        0    70296   0.575E-01   0.990E+02   0.240E-01   0.839E+02
  OPTIMIZATION STUFF
       70296  -6.6291859692739914        67.616667070945809     
   4.8652400203614476       -11.494425989635438     
        0    74363   0.628E-01   0.115E+03   0.672E-01   0.922E+02
  OPTIMIZATION STUFF
       74363  -6.6392514574567967        67.676726690371140     
   4.8576812138127119       -11.496932671269509     
        0    65574  -0.134E+00   0.761E+02  -0.108E+00   0.653E+02
  OPTIMIZATION STUFF
       65574  -6.5244436410003104        64.515992572895684     
   4.6848295324703431       -11.209273173470653     
        0    73111  -0.238E-01   0.912E+02  -0.273E-01   0.746E+02
  OPTIMIZATION STUFF
       73111  -6.5899918649794431        66.069970710022545     
   4.7583587432566814       -11.348350608236125     
        0    77142   0.130E-01   0.855E+02   0.736E-02   0.685E+02
  OPTIMIZATION STUFF
       77142  -6.7178565022097816        69.088809381663495     
   4.8948149502694438       -11.612671452479226     
        0    75460   0.265E-01   0.108E+03   0.476E-01   0.886E+02
  OPTIMIZATION STUFF
       75460  -6.7094934043613206        69.572053429625257     
   4.9552751373114683       -11.664768541672789     
        0    77190  -0.673E-02   0.861E+02  -0.320E-01   0.715E+02
  OPTIMIZATION STUFF
       77190  -6.7271581660940791        69.548668560668091     
   4.9288955729475372       -11.656053739041617     
        0    64934  -0.523E-01   0.870E+02  -0.367E-01   0.748E+02
  OPTIMIZATION STUFF
       64934  -6.5622047338813410        65.495703140742066     
   4.7363669802251787       -11.298571714106519     
        0    75825   0.492E-01   0.896E+02   0.378E-01   0.729E+02
  OPTIMIZATION STUFF
       75825  -6.6827779218617724        68.270282822495147     
   4.8590906628269446       -11.541868584688718     
        0    75478   0.334E-01   0.106E+03   0.309E-01   0.869E+02
  OPTIMIZATION STUFF
       75478  -6.5817366111967361        66.713141931409240     
   4.8367225589485425       -11.418459170145280     
        0    75776  -0.482E-01   0.923E+02  -0.515E-01   0.750E+02
  OPTIMIZATION STUFF
       75776  -6.7303899790367252        69.713756721948201     
   4.9412151796931720       -11.671605158729896     
        0    76026  -0.105E-01   0.820E+02   0.179E-01   0.724E+02
  OPTIMIZATION STUFF
       76026  -6.6436528743398773        67.293508449345296     
   4.8120042533876450       -11.455657127727523     
        0    71809   0.263E-01   0.666E+02   0.158E-01   0.595E+02
  OPTIMIZATION STUFF
       71809  -6.6191150430422487        66.657486414851576     
   4.7796236736612840       -11.398738716703534     
        0    71217   0.177E-01   0.892E+02   0.127E-01   0.769E+02
  OPTIMIZATION STUFF
       71217  -6.7157495973153125        68.891287060065622     
   4.8774987858763064       -11.593248383191618     
        0    71985  -0.921E-01   0.900E+02  -0.677E-01   0.791E+02
  OPTIMIZATION STUFF
       71985  -6.6712549087891455        67.999600955672719     
   4.8470567252333092       -11.518311634022455     
        0    73203   0.727E-02   0.185E+04   0.722E-02   0.168E+04
  OPTIMIZATION STUFF
       73203  -11.353450737401500        872.74850543260470     
   27.273570756063499       -38.627021493465001     
        0    73924   0.191E-01   0.630E+02   0.349E-02   0.540E+02
  OPTIMIZATION STUFF
       73924  -6.4483683979500013        62.659940800188110     
   4.5911312118592127       -11.039499609809214     
        0    66940   0.153E-01   0.983E+02   0.321E-02   0.808E+02
  OPTIMIZATION STUFF
       66940  -6.6895529061590713        68.274614904575429     
   4.8502058533916017       -11.539758759550672     
        0    66427  -0.324E-02   0.885E+02   0.116E-01   0.781E+02
  OPTIMIZATION STUFF
       66427  -6.7532104209359201        70.052992321922076     
   4.9444050534401578       -11.697615474376079     
        0    74065   0.471E-01   0.288E+04   0.328E-01   0.245E+04
  OPTIMIZATION STUFF
       74065  -11.380740544093090        1248.0352267282165     
   33.444191893305664       -44.824932437398758     
        0    74583   0.197E-01   0.190E+03   0.127E-01   0.158E+03
  OPTIMIZATION STUFF
       74583  -7.0590920362605827        81.190138383324168     
   5.5999426788965074       -12.659034715157091     
        0    73704   0.277E-02   0.888E+02   0.109E-01   0.765E+02
  OPTIMIZATION STUFF
       73704  -6.8094583700057303        71.398116149111772     
   5.0029384221945685       -11.812396792200300     
        0    71021  -0.337E-01   0.765E+02  -0.219E-01   0.655E+02
  OPTIMIZATION STUFF
       71021  -6.6656496321809415        68.178627979392132     
   4.8731655995254473       -11.538815231706389     
        0    72333  -0.677E-01   0.984E+02  -0.656E-01   0.815E+02
  OPTIMIZATION STUFF
       72333  -6.6937405730881014        68.671469808353010     
   4.8852130914165031       -11.578953664504605     
        0    71432   0.241E-01   0.164E+04   0.192E-01   0.150E+04
  OPTIMIZATION STUFF
       71432  -11.195243218081723        802.84791227855067     
   26.029107582983823       -37.224350801065548     
        0    72479  -0.475E-03   0.929E+02   0.170E-01   0.795E+02
  OPTIMIZATION STUFF
       72479  -6.6667820980473520        67.903735746736345     
   4.8433203697351770       -11.510102467782529     
        0    72025  -0.100E-01   0.808E+02  -0.200E-01   0.696E+02
  OPTIMIZATION STUFF
       72025  -6.7227877741580064        68.965733983105153     
   4.8754341885350883       -11.598221962693096     
        0    67952   0.197E-02   0.720E+02   0.113E-01   0.609E+02
  OPTIMIZATION STUFF
       67952  -6.7497734660537771        69.820360948836864     
   4.9255374433449637       -11.675310909398741     
        0    60981   0.171E-01   0.814E+02   0.114E-01   0.766E+02
  OPTIMIZATION STUFF
       60981  -6.8202793433806832        71.746723329488859     
   5.0229984080968624       -11.843277751477546     
        0    63703   0.134E-01   0.648E+02   0.243E-01   0.573E+02
  OPTIMIZATION STUFF
       63703  -6.4530602039902192        62.868028325483344     
   4.6071729215605801       -11.060233125550798     
        0    63243  -0.253E-01   0.762E+02  -0.333E-01   0.670E+02
  OPTIMIZATION STUFF
       63243  -6.6660812350936878        67.601421098091890     
   4.8129805801835213       -11.479061815277209     
        0    64528  -0.163E-01   0.747E+02  -0.150E-01   0.700E+02
  OPTIMIZATION STUFF
       64528  -6.5240951221407686        64.462297322004119     
   4.6795811948574153       -11.203676316998184     
        0    63985  -0.143E-01   0.109E+03  -0.141E-01   0.974E+02
  OPTIMIZATION STUFF
       63985  -6.5371734851751180        65.383034404570466     
   4.7590332242267301       -11.296206709401847     
        0    65629   0.107E+00   0.721E+02   0.545E-01   0.601E+02
  OPTIMIZATION STUFF
       65629  -6.6933116328043143        68.452924530960658     
   4.8633839985268592       -11.556695631331174     
        0    62350  -0.627E-01   0.652E+02  -0.213E-01   0.552E+02
  OPTIMIZATION STUFF
       62350  -6.6507827889539248        67.078460050512021     
   4.7797017003853153       -11.430484489339239     
        0    69341  -0.465E-01   0.624E+02  -0.973E-02   0.543E+02
  OPTIMIZATION STUFF
       69341  -6.5775841605923224        65.500626092948409     
   4.7155076824530147       -11.293091843045337     
        0    72629   0.318E-01   0.880E+02   0.143E-01   0.804E+02
  OPTIMIZATION STUFF
       72629  -6.5709279722638430        65.707761531420658     
   4.7466479872370186       -11.317575959500861     
        0    71150  -0.275E-01   0.756E+02  -0.272E-01   0.701E+02
  OPTIMIZATION STUFF
       71150  -6.6555797148585141        67.825112467679787     
   4.8506052330450107       -11.506184947903524     
        0    56647   0.549E-01   0.102E+03   0.409E-01   0.887E+02
  OPTIMIZATION STUFF
       56647  -6.7519345906480801        70.005438769504778     
   4.9413376785152749       -11.693272269163355     
        0    65667   0.414E-02   0.892E+02  -0.608E-02   0.786E+02
  OPTIMIZATION STUFF
       65667  -6.5300546289225609        64.971190102757419     
   4.7254181451004369       -11.255472774022998     
        0    73068  -0.265E-01   0.102E+03  -0.144E-01   0.879E+02
  OPTIMIZATION STUFF
       73068  -6.7329694544294885        69.508840228532037     
   4.9169057906626108       -11.649875245092099     
        0    65006  -0.731E-02   0.714E+02  -0.154E-01   0.619E+02
  OPTIMIZATION STUFF
       65006  -6.6381126383753362        67.076680825995027     
   4.7970971874912705       -11.435209825866608     
        0    69980  -0.162E+00   0.866E+02  -0.129E+00   0.711E+02
  OPTIMIZATION STUFF
       69980  -6.5895632279831089        66.927674657483976     
   4.8482296894739640       -11.437792917457074     
        0    72020   0.219E+00   0.953E+03   0.173E+00   0.838E+03
  OPTIMIZATION STUFF
       72020  -8.3346306503515155        225.69225468487156     
   12.499047427987968       -20.833678078339481     
        0    63968  -0.190E-01   0.726E+02  -0.180E-01   0.613E+02
  OPTIMIZATION STUFF
       63968  -6.5233499834895605        64.475916765957351     
   4.6820745144502025       -11.205424497939763     
        0    55011  -0.280E-01   0.884E+02  -0.168E-01   0.788E+02
  OPTIMIZATION STUFF
       55011  -6.6954793539210380        68.600051567941577     
   4.8755110285136976       -11.570990382434736     
        0    64818  -0.119E-01   0.886E+02  -0.714E-02   0.783E+02
  OPTIMIZATION STUFF
       64818  -6.6719447986176137        67.912590184802028     
   4.8371213328798568       -11.509066131497470     
        0    64722  -0.760E-02   0.814E+02  -0.123E-02   0.698E+02
  OPTIMIZATION STUFF
       64722  -6.5536562396664149        65.385076346733214     
   4.7365247005599667       -11.290180940226382     
        0    67822   0.978E-01   0.717E+02   0.875E-01   0.630E+02
  OPTIMIZATION STUFF
       67822  -6.5200757601651596        64.699089224108008     
   4.7103822887123217       -11.230458048877480     
        0    64446  -0.959E-01   0.673E+02  -0.919E-01   0.608E+02
  OPTIMIZATION STUFF
       64446  -6.4914081212200729        63.939327089391440     
   4.6691484976545263       -11.160556618874599     
        0    69963  -0.443E-03   0.789E+02  -0.240E-02   0.680E+02
  OPTIMIZATION STUFF
       69963  -6.6012515006745787        66.433850946125858     
   4.7809339642968798       -11.382185464971458     
        0    72486   0.182E-01   0.703E+02   0.267E-01   0.605E+02
  OPTIMIZATION STUFF
       72486  -6.7752951082587121        70.349275939693584     
   4.9441533284981309       -11.719448436756842     
        0    72080  -0.224E-01   0.818E+02  -0.207E-01   0.682E+02
  OPTIMIZATION STUFF
       72080  -6.5398439807571336        65.182466608084141     
   4.7342272141753856       -11.274071194932519     
        0    72414   0.350E-01   0.670E+02   0.418E-01   0.587E+02
  OPTIMIZATION STUFF
       72414  -6.6835106379138551        67.818533938560122     
   4.8113635792208074       -11.494874217134662     
        0    72611   0.314E-01   0.836E+02   0.517E-02   0.712E+02
  OPTIMIZATION STUFF
       72611  -6.7202299650653439        69.055779604264742     
   4.8881784767848426       -11.608408441850187     
        0    74321   0.420E-02   0.637E+02   0.134E-01   0.568E+02
  OPTIMIZATION STUFF
       74321  -6.8034662654605329        70.466720879318203     
   4.9172723794862856       -11.720738644946818     
        0    66361  -0.272E-01   0.701E+02  -0.246E-01   0.612E+02
  OPTIMIZATION STUFF
       66361  -6.6032524008408773        66.140653954052695     
   4.7473899865970450       -11.350642387437922     
        0    62006   0.101E-01   0.631E+02   0.404E-02   0.561E+02
  OPTIMIZATION STUFF
       62006  -6.6549894486416177        67.385793062813633     
   4.8059243128957378       -11.460913761537356     
