tried moves    experiment_1   _      experiment_2    _                                                                                                                                                                                                                                                                                                                                                                                                                                                                          
        0    24192   0.159E+02   0.175E+04   0.883E+02   0.106E+05
  OPTIMIZATION STUFF
       24192   2.8560260807389568        96.700098270438474     
   9.4097403416129044       -6.5537142608739476     
        0    22405   0.194E+02   0.489E+04   0.895E+02   0.403E+05
  OPTIMIZATION STUFF
       22405   4.8197699367626861        409.58970686130118     
   19.656030235476841       -14.836260298714155     
        0    29244   0.228E+02   0.474E+04   0.119E+03   0.254E+05
  OPTIMIZATION STUFF
       29244   4.6691396628395685        1006.0620331524933     
   31.372936871791136       -26.703797208951567     
        0    24348   0.227E+02   0.102E+05   0.839E+02   0.515E+05
  OPTIMIZATION STUFF
       24348   3.2245437704505862        2067.7931170151219     
   45.358521079148623       -42.133977308698036     
        0    28261  -0.162E+02   0.100E+05  -0.765E+02   0.509E+05
  OPTIMIZATION STUFF
       28261   1.1456240598184153        2750.8397886471857     
   52.435935522890702       -51.290311463072285     
        0    30584   0.283E+02   0.105E+05   0.131E+03   0.523E+05
  OPTIMIZATION STUFF
       30584  -1.8032667536087734        3056.3321174362313     
   55.254686194489970       -57.057952948098745     
        0    25532   0.541E+01   0.213E+05  -0.587E+01   0.973E+05
  OPTIMIZATION STUFF
       25532  -5.1218345451493210        5529.6999569808677     
   74.185354133231598       -79.307188678380925     
        0    22667  -0.107E+02   0.163E+05  -0.799E+01   0.508E+05
  OPTIMIZATION STUFF
       22667  -10.692450112191981        6021.7910979373182     
   76.860019571527587       -87.552469683719565     
        0    22386  -0.817E+01   0.183E+05  -0.743E+02   0.841E+05
  OPTIMIZATION STUFF
       22386  -7.4701933697789453        4527.8549604130649     
   66.873396589609342       -74.343589959388282     
        0    31199   0.422E+02   0.363E+05   0.171E+03   0.117E+06
  OPTIMIZATION STUFF
       31199  -16.947401100575309        9013.5503257822002     
   93.414859212645709       -110.36226031322101     
        0    31665  -0.210E+02   0.122E+05  -0.721E+02   0.652E+05
  OPTIMIZATION STUFF
       31665  -15.168022180559900        6284.1938689969165     
   77.808257737382604       -92.976279917942506     
        0    28820   0.447E+02   0.222E+05   0.176E+03   0.104E+06
  OPTIMIZATION STUFF
       28820  -15.660557816078335        7096.6230939399875     
   82.773002983033393       -98.433560799111731     
        0    27115  -0.176E+02   0.211E+05  -0.546E+02   0.887E+05
  OPTIMIZATION STUFF
       27115  -17.423715333842569        7873.0363020692002     
   87.002588731798198       -104.42630406564076     
        0    22867   0.124E+02   0.648E+05   0.472E+02   0.149E+06
  OPTIMIZATION STUFF
       22867  -29.019673195174594        14800.445826901974     
   118.14526818517633       -147.16494138035094     
        0    25859  -0.432E+01   0.241E+05  -0.227E+02   0.105E+06
  OPTIMIZATION STUFF
       25859  -26.627473089957508        12729.321585658879     
   109.63712538416205       -136.26459847411957     
        0    22962   0.116E+02   0.242E+05   0.106E+03   0.103E+06
  OPTIMIZATION STUFF
       22962  -22.593663586428271        9513.9486046565344     
   94.886642739638759       -117.48030632606702     
        0    30139  -0.180E+02   0.288E+05  -0.859E+02   0.194E+06
  OPTIMIZATION STUFF
       30139  -27.337930583853325        11047.859921804205     
   101.49136649585827       -128.82929707971161     
        0    30382   0.425E+02   0.178E+05   0.167E+03   0.114E+06
  OPTIMIZATION STUFF
       30382  -29.094698392363924        12081.337010405647     
   105.99450710231650       -135.08920549468041     
        0    30971  -0.305E+02   0.293E+05  -0.140E+03   0.153E+06
  OPTIMIZATION STUFF
       30971  -41.795712038341406        15707.117875181950     
   118.15344400562344       -159.94915604396485     
        0    30994   0.293E+02   0.223E+05   0.760E+02   0.104E+06
  OPTIMIZATION STUFF
       30994  -27.653115621188572        10343.319910911763     
   97.870450634259058       -125.52356625544763     
        0    31243  -0.468E+02   0.243E+05  -0.120E+03   0.111E+06
  OPTIMIZATION STUFF
       31243  -30.684040517955662        11897.644251719599     
   104.67155253081926       -135.35559304877492     
        0    30661   0.238E+02   0.368E+05   0.135E+03   0.160E+06
  OPTIMIZATION STUFF
       30661  -36.758205399188505        15447.286311109603     
   118.72708472349800       -155.48529012268651     
        0    30491   0.261E+02   0.209E+05   0.933E+02   0.107E+06
  OPTIMIZATION STUFF
       30491  -37.416650772509819        14059.060968395077     
   112.51246692417297       -149.92911769668279     
        0    30499   0.590E+02   0.348E+05   0.230E+03   0.144E+06
  OPTIMIZATION STUFF
       30499  -45.673312181672358        18434.417899242326     
   127.86073069397744       -173.53404287564979     
        0    31427  -0.412E+02   0.227E+05  -0.129E+03   0.104E+06
  OPTIMIZATION STUFF
       31427  -40.167021864794549        14450.659805100235     
   113.30167765577592       -153.46869952057045     
        0    31535  -0.314E+02   0.286E+05  -0.131E+03   0.133E+06
  OPTIMIZATION STUFF
       31535  -45.648304072126869        19173.390551481742     
   130.72728440084873       -176.37558847297561     
        0    26105   0.272E+02   0.679E+05   0.157E+03   0.333E+06
  OPTIMIZATION STUFF
       26105  -66.729673823453254        30086.771513157993     
   160.10597160809940       -226.83564543155265     
        0    23423  -0.530E+02   0.362E+05  -0.220E+03   0.174E+06
  OPTIMIZATION STUFF
       23423  -80.668889703121152        31031.175107015184     
   156.60046405129475       -237.26935375441590     
        0    22834   0.937E+02   0.508E+05   0.473E+03   0.260E+06
  OPTIMIZATION STUFF
       22834  -37.779679341583673        13567.115035207849     
   110.18080987202339       -147.96048921360705     
        0    22383  -0.159E+02   0.286E+05  -0.157E+03   0.145E+06
  OPTIMIZATION STUFF
       22383  -45.424281355073802        17191.684841059450     
   122.99723372675723       -168.42151508183105     
        0    22920  -0.363E+02   0.146E+09  -0.766E+02   0.735E+09
  OPTIMIZATION STUFF
       22920  -14069.869891939919        17229422860.157612     
   130504.64214495014       -144574.51203689005     
        0    22909  -0.420E+02   0.336E+05  -0.316E+03   0.335E+06
  OPTIMIZATION STUFF
       22909  -70.838743055125647        29388.653714784938     
   156.11062166667207       -226.94936472179774     
        0    29723   0.239E+02   0.213E+05   0.140E+03   0.110E+06
  OPTIMIZATION STUFF
       29723  -59.076992623658882        22301.825721951147     
   137.15587725101429       -196.23286987467316     
        0    28021  -0.231E+00   0.315E+05   0.200E+02   0.178E+06
  OPTIMIZATION STUFF
       28021  -57.916063981141754        22968.142174368819     
   140.04953304920767       -197.96559703034941     
        0    28090   0.537E+02   0.396E+05   0.355E+03   0.195E+06
  OPTIMIZATION STUFF
       28090  -59.785715194977421        24631.169084086923     
   145.10974241143140       -204.89545760640883     
        0    26839  -0.107E+03   0.233E+05  -0.611E+03   0.138E+06
  OPTIMIZATION STUFF
       26839  -55.930432226709357        20682.098153448187     
   132.49107481027414       -188.42150703698348     
        0    31006   0.453E+02   0.581E+05   0.236E+03   0.326E+06
  OPTIMIZATION STUFF
       31006  -77.918479614509351        36367.956008428693     
   174.05937648685287       -251.97785610136222     
        0    30382   0.364E+02   0.748E+05   0.211E+03   0.399E+06
  OPTIMIZATION STUFF
       30382  -109.02747971506724        51906.733839289394     
   200.04935017707504       -309.07682989214231     
        0    25345   0.377E+02   0.629E+05   0.232E+03   0.353E+06
  OPTIMIZATION STUFF
       25345  -87.021630616717090        36548.605810075896     
   170.22291741972802       -257.24454803644511     
        0    23396  -0.781E+02   0.417E+05  -0.455E+03   0.225E+06
  OPTIMIZATION STUFF
       23396  -62.384134446853459        26285.060840193371     
   149.64384587917502       -212.02798032602848     
        0    22652   0.775E+02   0.339E+05   0.452E+03   0.158E+06
  OPTIMIZATION STUFF
       22652  -54.999482655890830        19134.699378828591     
   126.92421473624705       -181.92369739213788     
        0    24527  -0.669E+01   0.348E+05   0.507E+02   0.169E+06
  OPTIMIZATION STUFF
       24527  -70.626519614233857        29629.824149259268     
   156.97680999574271       -227.60332960997658     
        0    23242  -0.550E+02   0.565E+05  -0.352E+03   0.301E+06
  OPTIMIZATION STUFF
       23242  -79.529322320117586        35131.942437212718     
   169.72633657896338       -249.25565889908097     
        0    23164  -0.486E+01   0.527E+05  -0.563E+02   0.312E+06
  OPTIMIZATION STUFF
       23164  -85.685571478158792        36003.917664865221     
   169.29825901445815       -254.98383049261696     
        0    22925   0.528E+02   0.816E+05   0.315E+03   0.440E+06
  OPTIMIZATION STUFF
       22925  -119.17551732088637        66099.691349459288     
   227.80888354223239       -346.98440086311876     
        0    22987  -0.878E+01   0.311E+05   0.331E+02   0.175E+06
  OPTIMIZATION STUFF
       22987  -71.323977742545907        27718.933230811275     
   150.43876970313235       -221.76274744567826     
        0    23354  -0.515E+02   0.202E+05  -0.384E+03   0.133E+06
  OPTIMIZATION STUFF
       23354  -71.225377671867847        29089.122154643857     
   154.97118354759908       -226.19656121946693     
        0    23251  -0.140E+01   0.381E+05   0.111E+02   0.225E+06
  OPTIMIZATION STUFF
       23251  -83.413401899649500        34752.497086079915     
   166.71743001140422       -250.13083191105372     
        0    30090   0.118E+03   0.558E+05   0.641E+03   0.318E+06
  OPTIMIZATION STUFF
       30090  -94.671912209711067        42838.642506789249     
   184.05399084330122       -278.72590305301230     
        0    30496  -0.958E+02   0.375E+05  -0.433E+03   0.223E+06
  OPTIMIZATION STUFF
       30496  -73.617994215128391        29634.476150829199     
   155.61126912460588       -229.22926333973427     
