   2519859.1700048544     
   4959055.5072468016     
   9094392.6646232307     
   11689685.205626313     
   9069335.3396167755     
   13934449.115343198     
   13922581.509662166     
   13499834.813877052     
   11653358.729462674     
   18304714.674317896     
   15354739.993079077     
   21701249.399933700     
   19743317.584791087     
   21107862.865526725     
   20407617.573990017     
   23100787.201349415     
   19969360.005354520     
   26332928.252014324     
   21061806.419693522     
   24326283.830468930     
   19104004.587021884     
   23961722.214949634     
   27603268.411235429     
   36427085.115027867     
   31081343.339856349     
   25975572.601971313     
   30790922.259276856     
   24405590.893524334     
   37357342.220473163     
   33478014.095582731     
   30891765.750107117     
   22692578.935528643     
   27556578.486871626     
   28109760.264372267     
   39577125.400143832     
   20282030.481426030     
   28999096.381141946     
   36509154.301586635     
   43339355.854674593     
   30855542.893510222     
   42838402.488141999     
   43916483.136144452     
   34446159.566497982     
   33029923.929441065     
   41456347.223456293     
   42016891.635935724     
   31836517.102597483     
   32063201.298125464     
   54915961.693062611     
   38785799.954419330     
