 tried moves    experiment_1   _                                                                                                                                                                                                                                                                                                                                                                                                                                                                                                
        0    20107   0.357E+02   0.717E+04
  OPTIMIZATION STUFF
       20107  -37.962778496867891        10992.003962322704     
   97.728355205234308       -135.69113370210221     
        0    22566   0.937E+02   0.134E+05
  OPTIMIZATION STUFF
       22566  -131.65677532548463        55628.991983336738     
   195.69232354446507       -327.34909886994967     
        0    22072  -0.122E+03   0.193E+05
  OPTIMIZATION STUFF
       22072  -121.42763335973818        69869.127391155736     
   234.78598179578086       -356.21361515551905     
        0    22553  -0.127E+01   0.602E+03
  OPTIMIZATION STUFF
       22553  -17.099735496180813        544.26368182468821     
   15.870183609062062       -32.969919105242873     
        0    22730  -0.146E+01   0.396E+03
  OPTIMIZATION STUFF
       22730  -12.179630162160615        259.39025909288398     
   10.537877784728353       -22.717507946888968     
        0    22532  -0.617E+00   0.437E+03
  OPTIMIZATION STUFF
       22532  -11.547999762786398        229.87749303783801     
   9.8245200654547649       -21.372519828241163     
        0    22550  -0.559E+00   0.166E+03
  OPTIMIZATION STUFF
       22550  -10.166646784983534        172.03868704021181     
   8.2872178799399130       -18.453864664923447     
        0    22462  -0.304E+00   0.261E+03
  OPTIMIZATION STUFF
       22462  -9.8166594144471393        160.88792065301544     
   8.0325038807187497       -17.849163295165887     
        0    22253   0.477E+00   0.105E+03
  OPTIMIZATION STUFF
       22253  -9.0197723009648261        133.81231156387761     
   7.2426527738547080       -16.262425074819532     
        0    22250  -0.915E+00   0.154E+03
  OPTIMIZATION STUFF
       22250  -8.9716475402828593        131.88231950276608     
   7.1688116111181630       -16.140459151401021     
        0    22517   0.376E+00   0.161E+03
  OPTIMIZATION STUFF
       22517  -8.5688808467624984        120.83404706311650     
   6.8853705853137130       -15.454251432076212     
        0    22011  -0.249E+00   0.101E+03
  OPTIMIZATION STUFF
       22011  -8.4635115385840027        116.64490209093319     
   6.7092379989972510       -15.172749537581254     
        0    22478  -0.994E-01   0.194E+03
  OPTIMIZATION STUFF
       22478  -8.3769677792617969        115.53677651583352     
   6.7352199177935681       -15.112187697055365     
        0    22491   0.300E+00   0.514E+03
  OPTIMIZATION STUFF
       22491  -9.0978147585967424        148.29288292631830     
   8.0946062007102988       -17.192420959307043     
        0    22411  -0.201E+00   0.104E+03
  OPTIMIZATION STUFF
       22411  -8.1460761702060474        109.17307457249609     
   6.5432803395313321       -14.689356509737379     
        0    19574   0.132E+00   0.949E+02
  OPTIMIZATION STUFF
       19574  -8.0126957713127549        105.20596960357167     
   6.4033332007602395       -14.416028972072993     
        0    22150   0.148E+00   0.127E+03
  OPTIMIZATION STUFF
       22150  -7.8340133415982569        99.256329643061875     
   6.1550438346710727       -13.989057176269331     
        0    19222  -0.552E+00   0.132E+03
  OPTIMIZATION STUFF
       19222  -7.6427269141286240        93.874697073173948     
   5.9551173279145315       -13.597844242043156     
        0    22455   0.146E-01   0.137E+03
  OPTIMIZATION STUFF
       22455  -7.6298841140852449        93.782227463850930     
   5.9638155462321727       -13.593699660317418     
        0    22569   0.954E-01   0.929E+02
  OPTIMIZATION STUFF
       22569  -7.2547495717658208        84.238838791203719     
   5.6220501102504734       -12.876799682016294     
        0    22111   0.303E+00   0.139E+03
  OPTIMIZATION STUFF
       22111  -7.2552238802249205        84.833953040867769     
   5.6741236758359275       -12.929347556060847     
        0    22331   0.515E-01   0.142E+03
  OPTIMIZATION STUFF
       22331  -7.7753696767063643        99.721764827282271     
   6.2662102755842337       -14.041579952290597     
        0    22381  -0.345E+00   0.110E+03
  OPTIMIZATION STUFF
       22381  -7.4279272328314985        87.890048133855487     
   5.7197854118503155       -13.147712644681814     
        0    22064   0.534E-01   0.950E+02
  OPTIMIZATION STUFF
       22064  -7.6920618911821235        95.244682602339267     
   6.0064021231152145       -13.698464014297338     
        0    22032  -0.594E-01   0.104E+03
  OPTIMIZATION STUFF
       22032  -7.2388382122382477        83.452068199619333     
   5.5723683956338261       -12.811206607872073     
        0    22330   0.181E+00   0.703E+02
  OPTIMIZATION STUFF
       22330  -7.3076244536705097        85.237095047757620     
   5.6423151180942037       -12.949939571764713     
        0    22380  -0.166E+00   0.667E+02
  OPTIMIZATION STUFF
       22380  -7.2538401787114779        83.308302701136213     
   5.5398651033077737       -12.793705282019252     
        0    22274   0.965E-01   0.110E+03
  OPTIMIZATION STUFF
       22274  -7.3517394866018027        86.013389841078251     
   5.6537877889268282       -13.005527275528632     
        0    22518  -0.894E-01   0.116E+03
  OPTIMIZATION STUFF
       22518  -7.3436097486714171        85.853824387243378     
   5.6502407246471815       -12.993850473318599     
        0    22468   0.144E-01   0.145E+03
  OPTIMIZATION STUFF
       22468  -7.1245313635157883        80.364565492752462     
   5.4411045149888757       -12.565635878504665     
        0    22386   0.103E+00   0.102E+03
  OPTIMIZATION STUFF
       22386  -7.3626796346630288        86.217415040207783     
   5.6575934492968010       -13.020273083959829     
        0    22204  -0.130E-01   0.183E+03
  OPTIMIZATION STUFF
       22204  -7.5348284209213112        90.702266513413434     
   5.8248285108396018       -13.359656931760913     
        0    22496   0.265E+00   0.133E+03
  OPTIMIZATION STUFF
       22496  -7.3362249811952527        85.384365487545580     
   5.6181997572916806       -12.954424738486933     
        0    22311  -0.770E-01   0.125E+03
  OPTIMIZATION STUFF
       22311  -7.2217595450936720        82.392505236696181     
   5.4989721139086187       -12.720731659002290     
        0    22449  -0.324E+00   0.106E+03
  OPTIMIZATION STUFF
       22449  -7.3422242222401044        85.474621707128932     
   5.6183952493109297       -12.960619471551034     
        0    22514   0.266E+00   0.929E+02
  OPTIMIZATION STUFF
       22514  -7.1830463359790224        81.455059023454425     
   5.4643301838956218       -12.647376519874644     
        0    22472  -0.118E+00   0.130E+03
  OPTIMIZATION STUFF
       22472  -7.6000141743565388        92.533431227362414     
   5.8968818690000999       -13.496896043356639     
        0    22471   0.772E-01   0.118E+03
  OPTIMIZATION STUFF
       22471  -7.4246611247445333        86.947569789853574     
   5.6410971426275598       -13.065758267372093     
        0    22350   0.588E-01   0.112E+03
  OPTIMIZATION STUFF
       22350  -7.3118521894257107        83.667048170767814     
   5.4958043752264558       -12.807656564652167     
        0    22526   0.905E-01   0.100E+03
  OPTIMIZATION STUFF
       22526  -7.1799415735093826        80.914794249129585     
   5.4187852190432126       -12.598726792552595     
        0    22451  -0.103E+00   0.103E+03
  OPTIMIZATION STUFF
       22451  -7.1638270577041654        80.013671895576707     
   5.3566084216491303       -12.520435479353296     
        0    22585  -0.444E-01   0.118E+03
  OPTIMIZATION STUFF
       22585  -7.3515289815207687        85.175657563538294     
   5.5794873597310444       -12.931016341251812     
        0    22515   0.977E-01   0.543E+02
  OPTIMIZATION STUFF
       22515  -7.2817670861376502        83.083308063044115     
   5.4826249339423638       -12.764392020080013     
        0    22509   0.494E-01   0.153E+03
  OPTIMIZATION STUFF
       22509  -7.3094264492182832        84.060540389948713     
   5.5346928888075544       -12.844119338025838     
        0    22470   0.561E-01   0.150E+03
  OPTIMIZATION STUFF
       22470  -7.4216625571635459        86.641688190987750     
   5.6178833272491877       -13.039545884412734     
        0    22404   0.117E+00   0.129E+03
  OPTIMIZATION STUFF
       22404  -7.1969136120797916        81.092545379370804     
   5.4126684583143838       -12.609582070394175     
        0    22465   0.635E-01   0.788E+02
  OPTIMIZATION STUFF
       22465  -7.4063665329116350        86.374978219095098     
   5.6143310375557283       -13.020697570467362     
        0    22533  -0.639E+00   0.129E+03
  OPTIMIZATION STUFF
       22533  -7.2085656479120246        81.119268576121343     
   5.3996157155731028       -12.608181363485127     
        0    22631   0.370E+00   0.134E+03
  OPTIMIZATION STUFF
       22631  -7.3147767151642924        84.146168006363695     
   5.5353599353297689       -12.850136650494061     
        0    22287   0.325E+00   0.106E+03
  OPTIMIZATION STUFF
       22287  -7.4679359742283395        87.706446196531274     
   5.6512280507299906       -13.119164024958330     
        0    22412  -0.340E+00   0.120E+03
  OPTIMIZATION STUFF
       22412  -7.1411498411619059        79.260296819856563     
   5.3164156878417481       -12.457565529003654     
        0    22442   0.245E-01   0.997E+02
  OPTIMIZATION STUFF
       22442  -7.2441610591855010        82.156270933171228     
   5.4477886781474583       -12.691949737332958     
        0    22445   0.152E+00   0.134E+03
  OPTIMIZATION STUFF
       22445  -7.2895802328225949        83.053618001930204     
   5.4695189944978058       -12.759099227320402     
        0    22619  -0.233E+00   0.140E+03
  OPTIMIZATION STUFF
       22619  -7.3348445552627988        84.148836825999496     
   5.5089828622106980       -12.843827417473497     
        0    22626  -0.840E-01   0.140E+03
  OPTIMIZATION STUFF
       22626  -7.3458139068378854        84.411443353643719     
   5.5181936718233118       -12.864007578661198     
        0    22644   0.385E+00   0.158E+03
  OPTIMIZATION STUFF
       22644  -7.5090852982360410        88.855709891487109     
   5.6981881221404453       -13.207273420376486     
        0    22692   0.431E-02   0.984E+02
  OPTIMIZATION STUFF
       22692  -7.2999426078239980        83.254538312247490     
   5.4740639596850951       -12.774006567509094     
        0    22674  -0.268E+00   0.154E+03
  OPTIMIZATION STUFF
       22674  -7.3385478981322994        84.242828798184107     
   5.5125804796848197       -12.851128377817119     
        0    22638  -0.239E+00   0.182E+03
  OPTIMIZATION STUFF
       22638  -7.4928524717738618        88.036393734292147     
   5.6474379651771720       -13.140290436951034     
        0    22604   0.747E-01   0.121E+03
  OPTIMIZATION STUFF
       22604  -7.2655500266501400        82.311001535193569     
   5.4334873097705607       -12.699037336420702     
        0    22485   0.438E+00   0.992E+02
  OPTIMIZATION STUFF
       22485  -7.1311722497581300        78.942862068757819     
   5.2999287177317198       -12.431100967489851     
        0    21909  -0.121E+00   0.152E+03
  OPTIMIZATION STUFF
       21909  -7.6662441638783365        92.294367759553140     
   5.7899108956316834       -13.456155059510021     
        0    22096  -0.144E+00   0.125E+03
  OPTIMIZATION STUFF
       22096  -7.2795598362025489        82.443591421087646     
   5.4269328365324707       -12.706492672735020     
        0    22552   0.545E-01   0.847E+02
  OPTIMIZATION STUFF
       22552  -7.1527799802218546        79.274357372965980     
   5.3020841116964021       -12.454864091918257     
        0    22252   0.137E+00   0.920E+02
  OPTIMIZATION STUFF
       22252  -7.3810695335743635        85.107103055647741     
   5.5341589782177447       -12.915228511792108     
        0    22540  -0.977E-01   0.137E+03
  OPTIMIZATION STUFF
       22540  -7.3174431369962081        84.109902932631030     
   5.5285557670569014       -12.845998904053110     
        0    22431   0.937E-01   0.134E+03
  OPTIMIZATION STUFF
       22431  -7.4642651500524702        86.881383940740193     
   5.5826633169529725       -13.046928467005444     
        0    22664   0.638E-02   0.113E+03
  OPTIMIZATION STUFF
       22664  -7.2340107685589814        81.450137787053194     
   5.3962233077797928       -12.630234076338773     
        0    22764  -0.940E-01   0.151E+03
  OPTIMIZATION STUFF
       22764  -7.6941627288479708        93.093544253888339     
   5.8218042010956603       -13.515966929943630     
        0    22568  -0.121E+00   0.103E+03
  OPTIMIZATION STUFF
       22568  -7.1708551176373705        80.275240278917778     
   5.3715991250996860       -12.542454242737056     
        0    22820  -0.325E+00   0.183E+03
  OPTIMIZATION STUFF
       22820  -7.5388608317534445        89.262693342617709     
   5.6945825748751302       -13.233443406628574     
        0    22722   0.395E+00   0.223E+03
  OPTIMIZATION STUFF
       22722  -7.5771587300474694        91.035861971487265     
   5.7984935587747861       -13.375652288822256     
        0    22786  -0.576E-01   0.177E+03
  OPTIMIZATION STUFF
       22786  -7.4035048445746403        86.452947580134079     
   5.6250389862199093       -13.028543830794550     
        0    22749  -0.633E-01   0.124E+03
  OPTIMIZATION STUFF
       22749  -7.6076925652086986        91.131008163247330     
   5.7666300381172038       -13.374322603325902     
        0    22798   0.409E+00   0.164E+03
  OPTIMIZATION STUFF
       22798  -7.5835591426924864        91.195051839725693     
   5.8038506673596366       -13.387409810052123     
        0    22805  -0.200E+00   0.106E+03
  OPTIMIZATION STUFF
       22805  -7.5384425136941733        88.955889840069574     
   5.6681367580359110       -13.206579271730085     
        0    22792   0.437E-01   0.138E+03
  OPTIMIZATION STUFF
       22792  -7.3467330880557133        84.445878784701804     
   5.5200898287590547       -12.866822916814769     
        0    22793  -0.166E+00   0.147E+03
  OPTIMIZATION STUFF
       22793  -7.4399930774241492        86.836430873654066     
   5.6109655035060415       -13.050958580930191     
        0    22769  -0.199E-01   0.555E+02
  OPTIMIZATION STUFF
       22769  -7.3770746915417327        84.924084921756759     
   5.5229388840698945       -12.900013575611627     
        0    22739  -0.628E-01   0.128E+03
  OPTIMIZATION STUFF
       22739  -7.4600767304599600        86.952581800455405     
   5.5946257226114096       -13.054702453071370     
        0    22771   0.312E+00   0.806E+02
  OPTIMIZATION STUFF
       22771  -7.4458195624971477        86.558964407406719     
   5.5784169304688493       -13.024236492965997     
        0    22761  -0.300E+00   0.102E+03
  OPTIMIZATION STUFF
       22761  -7.5065889310598193        87.669356900014378     
   5.5964702733155454       -13.103059204375365     
        0    22713   0.140E+00   0.108E+03
  OPTIMIZATION STUFF
       22713  -7.5733748455550707        89.795321025035506     
   5.6955521658351280       -13.268927011390199     
        0    22742   0.368E+00   0.155E+03
  OPTIMIZATION STUFF
       22742  -7.4584460943944428        87.490225678949045     
   5.6446264301511864       -13.103072524545629     
        0    22774  -0.299E+00   0.111E+03
  OPTIMIZATION STUFF
       22774  -7.3825466863228426        85.306328878999238     
   5.5501651599986506       -12.932711846321492     
        0    22798   0.130E+00   0.131E+03
  OPTIMIZATION STUFF
       22798  -7.4715496479088843        87.261878896347540     
   5.6069443331622413       -13.078493981071126     
        0    22693  -0.295E+00   0.147E+03
  OPTIMIZATION STUFF
       22693  -7.6740429495496816        92.382633343874105     
   5.7872012365513026       -13.461244186100984     
        0    22615   0.170E+00   0.200E+03
  OPTIMIZATION STUFF
       22615  -7.5223529680856815        89.206878623889139     
   5.7114870609519617       -13.233840029037644     
        0    22572  -0.139E+00   0.155E+03
  OPTIMIZATION STUFF
       22572  -7.6311954741105037        91.756514746286769     
   5.7897642769116375       -13.420959751022142     
        0    19585  -0.107E+00   0.128E+03
  OPTIMIZATION STUFF
       19585  -7.4734822187749836        87.813806458031067     
   5.6533945540431914       -13.126876772818175     
        0    22615   0.167E+00   0.107E+03
  OPTIMIZATION STUFF
       22615  -7.5122189879112486        88.598518006571794     
   5.6714269707224023       -13.183645958633651     
        0    22608   0.850E-01   0.981E+02
  OPTIMIZATION STUFF
       22608  -7.4117745490407261        85.986768288238082     
   5.5724650131185411       -12.984239562159267     
        0    20350   0.395E+00   0.871E+02
  OPTIMIZATION STUFF
       20350  -7.6468239178188089        92.641713699324598     
   5.8453227172842048       -13.492146635103014     
        0    21103  -0.288E+00   0.148E+03
  OPTIMIZATION STUFF
       21103  -7.5517959740214131        89.984418025518636     
   5.7406267595335452       -13.292422733554957     
        0    22691  -0.299E+00   0.204E+03
  OPTIMIZATION STUFF
       22691  -7.6821861515130312        93.185096960764682     
   5.8454352185501195       -13.527621370063152     
        0    22511   0.157E+00   0.227E+03
  OPTIMIZATION STUFF
       22511  -7.5199839747505068        89.775570704871981     
   5.7641488291305896       -13.284132803881096     
        0    22293   0.465E-01   0.131E+03
  OPTIMIZATION STUFF
       22293  -7.6234791413747329        91.698646377908020     
   5.7949298666103273       -13.418409007985060     
        0    22401   0.146E+00   0.978E+02
  OPTIMIZATION STUFF
       22401  -7.4440751961443841        87.064445855566461     
   5.6258501872796449       -13.069925383424028     
        0    22502   0.606E-01   0.175E+03
  OPTIMIZATION STUFF
       22502  -7.7693563078368655        95.324867526391458     
   5.9128647953650155       -13.682221103201881     
        0    22146   0.278E+00   0.211E+03
  OPTIMIZATION STUFF
       22146  -7.6608323128695099        92.475400211556575     
   5.8126627706801441       -13.473495083549654     
        0    18752   0.510E-01   0.188E+03
  OPTIMIZATION STUFF
       18752  -8.2031395301462258        106.83199664347592     
   6.2881236066435804       -14.491263136789806     
        0    22597  -0.478E+00   0.215E+03
  OPTIMIZATION STUFF
       22597  -7.7671698958064770        96.040966551797467     
   5.9759550166877151       -13.743124912494192     
        0    19275  -0.308E+00   0.542E+08
  OPTIMIZATION STUFF
       19275  -75761.168301942758        86901304849.434860     
   284888.66286140552       -360649.83116334828     
        0    19206   0.896E-01   0.284E+03
  OPTIMIZATION STUFF
       19206  -7.4124404175457714        87.303832807508613     
   5.6885463752915371       -13.100986792837308     
        0    22736  -0.377E-01   0.112E+03
  OPTIMIZATION STUFF
       22736  -7.5111013116887726        88.001387341466952     
   5.6200306428892493       -13.131131954578022     
        0    22885  -0.596E-01   0.151E+03
  OPTIMIZATION STUFF
       22885  -7.6445030604204032        91.285269607590891     
   5.7312164997331925       -13.375719560153595     
        0    22734   0.622E+00   0.148E+03
  OPTIMIZATION STUFF
       22734  -7.6140926484650961        91.405492292251523     
   5.7819620746630029       -13.396054723128099     
        0    19209  -0.111E+00   0.176E+03
  OPTIMIZATION STUFF
       19209  -7.4377854353356909        86.581027905680500     
   5.5910978996605634       -13.028883334996255     
        0    19467  -0.450E+00   0.998E+02
  OPTIMIZATION STUFF
       19467  -7.5220042778461202        88.729718491029629     
   5.6700238213868461       -13.192028099232967     
        0    19017  -0.826E-01   0.131E+03
  OPTIMIZATION STUFF
       19017  -7.7616170211324746        94.761163245273849     
   5.8752416514166033       -13.636858672549078     
        0    22626   0.204E+00   0.144E+03
  OPTIMIZATION STUFF
       22626  -7.3807583465264690        85.800070992113532     
   5.5968274247374641       -12.977585771263932     
        0    19341  -0.218E+00   0.175E+03
  OPTIMIZATION STUFF
       19341  -7.6747385467317715        92.604789687036032     
   5.8054438182059371       -13.480182364937708     
        0    22356  -0.179E+00   0.206E+03
  OPTIMIZATION STUFF
       22356  -7.7487553527115383        95.379843929288811     
   5.9444624999332865       -13.693217852644825     
        0    22804   0.175E+00   0.131E+03
  OPTIMIZATION STUFF
       22804  -7.3450580863060262        84.253813100028793     
   5.5049009808369167       -12.849959067142944     
        0    22806   0.181E+00   0.829E+02
  OPTIMIZATION STUFF
       22806  -7.3761387658358641        85.158787006101136     
   5.5453912317558363       -12.921529997591701     
        0    22836   0.400E-01   0.565E+02
  OPTIMIZATION STUFF
       22836  -7.4492972259660153        87.134747408262484     
   5.6251860633651498       -13.074483289331166     
        0    22764  -0.189E+00   0.189E+03
  OPTIMIZATION STUFF
       22764  -7.9078150859086147        99.523613269843992     
   6.0819465499887553       -13.989761635897370     
        0    22756   0.151E+00   0.175E+03
  OPTIMIZATION STUFF
       22756  -7.6190005793748323        91.434240292556325     
   5.7779815216078960       -13.396982100982729     
        0    22837   0.228E+00   0.178E+03
  OPTIMIZATION STUFF
       22837  -7.7288429267007350        94.040107399391147     
   5.8570550973829132       -13.585898024083647     
        0    22926  -0.343E+00   0.192E+03
  OPTIMIZATION STUFF
       22926  -7.6773985918429108        93.649500585231877     
   5.8912690863005368       -13.568667678143449     
        0    22844   0.390E+00   0.931E+02
  OPTIMIZATION STUFF
       22844  -7.5389474831908903        89.260694934940190     
   5.6942923862961177       -13.233239869487008     
        0    22811  -0.215E+00   0.183E+03
  OPTIMIZATION STUFF
       22811  -7.7808558002640602        95.851775209285847     
   5.9422267059397003       -13.723082506203760     
        0    22842  -0.210E+00   0.973E+02
  OPTIMIZATION STUFF
       22842  -7.4554043361539595        86.889126617186747     
   5.5951829998350799       -13.050587335989039     
        0    22935  -0.239E+00   0.998E+02
  OPTIMIZATION STUFF
       22935  -7.5077204018688972        87.906536623531764     
   5.6161081712243837       -13.123828573093281     
        0    22895   0.356E+00   0.141E+03
  OPTIMIZATION STUFF
       22895  -7.4933623209706424        88.413811192515126     
   5.6800820697567911       -13.173444390727433     
        0    22908   0.208E+00   0.107E+03
  OPTIMIZATION STUFF
       22908  -7.5297512709311718        89.301515877183974     
   5.7100229137100991       -13.239774184641270     
        0    22899  -0.367E+00   0.173E+03
  OPTIMIZATION STUFF
       22899  -7.5795501633256794        90.155112083994453     
   5.7188750122400931       -13.298425175565772     
        0    22481   0.413E+00   0.984E+02
  OPTIMIZATION STUFF
       22481  -7.6198708175778318        91.709143214686208     
   5.8005785864956572       -13.420449404073489     
        0    22783  -0.184E+00   0.116E+03
  OPTIMIZATION STUFF
       22783  -7.7159428506577790        93.479912850543130     
   5.8261598652908795       -13.542102715948658     
        0    22737  -0.808E-01   0.117E+03
  OPTIMIZATION STUFF
       22737  -7.4535466355762736        86.883439968682850     
   5.5971494995195954       -13.050696135095869     
        0    21896   0.426E+00   0.128E+03
  OPTIMIZATION STUFF
       21896  -7.5362363464262812        89.231594215565991     
   5.6953257980882395       -13.231562144514520     
        0    12872  -0.752E+00   0.927E+02
  OPTIMIZATION STUFF
       12872  -7.8053713555786608        95.447921031018254     
   5.8757211499977089       -13.681092505576370     
        0    12592   0.243E-01   0.506E+02
  OPTIMIZATION STUFF
       12592  -7.6415465752608931        91.457533241036614     
   5.7501564482329632       -13.391703023493857     
        0    11724  -0.179E+00   0.174E+03
  OPTIMIZATION STUFF
       11724  -7.3278231162895144        84.603883628019034     
   5.5593967302569860       -12.887219846546500     
        0     9964   0.417E+00   0.110E+03
  OPTIMIZATION STUFF
        9964  -7.6195653212315797        91.433731749185810     
   5.7771927494823041       -13.396758070713883     
        0     8501  -0.154E-01   0.874E+02
  OPTIMIZATION STUFF
        8501  -7.6770161641042423        93.279315555671531     
   5.8602677730419215       -13.537283937146164     
        0    10088  -0.894E-01   0.814E+02
  OPTIMIZATION STUFF
       10088  -7.7396599842632838        94.350612312337717     
   5.8692653407672228       -13.608925325030507     
        0    11367   0.353E+00   0.137E+03
  OPTIMIZATION STUFF
       11367  -7.6076847053437184        90.511542556732024     
   5.7126767789549664       -13.320361484298685     
        0    10636  -0.397E+00   0.172E+03
  OPTIMIZATION STUFF
       10636  -7.8752603651260298        97.734918371523364     
   5.9762189177604927       -13.851479282886523     
        0    11739  -0.112E+00   0.108E+03
  OPTIMIZATION STUFF
       11739  -7.5472509831465553        89.086586561308977     
   5.6679439974917125       -13.215194980638268     
        0    10118  -0.257E+00   0.441E+02
  OPTIMIZATION STUFF
       10118  -7.4188544888122516        85.192060053567857     
   5.4911436083386276       -12.909998097150879     
        0     9793   0.111E+01   0.204E+03
  OPTIMIZATION STUFF
        9793  -7.2903690274627504        83.428339782700121     
   5.5026229405722464       -12.792991968034997     
        0    13208  -0.337E+00   0.151E+03
  OPTIMIZATION STUFF
       13208  -8.1494707096916432        105.84220557473225     
   6.2791984143368360       -14.428669124028479     
        0    12522  -0.816E-01   0.171E+03
  OPTIMIZATION STUFF
       12522  -7.6872780396479898        92.846724080961309     
   5.8096884961335986       -13.496966535781588     
        0    12538  -0.669E+00   0.165E+03
  OPTIMIZATION STUFF
       12538  -7.5059187630693618        88.079045139663265     
   5.6338467020204384       -13.139765465089800     
        0    12406   0.487E+00   0.103E+03
  OPTIMIZATION STUFF
       12406  -7.5085909072611434        88.408555762539578     
   5.6594715610147608       -13.168062468275904     
        0    12563  -0.101E+00   0.881E+02
  OPTIMIZATION STUFF
       12563  -7.5122901686201926        88.859436654777923     
   5.6942895147006993       -13.206579683320893     
        0    13009   0.282E+00   0.111E+03
  OPTIMIZATION STUFF
       13009  -7.7257652634430372        94.646856690526477     
   5.9126481194726459       -13.638413382915683     
        0    12006  -0.516E+00   0.139E+03
  OPTIMIZATION STUFF
       12006  -7.6962995981991762        93.728332745070063     
   5.8732704041129642       -13.569570002312140     
        0     9040   0.338E+00   0.155E+03
  OPTIMIZATION STUFF
        9040  -7.7341445422357786        96.022771801104739     
   6.0171238977529171       -13.751268439988696     
        0     8900  -0.363E+00   0.299E+03
  OPTIMIZATION STUFF
        8900  -7.9416306503185581        100.03043800679845     
   6.0795510213106434       -14.021181671629201     
        0    11532   0.219E+00   0.176E+03
  OPTIMIZATION STUFF
       11532  -7.6746580475781112        93.514213101874532     
   5.8833525268012856       -13.558010574379397     
        0    13169   0.618E+00   0.163E+03
  OPTIMIZATION STUFF
       13169  -7.5215117640864193        89.040742606888145     
   5.6980350463644704       -13.219546810450890     
        0    12397  -0.513E+00   0.182E+03
  OPTIMIZATION STUFF
       12397  -7.4662238014400231        87.393989807259004     
   5.6257881184834444       -13.092011919923468     
        0    11500  -0.108E+00   0.194E+03
  OPTIMIZATION STUFF
       11500  -7.8261988337113513        97.494594061078217     
   6.0203991459282253       -13.846597979639576     
        0    10813   0.168E+00   0.132E+03
  OPTIMIZATION STUFF
       10813  -7.3296743582704638        84.181278599981198     
   5.5187999059300621       -12.848474264200526     
        0    11437  -0.169E+00   0.876E+02
  OPTIMIZATION STUFF
       11437  -8.0356404775849075        102.43302327862938     
   6.1531703530479618       -14.188810830632869     
        0    11237   0.135E+00   0.600E+02
  OPTIMIZATION STUFF
       11237  -7.4617468758024446        87.538010464883911     
   5.6444967912415693       -13.106243667044014     
        0    10505   0.230E+00   0.129E+03
  OPTIMIZATION STUFF
       10505  -7.8134914896967773        95.787864885332283     
   5.8938286050553188       -13.707320094752095     
        0    10728  -0.477E+00   0.180E+03
  OPTIMIZATION STUFF
       10728  -7.5819587255245500        91.017440921841569     
   5.7906254244497379       -13.372584149974287     
        0     9296   0.559E+00   0.162E+03
  OPTIMIZATION STUFF
        9296  -7.7931847187297647        95.982252836775857     
   5.9370468059914039       -13.730231524721169     
        0     8925  -0.289E+00   0.172E+03
  OPTIMIZATION STUFF
        8925  -7.5370241015663284        89.226700148308623     
   5.6938535141604145       -13.230877615726744     
        0    11149   0.198E+00   0.678E+02
  OPTIMIZATION STUFF
       11149  -7.6189275984057474        91.717326937819209     
   5.8025226572647206       -13.421450255670468     
        0    10422  -0.354E+00   0.711E+02
  OPTIMIZATION STUFF
       10422  -7.5630996206685728        89.901039739663432     
   5.7184406849687903       -13.281540305637364     
        0    11633   0.506E+00   0.190E+03
  OPTIMIZATION STUFF
       11633  -7.4660081651700034        87.631945960310787     
   5.6471823096058822       -13.113190474775886     
        0    11225  -0.194E+00   0.174E+03
  OPTIMIZATION STUFF
       11225  -7.5754408175709296        90.676962053236380     
   5.7697190982505093       -13.345159915821439     
        0    12079  -0.408E+00   0.576E+02
  OPTIMIZATION STUFF
       12079  -7.6793395612924087        92.781869307205696     
   5.8146034438794718       -13.493943005171881     
        0    12157   0.132E-01   0.157E+03
  OPTIMIZATION STUFF
       12157  -7.6340298456319262        91.519790065221855     
   5.7655336597077333       -13.399563505339660     
        0     9958   0.246E+00   0.146E+03
  OPTIMIZATION STUFF
        9958  -7.8535205265654886        96.841266020130988     
   5.9298803831903317       -13.783400909755819     
        0     8900   0.353E+00   0.108E+03
  OPTIMIZATION STUFF
        8900  -7.4354365215243803        86.916503177470261     
   5.6241254352878443       -13.059561956812225     
        0    11504  -0.571E+00   0.857E+02
  OPTIMIZATION STUFF
       11504  -7.4589064946060990        87.036115143040433     
   5.6036442649193381       -13.062550759525436     
        0    10847   0.497E+00   0.816E+02
  OPTIMIZATION STUFF
       10847  -7.7141012945243306        93.473490344755604     
   5.8280469766958509       -13.542148271220181     
        0    10898  -0.395E+00   0.106E+03
  OPTIMIZATION STUFF
       10898  -7.3650034108293223        85.715470116167495     
   5.6100084558438903       -12.975011866673213     
        0    10833   0.467E+00   0.571E+02
  OPTIMIZATION STUFF
       10833  -7.9658897427179989        100.78093203305019     
   6.1094625491863326       -14.075352291904331     
        0    11098   0.166E+00   0.429E+02
  OPTIMIZATION STUFF
       11098  -7.6920008791416272        92.844360993740636     
   5.8032304339070553       -13.495231313048683     
        0    11307  -0.469E+00   0.871E+02
  OPTIMIZATION STUFF
       11307  -7.6272084115485761        90.709276703955908     
   5.7039432457518853       -13.331151657300461     
        0    10997   0.538E-01   0.432E+02
  OPTIMIZATION STUFF
       10997  -7.6341027718942422        92.088209437368917     
   5.8145235665121842       -13.448626338406427     
        0    10221   0.188E+00   0.858E+02
  OPTIMIZATION STUFF
       10221  -7.9072441907505935        98.902580011864060     
   6.0314234903300443       -13.938667681080638     
        0    11242   0.238E-01   0.193E+03
  OPTIMIZATION STUFF
       11242  -7.9510343210944150        100.89706608028469     
   6.1382505084969745       -14.089284829591389     
        0    11873   0.454E+00   0.799E+02
  OPTIMIZATION STUFF
       11873  -7.4788450740268324        87.707407322914818     
   5.6368682512206547       -13.115713325247487     
        0    11563  -0.588E+00   0.982E+02
  OPTIMIZATION STUFF
       11563  -8.2050198511213566        106.54964083220204     
   6.2631693314891717       -14.468189182610528     
        0    22335   0.363E+00   0.132E+03
  OPTIMIZATION STUFF
       22335  -7.7163081422222701        94.767535962154284     
   5.9351600329248564       -13.651468175147127     
        0    22348  -0.355E+00   0.111E+03
  OPTIMIZATION STUFF
       22348  -7.8554353022814487        97.152758351358102     
   5.9535615024142032       -13.808996804695653     
        0    21881   0.489E+00   0.124E+03
  OPTIMIZATION STUFF
       21881  -7.7948359365419257        96.106861443854925     
   5.9453674542663455       -13.740203390808272     
        0    21817  -0.735E+00   0.225E+03
  OPTIMIZATION STUFF
       21817  -7.8209488593387233        96.587775498420100     
   5.9515153060400028       -13.772464165378725     
        0    18556   0.431E+00   0.959E+02
  OPTIMIZATION STUFF
       18556  -7.5430451402042618        89.630581193040882     
   5.7212805564735021       -13.264325696677764     
        0    22385   0.259E-01   0.172E+03
  OPTIMIZATION STUFF
       22385  -7.7419852794424688        94.736861472263172     
   5.8990274965590128       -13.641012776001482     
        0    22375  -0.231E+00   0.164E+03
  OPTIMIZATION STUFF
       22375  -7.7491043164317466        94.846089166998468     
   5.8989381637763705       -13.648042480208117     
        0    22467   0.298E+00   0.772E+02
  OPTIMIZATION STUFF
       22467  -7.5666834808985763        89.706451946599245     
   5.6966440161287810       -13.263327497027358     
        0    22375  -0.279E+00   0.139E+03
  OPTIMIZATION STUFF
       22375  -7.5599836868010790        90.063245733259294     
   5.7367144245256672       -13.296698111326746     
        0    19461  -0.139E+00   0.371E+02
  OPTIMIZATION STUFF
       19461  -7.5372938502426043        89.185995882880604     
   5.6899206758948431       -13.227214526137448     
        0    16843  -0.866E-01   0.124E+03
  OPTIMIZATION STUFF
       16843  -7.5248629141491685        88.511494912199652     
   5.6469401480325727       -13.171803062181741     
        0    20965   0.528E+00   0.119E+03
  OPTIMIZATION STUFF
       20965  -7.5780719706973212        90.179542060889077     
   5.7229683965421909       -13.301040367239512     
        0    22244  -0.284E+00   0.145E+03
  OPTIMIZATION STUFF
       22244  -7.5983185635453516        90.930670306125052     
   5.7616165537986950       -13.359935117344047     
        0    22175  -0.134E+00   0.128E+03
  OPTIMIZATION STUFF
       22175  -7.8207253509051204        96.501120243317274     
   5.9445248110363922       -13.765250161941513     
        0    22359   0.713E-01   0.106E+03
  OPTIMIZATION STUFF
       22359  -7.5403628432665402        89.232171197432692     
   5.6899120721956704       -13.230274915462211     
        0    22590   0.138E+00   0.179E+03
  OPTIMIZATION STUFF
       22590  -7.6085149694916083        91.408106839948132     
   5.7895256108743691       -13.398040580365977     
        0    22340  -0.999E-01   0.149E+03
  OPTIMIZATION STUFF
       22340  -7.8665158501337320        98.828040918648753     
   6.0783196113928986       -13.944835461526630     
        0    22390   0.515E-01   0.200E+03
  OPTIMIZATION STUFF
       22390  -7.8757783564122485        99.127940392285453     
   6.0909815032516583       -13.966759859663906     
        0    22210   0.129E+00   0.149E+03
  OPTIMIZATION STUFF
       22210  -7.8440168259460936        97.867752242077714     
   6.0281964364436806       -13.872213262389774     
        0    22447  -0.139E+00   0.152E+03
  OPTIMIZATION STUFF
       22447  -7.8402728330943603        97.414440718507208     
   5.9953784385266076       -13.835651271620968     
        0    16378   0.145E+00   0.137E+03
  OPTIMIZATION STUFF
       16378  -7.8078331179963429        96.372913419894758     
   5.9506852900665370       -13.758518408062880     
        0     7972  -0.214E-01   0.176E+03
  OPTIMIZATION STUFF
        7972  -7.4580003598311793        87.638865624116946     
   5.6583651576117768       -13.116365517442956     
        0    11455  -0.300E+00   0.100E+03
  OPTIMIZATION STUFF
       11455  -7.7439410035691241        94.393691231798613     
   5.8672880417650743       -13.611229045334198     
        0    11624  -0.127E+00   0.111E+03
  OPTIMIZATION STUFF
       11624  -7.4909697785315377        88.501631494018824     
   5.6909580275333251       -13.181927806064863     
        0    12394  -0.112E+00   0.190E+03
  OPTIMIZATION STUFF
       12394  -7.8151190805311135        96.706640287884440     
   5.9691334417152184       -13.784252522246332     
        0    11958   0.543E+00   0.163E+03
  OPTIMIZATION STUFF
       11958  -7.9513824565551916        100.89409326635639     
   6.1375573558169476       -14.088939812372139     
        0     7772  -0.281E+00   0.305E+02
  OPTIMIZATION STUFF
        7772  -7.9047718194563403        99.416364178436140     
   6.0770837299452305       -13.981855549401571     
        0    11509  -0.711E-01   0.944E+02
  OPTIMIZATION STUFF
       11509  -7.5547685249407284        89.405100092920250     
   5.6859979447309987       -13.240766469671726     
        0     6821  -0.201E+00   0.527E+02
  OPTIMIZATION STUFF
        6821  -7.5736874025973755        89.650719280638384     
   5.6824271582111994       -13.256114560808575     
        0    11249   0.180E+00   0.150E+03
  OPTIMIZATION STUFF
       11249  -7.5351536622204511        89.711037607266405     
   5.7386842476296023       -13.273837909850053     
        0    10605   0.725E-01   0.124E+03
  OPTIMIZATION STUFF
       10605  -7.7960533525458757        96.572112128270959     
   5.9827806455300676       -13.778833998075942     
        0     9217  -0.997E-01   0.158E+03
  OPTIMIZATION STUFF
        9217  -7.8271339222830187        97.036906345354325     
   5.9810434631425959       -13.808177385425616     
        0     9458   0.281E+00   0.117E+03
  OPTIMIZATION STUFF
        9458  -7.5259342328203438        89.269091792754494     
   5.7122154822815778       -13.238149715101923     
        0    11927  -0.496E+00   0.147E+03
  OPTIMIZATION STUFF
       11927  -7.8309681694466198        97.419089422523456     
   6.0079136937573692       -13.838881863203989     
        0    10740   0.691E+00   0.131E+03
  OPTIMIZATION STUFF
       10740  -8.0465348849724947        102.42046550759824     
   6.1378939264636134       -14.184428811436108     
        0     9866   0.552E+00   0.226E+03
  OPTIMIZATION STUFF
        9866  -7.6000290617410178        91.845324323107477     
   5.8382259791651965       -13.438255040906213     
        0    11302  -0.865E+00   0.195E+03
  OPTIMIZATION STUFF
       11302  -7.8293016884864670        96.701365206927164     
   5.9500756530980450       -13.779377341584512     
        0    10198  -0.677E+00   0.225E+03
  OPTIMIZATION STUFF
       10198  -7.6612910424764387        92.080049726911639     
   5.7779468056898828       -13.439237848166321     
        0    12062   0.604E+00   0.137E+03
  OPTIMIZATION STUFF
       12062  -7.7314403813557613        93.677827720807883     
   5.8225988484824684       -13.554039229838230     
        0     8204  -0.108E+00   0.111E+03
  OPTIMIZATION STUFF
        8204  -8.0410878350762758        103.18621755726191     
   6.2070221512292223       -14.248109986305497     
        0    10450   0.104E+00   0.118E+03
